-1
0
0
1
0
1
0
0
1
1
1
1
0
1
-1
0
1
0
1
1
1
1
0
1
0
0
1
-1
1
0
0
0
0
1
0
0
-1
0
0
0
0
-1
0
-1
-1
-1
-1
0
-1
-1
-1
-2
-1
-2
-2
-3
-3
-3
-3
-3
-3
-3
-4
-4
-4
-4
-4
-5
-5
-5
-5
-6
-6
-6
-6
-7
-6
-7
-7
-6
-8
-7
-7
-8
-7
-8
-8
-8
-8
-8
-8
-8
-9
-8
-8
-9
-9
-9
-11
-9
-10
-9
-10
-10
-10
-10
-10
-10
-10
-10
-10
-10
-11
-11
-11
-11
-11
-12
-11
-12
-12
-13
-12
-12
-11
-12
-12
-13
-13
-12
-12
-13
-13
-14
-12
-13
-13
-14
-14
-14
-14
-15
-15
-15
-15
-15
-14
-14
-15
-14
-15
-15
-15
-16
-14
-16
-15
-15
-14
-15
-15
-15
-16
-16
-16
-16
-16
-15
-16
-16
-16
-15
-16
-16
-16
-17
-15
-17
-16
-17
-15
-16
-16
-15
-15
-16
-15
-16
-15
-15
-15
-16
-16
-15
-16
-14
-15
-13
-15
-14
-13
-14
-14
-14
-13
-13
-13
-13
-13
-13
-12
-13
-12
-13
-12
-12
-13
-12
-12
-12
-12
-12
-12
-12
-13
-13
-13
-13
-14
-12
-13
-12
-12
-12
-12
-12
-12
-12
-12
-12
-11
-11
-11
-11
-11
-11
-10
-11
-11
-10
-9
-10
-11
-9
-9
-8
-9
-9
-6
-7
-6
-7
-7
-5
-5
-5
-4
-4
-4
-4
-3
-4
-4
-3
-3
-3
-2
-3
-2
-2
-2
-2
-1
-2
-2
-2
-1
-1
-1
0
0
-1
0
0
2
1
1
1
1
2
1
1
1
1
1
1
2
1
2
2
2
2
2
2
2
1
2
2
2
2
2
2
1
3
2
1
2
1
2
1
1
1
1
1
0
1
0
1
0
-1
-1
1
-1
0
-1
-1
-1
-1
-2
-3
-2
-3
-2
-3
-4
-2
-3
-3
-3
-4
-4
-3
-3
-4
-3
-3
-4
-4
-3
-3
-3
-4
-4
-5
-4
-4
-4
-4
-5
-5
-4
-4
-4
-4
-5
-4
-4
-5
-5
-5
-5
-5
-6
-5
-5
-6
-7
-5
-7
-7
-7
-7
-8
-7
-7
-8
-9
-9
-8
-8
-10
-10
-10
-10
-11
-10
-11
-10
-11
-12
-11
-13
-12
-12
-13
-13
-13
-14
-14
-14
-15
-16
-15
-15
-16
-16
-17
-16
-16
-16
-17
-17
-17
-18
-17
-17
-18
-18
-18
-17
-17
-18
-18
-18
-18
-19
-19
-18
-19
-18
-18
-18
-19
-18
-18
-18
-18
-18
-17
-17
-17
-16
-16
-17
-17
-16
-15
-16
-16
-15
-15
-15
-15
-15
-15
-14
-15
-15
-13
-14
-13
-13
-13
-12
-13
-12
-12
-12
-12
-12
-11
-11
-11
-11
-10
-10
-10
-10
-10
-9
-8
-9
-9
-9
-9
-9
-9
-9
-9
-8
-9
-10
-8
-9
-8
-9
-10
-9
-9
-9
-9
-9
-10
-9
-9
-9
-8
-8
-10
-8
-10
-9
-9
-9
-10
-9
-9
-9
-8
-9
-8
-8
-7
-7
-6
-6
-7
-7
-5
-5
-6
-5
-6
-5
-5
-5
-4
-5
-4
-5
-4
-4
-4
-4
-4
-3
-5
-3
-3
-4
-3
-3
-2
-2
-3
-2
-2
-2
-1
0
-2
-2
-1
-2
-2
-3
-3
-2
-3
-2
-4
-2
-2
-2
-2
-3
-3
-2
-3
-2
-3
-2
-2
-3
-3
-3
-3
-2
-2
-2
-3
-2
-2
-2
-3
-3
-2
-2
-2
-3
-3
-3
-3
-3
-3
-3
-2
-3
-2
-3
-2
-2
-2
-2
-3
-3
-2
-3
-3
-3
-3
-3
-3
-3
-3
-3
-3
-3
-3
-4
-3
-3
-4
-4
-3
-4
-4
-4
-4
-4
-4
-4
-3
-4
-3
-2
-3
-3
-4
-4
-3
-3
-4
-3
-2
-3
-3
-3
-3
-2
-3
-3
-3
-3
-2
-3
-3
-4
-4
-4
-4
-3
-4
-3
-4
-4
-3
-4
-4
-4
-4
-5
-6
-5
-6
-5
-7
-6
-6
-6
-6
-7
-7
-7
-8
-8
-9
-8
-9
-10
-9
-9
-9
-9
-10
-10
-11
-10
-11
-10
-10
-11
-11
-11
-11
-11
-12
-11
-11
-11
-11
-12
-12
-12
-11
-12
-11
-12
-12
-12
-11
-10
-11
-10
-10
-10
-10
-10
-10
-10
-10
-9
-10
-10
-8
-10
-9
-10
-9
-9
-10
-9
-9
-8
-10
-10
-10
-10
-9
-9
-10
-8
-10
-8
-9
-9
-8
-9
-8
-9
-9
-8
-9
-9
-10
-9
-8
-9
-10
-10
-10
-10
-10
-11
-11
-11
-12
-11
-12
-13
-13
-13
-13
-14
-14
-16
-16
-16
-16
-16
-16
-16
-17
-18
-17
-18
-18
-19
-20
-19
-20
-19
-20
-21
-20
-19
-20
-20
-20
-20
-21
-19
-21
-19
-19
-20
-18
-18
-17
-17
-18
-16
-17
-16
-14
-15
-14
-15
-13
-13
-11
-12
-10
-9
-8
-7
-7
-7
-5
-4
-3
-3
-3
-1
0
1
2
3
4
5
6
7
8
8
9
10
11
12
12
13
13
14
14
14
15
16
15
15
15
15
15
14
15
16
15
14
13
13
11
11
10
10
9
7
7
5
5
3
2
2
-1
-1
-4
-5
-6
-8
-9
-11
-12
-14
-15
-17
-19
-19
-22
-22
-24
-27
-28
-30
-30
-31
-33
-34
-35
-35
-36
-36
-38
-38
-39
-38
-39
-40
-39
-39
-39
-39
-39
-39
-37
-37
-36
-36
-35
-34
-33
-31
-32
-30
-30
-29
-28
-27
-26
-24
-23
-22
-22
-19
-17
-16
-13
-11
-9
-5
-2
1
4
8
12
17
20
24
30
35
39
44
49
53
56
60
64
69
73
77
79
82
86
88
90
91
92
94
95
95
94
93
92
90
88
84
81
77
74
70
66
62
58
53
49
45
41
36
30
24
18
11
5
-3
-10
-19
-27
-37
-45
-54
-63
-72
-80
-89
-97
-104
-110
-117
-122
-128
-132
-135
-138
-140
-143
-144
-145
-146
-145
-146
-146
-146
-146
-145
-145
-143
-142
-139
-138
-136
-133
-131
-127
-126
-123
-120
-118
-117
-114
-112
-110
-107
-105
-104
-100
-97
-95
-91
-88
-83
-78
-72
-66
-60
-52
-42
-31
-21
-9
5
19
32
47
60
75
89
103
116
127
140
150
159
167
173
179
182
185
186
187
187
186
184
182
180
175
171
165
160
155
149
141
134
127
120
114
107
102
95
91
85
82
78
76
73
70
69
66
65
62
62
60
56
54
51
47
42
35
28
20
12
4
-7
-15
-21
-28
-34
-39
-42
-48
-52
-57
-62
-69
-75
-82
-89
-96
-104
-112
-120
-128
-135
-142
-148
-155
-159
-164
-167
-171
-174
-178
-181
-184
-187
-189
-192
-193
-195
-197
-201
-202
-206
-209
-211
-215
-219
-222
-225
-227
-229
-231
-230
-230
-227
-224
-219
-214
-207
-199
-190
-179
-164
-146
-126
-107
-85
-61
-32
-1
32
63
91
123
154
182
207
228
250
265
275
283
291
297
298
300
299
295
292
290
286
283
279
272
264
256
249
245
234
220
209
198
187
171
157
143
126
112
97
81
66
52
43
33
23
19
15
14
14
15
16
18
22
28
33
33
36
37
38
39
37
32
25
18
12
3
-6
-14
-21
-26
-29
-31
-34
-36
-38
-42
-47
-52
-58
-63
-70
-79
-89
-98
-108
-115
-124
-133
-143
-153
-162
-172
-182
-192
-203
-212
-222
-231
-240
-251
-258
-266
-273
-280
-287
-294
-299
-305
-309
-314
-316
-318
-317
-316
-314
-310
-304
-294
-282
-269
-256
-242
-224
-199
-171
-144
-119
-89
-55
-14
29
72
111
150
192
232
264
291
316
338
352
361
365
369
369
367
363
351
340
331
322
314
304
294
281
266
256
248
238
218
200
187
172
154
134
117
98
79
62
43
25
11
2
-5
-16
-23
-23
-19
-15
-9
-1
6
15
26
40
51
56
61
68
72
72
70
67
57
48
36
23
6
-7
-14
-20
-25
-27
-25
-21
-18
-18
-20
-27
-34
-44
-55
-70
-90
-105
-117
-130
-142
-155
-170
-183
-196
-209
-225
-241
-262
-277
-293
-308
-323
-334
-343
-353
-360
-369
-377
-385
-391
-397
-406
-413
-417
-419
-415
-411
-402
-392
-375
-354
-331
-305
-280
-251
-218
-180
-137
-97
-57
-19
27
81
133
184
230
272
318
358
390
418
442
466
477
482
484
481
478
469
457
442
420
407
391
370
354
335
309
283
258
240
219
187
158
134
112
84
58
36
7
-18
-39
-63
-81
-92
-97
-100
-104
-99
-84
-65
-46
-23
3
25
51
75
103
125
141
156
171
180
187
192
195
188
180
171
150
129
100
74
45
18
-4
-12
-13
-10
-4
2
6
6
0
-14
-37
-67
-98
-130
-160
-189
-212
-231
-247
-264
-280
-295
-312
-331
-352
-374
-397
-417
-432
-441
-451
-455
-458
-458
-458
-457
-458
-464
-473
-482
-487
-493
-497
-491
-481
-464
-440
-409
-370
-326
-278
-226
-174
-117
-49
19
82
135
190
251
312
371
421
454
489
523
549
565
571
581
584
574
567
553
545
536
520
502
474
441
418
390
359
326
287
243
198
162
133
92
46
4
-33
-64
-102
-135
-163
-193
-214
-229
-245
-248
-235
-211
-187
-163
-130
-81
-27
27
77
121
162
204
247
282
304
319
332
337
342
340
332
320
308
294
270
242
217
188
156
112
64
20
-23
-57
-85
-114
-144
-164
-172
-179
-185
-193
-211
-233
-257
-279
-307
-335
-359
-376
-395
-414
-429
-439
-449
-459
-472
-492
-511
-519
-524
-532
-543
-552
-548
-543
-537
-533
-530
-530
-527
-519
-515
-512
-506
-494
-474
-446
-410
-364
-308
-243
-174
-105
-34
49
146
236
313
371
429
506
573
628
658
667
687
705
711
700
684
672
649
620
589
547
520
491
452
410
356
308
267
222
190
136
74
17
-38
-73
-110
-164
-215
-262
-287
-302
-325
-335
-342
-333
-303
-281
-242
-183
-110
-26
44
121
205
293
389
461
510
547
573
595
605
595
566
522
477
434
385
333
276
221
173
120
71
32
-3
-32
-62
-100
-138
-172
-191
-206
-236
-268
-298
-317
-325
-332
-343
-357
-366
-364
-360
-362
-361
-363
-361
-361
-370
-379
-391
-404
-412
-432
-463
-497
-523
-542
-562
-585
-616
-645
-664
-681
-689
-702
-717
-718
-714
-702
-681
-651
-608
-552
-480
-395
-310
-210
-96
16
125
241
367
493
616
711
786
866
942
1007
1047
1050
1040
1022
994
943
879
810
732
639
549
448
357
273
190
116
23
-54
-125
-196
-232
-273
-321
-362
-405
-417
-413
-406
-396
-391
-357
-305
-254
-184
-112
-31
76
184
294
399
506
620
717
803
858
879
898
889
846
778
679
564
445
324
198
63
-53
-149
-229
-282
-319
-341
-338
-318
-289
-251
-211
-171
-132
-91
-62
-51
-38
-24
-20
-19
-25
-46
-63
-73
-88
-114
-146
-181
-218
-255
-297
-348
-397
-449
-507
-567
-629
-691
-745
-791
-836
-884
-926
-952
-957
-940
-924
-915
-891
-855
-806
-736
-676
-620
-563
-500
-427
-344
-258
-161
-58
52
169
286
396
495
607
749
883
984
1034
1054
1099
1141
1160
1123
1016
904
792
674
536
374
215
80
-57
-183
-295
-374
-405
-422
-409
-404
-401
-357
-288
-198
-108
-60
-18
26
92
167
212
247
267
296
346
384
413
466
529
594
636
650
666
680
701
688
614
514
392
287
195
74
-60
-185
-284
-344
-380
-385
-374
-334
-261
-181
-106
-24
66
163
243
283
291
291
295
296
272
222
146
70
20
-32
-92
-159
-227
-285
-339
-387
-432
-470
-497
-526
-564
-609
-651
-673
-679
-693
-725
-777
-822
-844
-849
-854
-864
-883
-890
-876
-839
-796
-745
-687
-631
-569
-513
-452
-387
-337
-305
-290
-277
-229
-155
-54
53
159
264
387
551
724
883
1008
1077
1093
1102
1099
1072
1007
897
756
586
422
277
152
57
-38
-135
-221
-281
-288
-248
-182
-122
-83
-44
9
75
153
228
267
280
273
267
275
298
330
341
343
336
333
358
397
432
456
463
440
406
379
352
315
259
180
84
-6
-64
-103
-118
-129
-138
-133
-102
-45
32
122
197
251
300
341
372
397
405
385
337
273
201
128
69
6
-65
-138
-210
-267
-297
-305
-317
-343
-350
-355
-369
-363
-350
-365
-401
-435
-483
-535
-575
-605
-656
-707
-749
-782
-807
-835
-836
-835
-842
-841
-826
-797
-758
-716
-665
-632
-592
-544
-499
-447
-408
-377
-349
-300
-204
-62
65
210
352
558
784
937
1009
1025
1070
1103
1041
908
719
552
441
311
156
-9
-90
-117
-131
-139
-136
-105
-34
45
119
178
193
230
280
333
358
337
315
306
326
342
312
284
274
284
307
271
216
186
171
148
89
26
-7
10
56
73
58
77
133
222
291
308
302
310
327
335
312
274
236
213
206
182
163
166
192
231
239
218
201
197
198
174
118
33
-37
-71
-96
-130
-166
-190
-191
-177
-167
-167
-174
-176
-189
-234
-308
-386
-447
-494
-546
-616
-685
-729
-741
-749
-773
-812
-852
-874
-891
-923
-961
-986
-978
-943
-906
-875
-823
-736
-641
-558
-505
-467
-430
-387
-379
-415
-455
-423
-293
-96
119
311
503
744
1008
1219
1327
1317
1214
1059
859
612
338
78
-135
-312
-420
-465
-419
-287
-95
100
257
395
531
653
750
773
720
647
577
529
482
432
384
350
335
321
301
281
252
199
127
22
-84
-168
-218
-243
-227
-167
-67
81
261
439
607
747
831
850
806
698
534
342
133
-84
-268
-391
-445
-425
-342
-214
-52
139
327
468
556
579
539
453
324
163
3
-136
-241
-304
-318
-284
-208
-107
-11
56
96
102
62
-19
-140
-293
-449
-591
-712
-803
-855
-876
-871
-856
-849
-864
-898
-932
-971
-1023
-1065
-1112
-1145
-1112
-1027
-901
-758
-639
-546
-465
-400
-357
-364
-430
-542
-615
-558
-384
-138
113
350
616
909
1175
1322
1305
1182
980
722
427
116
-155
-324
-394
-397
-332
-182
46
321
584
757
836
870
877
853
787
676
551
472
466
498
545
596
630
647
635
562
430
269
81
-127
-335
-514
-622
-616
-495
-294
-43
239
548
852
1113
1258
1265
1141
908
603
249
-115
-447
-703
-855
-889
-797
-591
-303
14
311
550
720
812
803
693
498
261
25
-172
-310
-384
-384
-323
-217
-85
46
153
212
210
145
32
-101
-236
-360
-460
-528
-561
-545
-497
-443
-414
-442
-522
-649
-798
-964
-1142
-1313
-1450
-1535
-1540
-1459
-1311
-1119
-921
-752
-621
-525
-469
-473
-549
-694
-884
-1022
-981
-728
-338
89
412
691
995
1281
1482
1465
1238
869
443
54
-273
-472
-545
-507
-405
-231
66
431
806
1107
1235
1207
1110
966
835
734
617
514
464
509
645
814
950
977
911
759
538
266
-35
-318
-594
-794
-884
-828
-586
-206
218
615
966
1235
1421
1485
1361
1076
651
181
-266
-620
-846
-957
-939
-823
-598
-293
34
336
529
600
558
443
291
125
-34
-184
-288
-320
-267
-152
-9
118
193
216
181
108
7
-108
-231
-341
-403
-401
-330
-220
-103
-19
24
24
-40
-172
-379
-632
-898
-1144
-1329
-1454
-1496
-1475
-1396
-1268
-1122
-964
-828
-725
-679
-702
-767
-856
-938
-1026
-1130
-1232
-1224
-964
-494
53
498
748
959
1171
1325
1320
1060
663
244
-125
-391
-536
-519
-363
-126
114
354
634
914
1139
1246
1169
980
783
638
625
677
739
827
944
1115
1292
1376
1311
1097
781
385
-23
-403
-685
-832
-864
-777
-557
-186
298
784
1153
1351
1409
1340
1161
873
483
67
-318
-608
-757
-759
-632
-446
-242
-58
90
206
262
241
138
-13
-160
-256
-270
-223
-142
-57
25
102
161
176
132
26
-115
-258
-380
-445
-443
-380
-275
-143
-5
115
205
237
192
81
-86
-275
-464
-638
-785
-902
-981
-1033
-1066
-1086
-1087
-1067
-1048
-1038
-1042
-1046
-1035
-1010
-980
-949
-922
-929
-976
-1053
-1083
-917
-516
-44
312
435
583
846
1166
1262
949
526
109
-156
-363
-544
-552
-433
-208
-49
168
500
866
1115
1085
984
902
913
892
902
960
1104
1275
1341
1427
1488
1478
1273
841
361
-55
-328
-592
-766
-788
-619
-221
204
645
1034
1349
1479
1404
1194
886
578
217
-168
-452
-572
-509
-381
-237
-119
-10
65
52
-21
-135
-232
-328
-405
-435
-363
-214
-48
58
90
90
54
-27
-158
-319
-461
-560
-609
-620
-556
-432
-299
-188
-127
-66
-17
0
-64
-161
-255
-325
-374
-447
-502
-554
-602
-685
-801
-880
-945
-1003
-1074
-1123
-1132
-1079
-989
-939
-870
-852
-884
-953
-1039
-1066
-875
-496
-105
237
383
600
862
1034
1039
719
378
-7
-274
-494
-613
-476
-353
-131
10
220
520
723
810
704
635
575
569
589
707
960
1218
1433
1525
1649
1690
1583
1264
782
364
-1
-248
-465
-535
-387
-143
253
596
932
1216
1327
1295
1071
848
607
360
116
-112
-181
-154
-54
10
35
61
34
-20
-128
-205
-236
-236
-250
-249
-200
-119
-42
-47
-113
-201
-280
-370
-448
-495
-514
-500
-501
-506
-490
-455
-441
-448
-468
-460
-418
-370
-332
-296
-263
-252
-306
-398
-500
-578
-668
-767
-854
-880
-843
-817
-809
-828
-822
-794
-782
-816
-893
-947
-947
-926
-922
-983
-843
-428
115
556
695
796
948
1080
1019
623
260
-70
-256
-451
-548
-353
-116
144
222
322
494
616
579
410
371
424
489
500
635
939
1266
1443
1384
1382
1346
1270
958
537
267
79
-2
-123
-123
98
377
670
783
892
999
1030
944
718
586
485
425
306
219
209
232
190
63
-39
-80
-82
-114
-169
-139
-59
21
26
-5
-31
-71
-142
-269
-370
-417
-420
-437
-442
-438
-418
-438
-502
-578
-640
-667
-701
-710
-685
-610
-508
-419
-376
-356
-395
-462
-591
-711
-786
-841
-850
-903
-915
-879
-827
-781
-805
-830
-857
-857
-833
-839
-897
-1074
-1236
-1305
-1089
-545
16
459
758
1070
1353
1498
1255
818
355
-27
-320
-593
-561
-286
85
333
437
552
615
691
516
324
298
268
354
426
692
1063
1333
1404
1323
1273
1183
993
609
285
86
8
-62
-87
62
323
622
738
760
793
811
806
668
535
515
506
505
395
322
262
191
56
-99
-161
-141
-78
-47
14
107
204
188
93
-29
-120
-192
-277
-358
-372
-330
-302
-317
-368
-408
-461
-523
-631
-711
-748
-722
-678
-619
-536
-445
-392
-386
-429
-487
-574
-676
-775
-845
-867
-860
-850
-880
-918
-1000
-1044
-1077
-1064
-1016
-970
-913
-936
-957
-1011
-1065
-1072
-949
-550
-33
640
1087
1352
1340
1072
808
360
27
-324
-548
-536
-375
67
431
790
926
822
712
447
329
273
339
479
682
902
1137
1375
1454
1494
1298
1059
768
487
347
205
191
143
167
270
382
586
642
694
681
616
644
593
637
635
624
542
403
262
116
9
-123
-200
-233
-188
-80
26
128
182
189
120
12
-80
-168
-209
-271
-309
-321
-312
-291
-323
-380
-477
-554
-629
-668
-667
-626
-581
-547
-519
-471
-395
-353
-352
-422
-525
-645
-749
-826
-871
-902
-921
-912
-861
-798
-758
-781
-858
-931
-959
-933
-937
-982
-1056
-1120
-1101
-991
-682
-283
244
749
1003
1096
823
604
311
100
-92
-310
-308
-176
139
450
647
766
643
470
232
87
137
297
537
760
1030
1207
1403
1412
1400
1286
1095
930
694
644
566
579
519
407
391
373
445
493
501
572
587
679
718
770
809
763
673
480
334
192
114
13
-67
-139
-165
-154
-136
-98
-86
-84
-118
-163
-167
-171
-162
-183
-235
-277
-334
-365
-420
-482
-565
-661
-737
-776
-778
-747
-710
-654
-587
-511
-441
-400
-395
-463
-577
-721
-819
-844
-838
-817
-783
-771
-764
-790
-838
-847
-863
-871
-926
-972
-1020
-995
-941
-875
-823
-679
-420
-27
510
877
1068
929
516
222
-85
-116
-169
-156
-77
44
312
465
606
583
424
251
64
27
195
463
737
951
1044
1050
1061
989
1032
986
988
910
829
828
749
728
554
404
308
274
352
437
560
688
737
798
758
776
732
664
539
428
349
313
306
231
175
53
-27
-107
-124
-110
-95
-97
-143
-190
-213
-236
-255
-303
-349
-394
-416
-427
-448
-488
-556
-664
-780
-869
-912
-877
-808
-727
-656
-603
-582
-592
-600
-655
-696
-773
-835
-847
-804
-751
-766
-802
-863
-902
-911
-944
-965
-971
-954
-924
-886
-872
-843
-830
-769
-561
-198
416
973
1264
1223
790
446
92
-6
-40
-27
106
185
374
466
576
572
447
233
32
-57
116
412
784
1063
1184
1083
982
817
861
915
1007
1059
1007
1006
865
788
616
452
336
226
251
317
464
614
682
721
654
589
499
461
446
489
507
489
458
368
297
181
72
-8
-55
-19
-14
18
-15
-72
-135
-239
-293
-362
-367
-381
-357
-353
-375
-444
-551
-667
-783
-847
-869
-844
-758
-684
-602
-562
-563
-602
-687
-763
-860
-862
-880
-834
-809
-800
-785
-842
-884
-953
-989
-984
-979
-947
-969
-977
-1018
-1017
-982
-941
-820
-594
-179
421
957
1203
1147
746
453
156
94
93
221
421
563
666
593
536
432
326
222
98
74
189
452
786
1035
1146
981
875
682
799
895
1112
1266
1278
1280
1029
867
618
525
451
394
391
358
440
488
516
546
439
374
231
210
240
377
496
521
493
310
199
50
9
18
41
92
55
24
-79
-164
-264
-369
-404
-466
-441
-421
-376
-336
-371
-454
-634
-777
-886
-889
-819
-735
-641
-607
-605
-676
-750
-796
-828
-823
-837
-796
-774
-708
-725
-777
-838
-921
-970
-1038
-1079
-1041
-967
-898
-925
-1026
-1136
-1195
-1180
-1066
-760
-374
199
674
951
1025
748
529
265
254
286
388
528
591
738
671
582
382
194
116
77
124
247
455
701
877
1013
887
859
692
782
904
1141
1360
1391
1415
1160
976
708
562
531
513
580
557
575
575
491
487
332
285
201
217
269
364
473
471
466
286
150
4
-63
-27
30
126
131
90
-23
-180
-280
-408
-406
-433
-402
-375
-393
-380
-459
-526
-657
-778
-886
-933
-880
-808
-693
-656
-662
-710
-793
-838
-926
-950
-891
-765
-625
-585
-607
-721
-796
-901
-947
-943
-927
-883
-868
-867
-908
-981
-1105
-1191
-1232
-1189
-1002
-699
-254
355
744
998
855
603
394
284
351
439
652
784
918
890
743
586
397
264
179
94
133
217
423
590
777
796
750
672
606
764
943
1253
1411
1508
1438
1225
1019
800
755
731
754
706
619
598
509
489
389
271
197
127
146
190
326
404
474
414
257
132
-10
-15
18
108
164
154
69
-82
-200
-327
-377
-413
-435
-401
-412
-400
-441
-490
-580
-686
-804
-920
-926
-904
-793
-722
-683
-709
-787
-882
-972
-993
-965
-878
-798
-734
-697
-704
-737
-804
-876
-918
-919
-877
-838
-791
-814
-854
-966
-1092
-1184
-1180
-977
-656
-225
199
493
671
596
460
332
311
405
517
687
817
991
1023
964
810
621
452
301
203
223
338
518
620
694
644
588
516
485
607
784
1045
1186
1293
1270
1190
1075
927
867
833
849
834
774
739
649
590
471
332
223
131
122
130
208
257
309
285
181
81
-31
-55
-46
16
70
87
61
-36
-141
-252
-331
-375
-408
-392
-392
-363
-383
-429
-502
-616
-724
-840
-898
-910
-864
-806
-764
-763
-821
-896
-972
-997
-983
-948
-930
-924
-912
-878
-822
-774
-758
-781
-835
-912
-961
-1000
-995
-964
-966
-993
-1016
-951
-739
-450
-90
158
342
398
303
247
184
302
449
624
723
789
849
845
873
819
758
663
512
393
334
408
520
634
693
649
632
541
552
610
765
944
1030
1085
1010
993
932
907
901
899
916
880
828
745
683
654
588
514
391
281
192
141
145
158
204
192
147
66
-14
-42
-63
-29
-37
-32
-76
-133
-206
-252
-284
-311
-337
-376
-415
-426
-456
-475
-513
-572
-645
-737
-813
-857
-850
-821
-784
-762
-777
-802
-871
-918
-961
-964
-954
-938
-928
-909
-890
-869
-848
-848
-851
-867
-879
-879
-884
-873
-891
-933
-967
-908
-724
-461
-157
93
267
410
373
326
253
246
345
451
556
642
786
885
996
1016
953
859
684
519
403
398
474
574
671
699
715
682
626
630
637
719
738
769
765
797
860
898
950
958
981
940
884
805
733
716
679
652
588
526
457
383
314
230
183
126
67
15
-40
-36
-46
-17
-22
-36
-75
-143
-215
-285
-320
-354
-359
-362
-371
-360
-378
-403
-450
-511
-587
-671
-742
-793
-800
-791
-762
-746
-740
-750
-782
-828
-884
-937
-972
-988
-1015
-1018
-1013
-975
-927
-883
-856
-839
-821
-834
-843
-879
-906
-921
-938
-918
-806
-615
-360
-84
112
290
390
397
387
352
352
401
448
498
592
719
856
1000
1077
1086
1048
916
757
610
518
474
487
503
529
592
630
692
735
768
772
722
633
533
476
459
499
564
662
774
851
904
906
889
859
786
687
560
455
369
329
294
289
293
278
245
174
92
11
-68
-138
-201
-251
-291
-306
-313
-295
-273
-267
-279
-313
-361
-407
-453
-494
-535
-560
-598
-621
-642
-647
-640
-628
-633
-652
-688
-730
-771
-810
-841
-873
-903
-933
-959
-973
-968
-948
-924
-902
-900
-894
-895
-878
-865
-853
-849
-854
-863
-863
-839
-757
-626
-459
-261
-96
86
243
348
464
526
579
614
616
611
630
684
758
863
962
1036
1098
1109
1081
1039
968
877
773
657
540
470
421
414
459
504
562
591
597
566
538
479
423
374
333
320
326
358
430
524
626
711
757
774
755
693
608
499
375
262
155
60
2
-31
-31
-19
0
-2
-14
-53
-122
-200
-292
-392
-477
-557
-601
-618
-609
-569
-526
-481
-448
-439
-449
-475
-509
-559
-604
-656
-698
-712
-712
-683
-640
-592
-549
-522
-516
-537
-569
-613
-666
-722
-780
-823
-846
-838
-803
-756
-691
-639
-598
-576
-576
-593
-615
-638
-648
-642
-611
-536
-428
-262
-83
98
282
433
575
686
756
798
816
828
821
819
827
844
898
957
1011
1065
1095
1102
1098
1058
989
911
800
693
592
493
413
350
304
268
249
223
212
210
208
212
211
204
206
215
234
257
286
315
346
366
376
377
365
346
316
267
205
140
72
6
-52
-115
-170
-215
-250
-273
-282
-289
-295
-307
-331
-366
-411
-453
-492
-525
-550
-570
-581
-579
-565
-544
-519
-502
-481
-467
-455
-449
-440
-429
-415
-401
-391
-382
-380
-375
-372
-371
-376
-390
-409
-425
-439
-450
-456
-457
-455
-451
-451
-456
-461
-472
-487
-515
-548
-580
-588
-565
-509
-427
-333
-231
-124
4
131
255
370
460
532
580
606
625
650
685
723
755
779
800
831
871
911
942
950
936
904
859
806
748
682
612
524
433
339
259
196
153
119
85
58
40
39
59
87
119
147
164
177
182
185
183
175
154
120
78
37
11
-4
-7
-9
-12
-21
-38
-61
-94
-142
-196
-261
-325
-379
-415
-432
-436
-429
-423
-417
-413
-408
-404
-406
-415
-428
-442
-451
-451
-438
-417
-389
-357
-322
-291
-261
-231
-210
-198
-199
-207
-221
-237
-251
-265
-272
-279
-283
-287
-289
-291
-293
-298
-305
-320
-338
-360
-389
-421
-458
-497
-523
-530
-510
-468
-419
-364
-298
-209
-110
0
99
187
269
333
388
432
475
521
565
598
621
638
660
691
726
750
764
763
757
752
744
730
704
667
614
552
482
411
345
287
227
169
116
81
66
70
83
96
108
121
135
148
154
152
140
120
89
56
26
9
2
-7
-17
-33
-53
-71
-90
-112
-146
-182
-224
-261
-286
-300
-304
-304
-300
-299
-298
-288
-278
-271
-267
-268
-274
-281
-283
-277
-267
-260
-255
-246
-235
-221
-207
-197
-190
-186
-184
-185
-183
-178
-168
-165
-162
-162
-157
-155
-152
-153
-159
-170
-188
-211
-237
-264
-293
-326
-363
-402
-443
-478
-501
-502
-487
-465
-430
-400
-352
-279
-201
-109
-27
50
126
195
258
308
357
403
440
469
480
491
508
530
551
564
567
571
578
586
600
600
597
582
557
525
487
447
406
366
324
279
246
223
215
211
204
197
187
176
169
160
145
126
105
84
66
53
40
30
22
6
-16
-41
-65
-94
-125
-159
-189
-217
-236
-248
-252
-247
-237
-225
-216
-202
-192
-189
-186
-188
-193
-198
-206
-217
-227
-230
-235
-236
-234
-229
-223
-220
-216
-213
-208
-203
-199
-197
-194
-189
-189
-186
-183
-181
-180
-181
-185
-195
-203
-218
-232
-248
-269
-293
-320
-345
-373
-402
-433
-466
-489
-509
-503
-492
-478
-443
-421
-364
-297
-219
-128
-52
29
103
171
237
290
341
381
409
427
433
442
452
461
465
460
450
452
454
464
482
487
492
490
489
486
484
481
469
451
427
398
369
339
313
277
240
204
173
152
136
121
114
102
92
86
82
83
77
66
54
31
9
-14
-37
-61
-86
-113
-142
-160
-171
-181
-186
-194
-201
-204
-202
-202
-206
-208
-204
-204
-206
-206
-209
-212
-211
-210
-216
-216
-216
-215
-218
-220
-221
-225
-226
-227
-227
-222
-219
-219
-219
-211
-208
-210
-212
-215
-220
-225
-234
-245
-262
-280
-296
-318
-342
-364
-388
-418
-450
-482
-505
-514
-502
-487
-462
-429
-399
-325
-250
-159
-67
9
92
170
245
314
369
422
457
486
500
504
513
515
515
504
481
457
449
446
454
459
456
463
468
483
492
500
502
495
486
465
440
411
378
349
308
265
222
188
165
150
140
132
131
136
143
148
145
140
127
112
92
71
48
18
-13
-42
-70
-98
-124
-145
-166
-189
-214
-229
-239
-245
-250
-255
-250
-234
-229
-226
-223
-221
-223
-222
-223
-231
-237
-245
-251
-259
-267
-270
-276
-277
-275
-272
-268
-258
-245
-241
-231
-224
-229
-232
-235
-247
-259
-274
-297
-320
-340
-366
-396
-424
-453
-485
-523
-559
-586
-595
-576
-548
-516
-468
-423
-335
-238
-128
-22
65
161
250
336
410
466
517
554
583
592
587
586
583
574
556
526
493
479
474
475
478
468
472
471
483
488
482
475
459
446
423
397
365
331
311
277
246
214
187
173
165
155
146
142
148
153
159
154
147
138
131
112
84
51
22
-8
-38
-69
-111
-148
-180
-211
-235
-261
-272
-284
-296
-305
-317
-318
-308
-297
-291
-295
-300
-306
-310
-312
-316
-322
-331
-341
-347
-354
-360
-361
-359
-352
-346
-349
-346
-337
-328
-318
-315
-320
-326
-334
-345
-365
-390
-421
-452
-484
-518
-557
-596
-631
-670
-699
-702
-680
-645
-588
-541
-467
-361
-240
-91
33
150
264
366
469
548
613
660
689
712
705
702
692
687
685
670
648
629
621
626
645
639
633
618
601
587
557
521
461
403
343
277
228
178
154
130
121
125
127
161
201
243
281
305
322
334
341
333
300
254
204
155
102
52
5
-31
-53
-67
-80
-88
-82
-88
-94
-115
-146
-178
-211
-244
-290
-332
-370
-398
-412
-427
-443
-454
-459
-451
-443
-434
-428
-426
-421
-416
-408
-402
-398
-388
-387
-391
-399
-410
-421
-429
-444
-462
-481
-494
-508
-514
-529
-552
-569
-600
-627
-661
-706
-732
-763
-770
-733
-708
-615
-522
-439
-277
-162
9
178
302
446
536
638
714
758
819
823
846
848
832
844
833
852
864
860
868
871
862
878
867
836
798
721
649
543
454
348
226
138
30
-35
-82
-94
-61
-40
45
119
202
316
400
481
535
562
561
531
490
425
341
256
176
97
42
2
-20
-26
-19
-1
2
16
12
-9
-40
-100
-166
-254
-341
-432
-526
-601
-660
-705
-724
-731
-722
-702
-663
-624
-584
-539
-509
-481
-471
-474
-482
-503
-517
-534
-565
-586
-612
-619
-625
-625
-617
-626
-628
-644
-669
-694
-739
-794
-845
-882
-893
-853
-807
-761
-649
-554
-384
-180
-41
146
261
391
515
586
662
678
717
745
749
785
791
854
934
1001
1071
1112
1148
1195
1218
1196
1149
1033
921
786
641
496
329
202
64
-25
-95
-143
-131
-114
-56
-10
27
93
145
232
285
326
343
350
382
391
406
414
413
420
431
431
429
432
422
404
358
303
230
160
95
10
-73
-162
-236
-286
-342
-373
-415
-455
-485
-522
-561
-608
-657
-709
-764
-809
-854
-875
-877
-857
-823
-779
-722
-653
-587
-519
-484
-475
-479
-507
-550
-613
-686
-764
-825
-880
-917
-947
-969
-960
-961
-972
-942
-879
-793
-639
-576
-510
-374
-303
-94
29
81
211
221
340
426
485
609
676
831
922
1012
1125
1191
1326
1371
1384
1335
1242
1162
1089
1006
896
802
677
614
564
531
504
442
400
302
222
109
-4
-77
-161
-187
-254
-258
-205
-98
78
217
351
475
583
687
733
712
655
583
478
402
316
246
240
240
272
292
318
338
344
322
240
117
-31
-180
-315
-446
-559
-641
-698
-703
-684
-650
-624
-601
-600
-632
-674
-745
-808
-872
-911
-931
-931
-880
-806
-704
-597
-513
-473
-471
-493
-545
-639
-743
-858
-976
-1050
-1110
-1134
-1121
-1103
-1056
-1010
-852
-709
-512
-366
-382
-235
-252
-120
20
-23
125
121
258
414
525
766
903
1144
1266
1314
1355
1324
1380
1346
1292
1158
1042
956
940
977
959
1006
959
912
837
714
619
445
309
98
-86
-231
-343
-335
-315
-205
-138
-66
29
100
227
290
352
365
356
374
394
443
494
555
572
591
592
568
562
500
445
359
254
186
108
77
50
39
8
-44
-92
-175
-240
-324
-431
-537
-654
-728
-775
-788
-778
-763
-740
-725
-704
-712
-713
-726
-746
-756
-780
-782
-767
-738
-681
-665
-650
-673
-701
-734
-778
-820
-883
-946
-1024
-1097
-1137
-1152
-1171
-1142
-1051
-889
-680
-499
-454
-306
-233
-61
86
51
137
156
300
482
593
777
933
1142
1289
1319
1331
1271
1322
1312
1291
1192
1118
1102
1105
1168
1110
1078
976
857
715
520
368
200
91
-3
-115
-164
-233
-209
-200
-168
-170
-200
-192
-159
-70
1
95
191
296
391
471
522
565
601
574
537
489
456
483
482
479
456
397
359
296
218
129
46
-39
-119
-189
-258
-304
-327
-367
-423
-517
-612
-684
-740
-768
-809
-822
-837
-816
-791
-771
-731
-723
-704
-701
-723
-709
-711
-670
-644
-662
-672
-708
-716
-742
-793
-831
-875
-909
-940
-1014
-1056
-1120
-1140
-1121
-971
-764
-538
-394
-424
-373
-328
-182
1
0
98
200
354
605
718
918
1050
1209
1268
1221
1159
1149
1272
1410
1477
1439
1358
1290
1233
1200
1083
1001
893
746
641
481
418
352
308
202
31
-157
-308
-380
-385
-344
-325
-316
-274
-229
-122
-52
29
112
178
238
273
349
435
577
628
620
585
528
535
545
558
557
531
498
435
361
275
207
139
52
-42
-160
-238
-286
-317
-373
-461
-562
-660
-730
-775
-790
-787
-774
-773
-791
-820
-820
-815
-793
-773
-759
-733
-690
-632
-580
-571
-594
-648
-676
-709
-711
-737
-769
-782
-817
-834
-889
-925
-1012
-1070
-1059
-884
-637
-382
-322
-453
-494
-489
-307
-41
34
198
315
401
588
607
770
912
1107
1164
1135
1119
1156
1391
1553
1580
1466
1268
1135
1100
1123
1139
1162
1117
924
741
471
373
311
277
194
24
-127
-269
-300
-312
-296
-341
-407
-443
-438
-331
-203
-67
51
100
109
104
161
253
427
527
548
559
502
537
544
568
583
547
504
418
375
327
308
256
166
44
-97
-198
-266
-305
-351
-429
-509
-621
-710
-782
-795
-783
-794
-818
-863
-883
-871
-829
-796
-763
-760
-749
-734
-704
-670
-628
-618
-621
-657
-692
-695
-689
-676
-673
-714
-775
-849
-935
-984
-1034
-1040
-901
-611
-403
-253
-493
-731
-775
-623
-161
138
291
270
236
201
291
455
723
1057
1248
1174
1065
933
1083
1308
1502
1508
1354
1226
1053
1156
1147
1275
1251
1102
842
579
461
473
521
449
280
55
-151
-264
-295
-276
-234
-298
-360
-472
-437
-343
-184
-89
-96
-106
-125
-8
89
263
400
462
412
330
308
386
525
596
627
540
437
351
325
340
368
314
244
108
-23
-119
-154
-163
-211
-301
-412
-523
-620
-659
-667
-655
-684
-715
-772
-805
-820
-792
-744
-708
-708
-723
-717
-696
-680
-647
-627
-618
-635
-674
-666
-663
-651
-633
-673
-748
-839
-916
-909
-929
-942
-944
-736
-457
-302
-351
-710
-795
-708
-292
141
290
328
137
84
116
298
677
970
1225
1169
943
844
846
1151
1364
1529
1459
1326
1148
1037
1110
1138
1303
1199
1053
826
660
646
546
483
330
246
167
33
-44
-153
-189
-261
-368
-360
-333
-210
-166
-165
-245
-305
-248
-129
80
141
213
177
181
155
168
277
388
500
467
418
365
328
326
326
356
389
337
263
131
45
-19
-42
-60
-85
-127
-211
-322
-463
-538
-551
-509
-488
-522
-597
-693
-762
-768
-717
-649
-623
-631
-654
-693
-733
-739
-705
-648
-643
-665
-685
-716
-752
-794
-825
-810
-806
-828
-860
-941
-1020
-1077
-945
-564
-289
-243
-577
-897
-800
-452
49
284
218
95
-20
48
272
543
823
977
1006
896
816
883
1021
1219
1302
1340
1287
1216
1127
1116
1123
1141
1171
1072
1003
863
772
664
499
404
358
380
299
122
-27
-128
-166
-232
-250
-201
-173
-161
-244
-297
-338
-299
-204
-121
-28
2
48
0
-70
-69
51
234
302
300
249
220
180
172
240
326
387
335
266
164
90
70
79
91
66
19
-42
-170
-310
-389
-358
-305
-312
-355
-457
-548
-654
-669
-628
-566
-548
-567
-618
-701
-748
-759
-709
-684
-686
-696
-723
-749
-811
-856
-856
-854
-824
-808
-846
-899
-1011
-1071
-1076
-895
-514
-318
-347
-682
-954
-719
-411
78
191
65
14
-65
135
329
473
660
775
921
920
843
915
912
1096
1140
1288
1344
1292
1163
1044
1044
1111
1228
1158
1103
943
833
718
566
507
507
511
425
224
99
6
-62
-135
-192
-119
-118
-109
-211
-323
-377
-385
-262
-185
-112
-125
-106
-148
-172
-167
-70
82
120
166
140
138
128
97
157
240
326
362
289
223
126
135
137
154
185
156
133
-24
-144
-216
-203
-165
-169
-177
-286
-397
-507
-536
-493
-487
-468
-490
-546
-626
-707
-698
-676
-658
-662
-678
-705
-792
-830
-855
-815
-809
-840
-847
-886
-904
-965
-1015
-1051
-1012
-769
-433
-341
-479
-907
-958
-590
-124
228
39
-155
-155
55
291
423
454
641
788
912
867
862
895
950
1105
1234
1380
1352
1231
1068
1078
1129
1305
1306
1209
1068
936
885
782
669
599
616
597
453
251
118
54
3
-81
-115
-77
-69
-116
-304
-425
-405
-315
-219
-218
-224
-218
-206
-271
-300
-247
-87
31
40
24
15
22
13
47
146
277
336
280
196
143
131
166
207
236
235
177
110
-18
-95
-123
-75
-44
-81
-159
-287
-377
-453
-455
-428
-400
-415
-468
-553
-645
-708
-687
-642
-615
-645
-696
-749
-829
-868
-889
-852
-808
-820
-847
-933
-986
-1007
-1011
-1001
-1034
-978
-680
-440
-418
-680
-1036
-818
-406
47
134
-139
-222
-109
110
319
385
498
682
785
859
787
852
876
984
1131
1276
1371
1300
1111
1009
1056
1212
1355
1271
1131
991
907
846
731
628
621
647
563
359
163
86
39
-27
-112
-107
-49
-101
-214
-439
-462
-382
-296
-240
-264
-271
-271
-343
-385
-334
-196
-32
-28
-52
-67
-45
-31
-10
70
184
283
287
221
136
116
146
230
264
264
228
163
74
-32
-61
-27
9
-30
-92
-174
-260
-355
-406
-400
-363
-358
-405
-481
-576
-628
-658
-638
-618
-634
-648
-714
-781
-852
-882
-867
-834
-823
-825
-870
-954
-1019
-1045
-998
-971
-969
-977
-763
-513
-421
-582
-946
-840
-486
-18
158
-42
-151
-121
64
300
416
571
711
788
873
791
861
908
1040
1185
1278
1361
1323
1186
1076
1074
1198
1362
1331
1216
1028
908
843
748
673
652
677
600
397
157
74
40
-8
-90
-119
-74
-131
-249
-448
-483
-428
-349
-282
-286
-310
-356
-393
-383
-305
-198
-81
-62
-74
-87
-35
9
66
124
193
297
330
307
245
234
261
338
375
384
345
287
222
137
110
129
158
106
20
-61
-124
-177
-235
-273
-279
-293
-337
-394
-464
-516
-577
-602
-606
-599
-611
-661
-739
-828
-852
-850
-829
-829
-841
-888
-931
-983
-981
-968
-931
-925
-959
-988
-1020
-828
-523
-371
-419
-756
-830
-475
-103
214
68
-114
-33
113
351
480
514
713
797
868
837
827
967
1052
1158
1194
1221
1261
1194
1089
1062
1088
1226
1207
1087
947
826
793
710
585
518
526
491
337
106
-1
-13
-37
-108
-209
-202
-195
-247
-384
-464
-420
-342
-304
-308
-347
-308
-263
-265
-275
-264
-121
-20
16
-1
9
50
107
134
192
288
356
346
291
266
268
313
355
359
322
278
238
168
89
68
83
70
9
-84
-162
-216
-265
-326
-345
-362
-395
-436
-499
-562
-642
-670
-659
-675
-701
-751
-825
-880
-915
-884
-889
-896
-928
-940
-957
-972
-999
-1009
-991
-981
-976
-967
-980
-875
-575
-378
-326
-639
-817
-570
-233
208
218
84
29
16
246
432
579
799
878
934
829
734
907
1051
1230
1223
1208
1203
1144
1073
1050
1050
1131
1146
1066
947
778
734
639
530
424
431
471
357
126
-63
-109
-128
-156
-209
-188
-199
-278
-382
-483
-448
-398
-303
-251
-272
-288
-288
-277
-242
-191
-54
47
70
58
27
96
149
231
281
354
405
410
374
349
338
373
430
430
409
349
312
231
158
121
121
118
65
-20
-123
-197
-253
-294
-317
-346
-398
-448
-501
-571
-637
-674
-660
-684
-716
-762
-797
-846
-898
-917
-917
-882
-895
-914
-940
-944
-961
-963
-961
-942
-918
-895
-887
-926
-850
-561
-290
-217
-409
-712
-550
-235
204
349
224
176
148
241
410
563
812
1033
1029
910
714
813
1017
1246
1305
1245
1147
1094
1019
1012
1048
1129
1142
1002
854
717
709
676
559
404
354
368
306
157
7
-59
-126
-187
-268
-249
-176
-192
-276
-424
-459
-418
-317
-212
-175
-199
-201
-234
-209
-127
2
105
133
122
109
157
226
311
348
390
411
426
432
431
418
423
425
388
363
344
342
279
191
103
47
19
3
-31
-108
-205
-308
-368
-395
-418
-452
-480
-527
-595
-676
-722
-726
-725
-721
-762
-827
-868
-907
-904
-903
-893
-900
-917
-957
-921
-920
-880
-901
-937
-915
-921
-872
-872
-852
-711
-420
-222
-172
-458
-622
-477
-207
226
343
370
333
175
216
269
469
869
1073
1195
939
668
691
806
1140
1273
1327
1256
1037
856
801
876
1059
1115
1039
852
605
534
466
463
403
385
322
181
27
-70
-78
-123
-188
-299
-311
-310
-267
-261
-301
-374
-433
-404
-318
-239
-137
-74
-89
-138
-194
-107
16
178
265
281
244
192
198
268
378
461
524
505
436
345
327
352
379
398
364
310
209
123
58
22
2
-34
-79
-171
-260
-332
-359
-387
-441
-498
-536
-574
-609
-641
-667
-691
-727
-762
-806
-822
-820
-812
-817
-859
-910
-931
-920
-880
-856
-848
-846
-855
-882
-906
-906
-868
-813
-802
-788
-623
-366
-169
-146
-378
-488
-428
-215
158
326
485
468
331
279
192
389
770
1096
1287
1086
850
720
721
943
1130
1325
1356
1182
963
779
758
896
1007
1048
894
695
528
399
366
355
388
318
165
-12
-102
-126
-112
-129
-196
-276
-383
-392
-362
-284
-227
-207
-224
-295
-342
-295
-156
9
115
128
79
20
43
104
240
345
432
453
405
348
328
374
456
512
506
468
378
332
299
287
273
226
175
88
13
-39
-57
-88
-152
-249
-338
-401
-424
-427
-425
-439
-503
-584
-679
-713
-700
-657
-629
-651
-705
-787
-854
-872
-848
-798
-777
-785
-812
-869
-891
-882
-831
-785
-801
-820
-855
-855
-841
-828
-723
-510
-280
-137
-205
-389
-445
-363
-93
146
290
400
428
432
382
336
468
742
1008
1122
1018
921
878
941
1016
1076
1128
1132
1077
975
903
894
961
953
871
687
535
442
399
403
404
365
252
51
-128
-225
-233
-158
-133
-130
-218
-324
-409
-445
-401
-309
-209
-148
-152
-178
-184
-151
-61
18
109
133
152
176
208
283
334
373
396
377
368
363
384
457
490
491
428
329
258
216
209
222
215
179
102
-4
-97
-163
-195
-210
-237
-293
-358
-420
-459
-478
-491
-507
-546
-598
-649
-682
-692
-684
-680
-692
-730
-780
-830
-864
-861
-846
-816
-816
-833
-879
-909
-902
-877
-851
-842
-852
-849
-865
-872
-836
-678
-448
-244
-168
-238
-285
-304
-205
-60
105
275
428
521
561
534
579
701
864
981
985
976
970
1026
1085
1155
1175
1153
1055
951
843
808
844
903
921
826
675
480
326
209
181
173
164
86
0
-110
-203
-262
-296
-291
-322
-374
-432
-442
-423
-334
-263
-170
-145
-145
-165
-179
-125
-23
100
198
243
256
271
272
313
343
396
424
434
430
414
418
455
484
485
431
345
279
214
179
170
165
148
95
12
-64
-139
-192
-224
-263
-314
-373
-423
-454
-465
-469
-470
-492
-536
-595
-649
-689
-700
-701
-698
-708
-743
-778
-814
-839
-857
-863
-874
-887
-901
-902
-876
-869
-843
-859
-855
-880
-901
-900
-850
-695
-491
-306
-182
-164
-130
-109
-64
25
90
232
344
469
579
663
779
919
1032
1104
1078
1023
1000
993
1046
1102
1160
1183
1154
1081
996
909
857
805
763
670
554
436
335
277
232
199
139
46
-72
-185
-278
-329
-349
-334
-323
-339
-365
-383
-363
-317
-258
-193
-137
-111
-84
-66
-6
79
176
258
306
325
333
330
356
381
428
456
459
464
441
445
457
475
484
444
384
308
234
181
146
134
111
76
19
-42
-105
-165
-207
-250
-300
-363
-427
-465
-490
-486
-483
-483
-504
-549
-593
-644
-680
-709
-740
-770
-819
-861
-889
-900
-907
-904
-907
-916
-927
-953
-950
-957
-944
-933
-932
-928
-944
-937
-876
-742
-551
-370
-239
-149
-74
-5
66
150
222
329
391
473
541
625
773
928
1111
1220
1264
1252
1207
1171
1133
1106
1092
1039
994
923
881
859
850
859
819
736
586
416
247
114
8
-55
-121
-182
-242
-289
-316
-325
-318
-313
-329
-386
-453
-516
-540
-521
-450
-360
-252
-167
-82
13
103
195
273
314
338
309
285
280
287
345
394
453
492
504
521
527
535
540
519
469
396
311
233
182
150
130
119
86
52
-2
-46
-93
-147
-189
-259
-345
-417
-499
-529
-539
-547
-533
-542
-568
-577
-615
-648
-663
-712
-759
-820
-891
-951
-985
-1001
-1015
-999
-995
-999
-972
-971
-955
-933
-928
-909
-911
-922
-936
-912
-842
-717
-548
-390
-251
-111
22
149
283
376
461
549
591
634
663
703
804
919
1057
1156
1220
1273
1299
1319
1313
1279
1224
1133
1012
888
767
684
626
592
556
505
434
353
274
199
119
33
-74
-195
-310
-420
-489
-531
-534
-514
-487
-462
-441
-415
-367
-324
-259
-202
-153
-110
-82
-32
32
116
213
291
368
416
452
496
517
546
558
552
534
497
466
440
446
453
464
462
441
415
378
347
310
262
207
128
46
-43
-126
-183
-233
-268
-310
-353
-397
-432
-450
-468
-478
-498
-528
-570
-622
-668
-712
-741
-773
-810
-857
-907
-950
-978
-990
-996
-995
-999
-996
-987
-978
-947
-918
-876
-845
-824
-806
-794
-768
-714
-624
-498
-365
-234
-115
20
160
300
439
558
662
735
776
800
821
860
921
976
1031
1068
1095
1113
1135
1155
1163
1155
1101
1020
910
803
696
600
512
427
335
240
144
64
6
-30
-66
-109
-169
-235
-299
-349
-385
-409
-423
-435
-453
-468
-471
-447
-405
-349
-279
-204
-130
-52
19
108
205
297
373
427
459
479
494
507
505
508
494
480
458
438
434
436
458
472
476
466
445
420
383
353
297
237
156
67
-25
-110
-178
-235
-283
-330
-377
-419
-458
-479
-493
-503
-522
-555
-595
-641
-676
-712
-745
-777
-817
-856
-905
-944
-982
-1004
-1015
-1022
-1024
-1024
-1014
-990
-950
-899
-847
-794
-749
-708
-670
-644
-607
-573
-504
-426
-330
-222
-120
0
137
271
413
540
649
754
828
885
909
929
944
964
963
955
940
911
909
890
884
867
851
809
769
707
651
585
518
449
363
272
172
71
-15
-84
-150
-196
-259
-293
-326
-346
-343
-341
-320
-297
-283
-270
-259
-250
-221
-200
-165
-125
-90
-37
7
61
143
216
300
375
430
488
526
561
581
590
584
567
533
495
459
421
402
382
366
346
327
310
293
284
269
238
195
137
65
-5
-88
-162
-243
-309
-378
-437
-495
-534
-560
-579
-585
-603
-618
-636
-658
-674
-696
-714
-737
-767
-800
-836
-871
-901
-925
-946
-967
-976
-984
-971
-943
-897
-839
-778
-708
-639
-567
-499
-445
-392
-334
-264
-194
-130
-65
-11
77
174
272
384
483
590
688
777
838
897
937
982
1005
993
977
926
886
843
799
747
698
639
587
540
498
465
435
414
383
344
295
237
181
134
77
19
-57
-132
-190
-250
-284
-312
-328
-323
-307
-291
-257
-217
-163
-88
-21
43
99
138
182
229
263
305
325
343
355
360
371
380
391
408
417
424
420
419
419
424
429
418
406
372
340
293
254
206
151
98
26
-37
-100
-155
-199
-233
-260
-286
-315
-349
-379
-406
-440
-467
-510
-552
-595
-637
-667
-692
-714
-731
-760
-786
-815
-844
-865
-881
-895
-901
-909
-915
-906
-891
-858
-820
-778
-732
-689
-642
-592
-540
-489
-441
-389
-329
-262
-186
-102
-24
74
181
278
386
479
564
661
733
787
834
852
880
894
884
876
845
810
781
740
696
658
609
571
528
487
454
406
382
348
309
276
225
173
133
76
32
-24
-88
-129
-179
-217
-240
-269
-272
-264
-259
-233
-209
-175
-115
-64
-5
56
95
149
197
232
278
305
325
346
347
358
354
355
363
359
364
364
356
353
354
355
353
340
320
298
257
229
181
133
91
32
-25
-72
-129
-164
-207
-242
-273
-309
-341
-369
-414
-443
-478
-515
-550
-586
-621
-645
-671
-688
-706
-727
-744
-772
-796
-819
-848
-861
-873
-881
-883
-881
-865
-843
-819
-777
-736
-688
-634
-583
-530
-474
-424
-373
-314
-245
-171
-95
-17
61
156
255
345
442
520
610
694
746
796
828
849
882
881
871
857
822
794
764
719
687
637
596
556
501
469
423
386
363
318
286
248
191
161
116
72
40
-24
-65
-101
-152
-172
-203
-226
-222
-236
-227
-216
-207
-167
-126
-78
-21
26
82
136
191
249
299
344
377
397
417
423
421
425
417
409
398
373
363
344
339
339
329
320
307
284
260
234
203
166
123
74
19
-29
-78
-115
-160
-205
-253
-309
-357
-400
-440
-480
-512
-546
-578
-604
-623
-636
-643
-654
-668
-688
-710
-736
-764
-786
-807
-825
-849
-861
-863
-865
-849
-824
-791
-746
-704
-658
-603
-550
-481
-426
-371
-320
-268
-205
-144
-73
-3
66
152
235
310
408
481
561
644
701
750
784
797
830
831
822
817
775
745
716
670
638
592
549
511
457
429
382
340
325
282
254
224
170
143
100
62
41
-20
-59
-90
-142
-160
-189
-220
-216
-229
-225
-217
-214
-182
-144
-99
-38
8
63
121
180
244
300
354
398
426
451
465
462
464
458
442
429
399
372
346
325
317
303
275
267
240
208
189
156
127
96
53
18
-26
-72
-110
-162
-208
-258
-322
-378
-436
-485
-528
-574
-602
-637
-662
-666
-681
-684
-680
-688
-694
-711
-733
-745
-772
-792
-811
-832
-844
-853
-857
-844
-823
-798
-756
-709
-656
-601
-543
-476
-412
-351
-296
-241
-186
-125
-60
15
72
136
218
286
372
449
507
588
654
697
749
760
789
811
797
803
775
734
714
666
630
585
529
496
429
393
359
300
285
249
213
203
150
122
96
48
42
-6
-52
-71
-125
-150
-168
-203
-210
-228
-229
-219
-224
-199
-172
-136
-71
-25
40
108
166
251
321
387
457
492
534
575
573
582
567
547
534
494
449
422
375
355
328
302
284
258
237
217
186
162
122
76
35
-29
-79
-129
-185
-227
-282
-344
-398
-470
-517
-555
-612
-640
-672
-699
-707
-717
-716
-703
-699
-687
-692
-696
-707
-730
-748
-765
-790
-808
-827
-828
-820
-808
-777
-740
-701
-641
-586
-528
-460
-395
-330
-268
-225
-172
-113
-59
10
68
118
188
253
321
410
467
537
617
665
723
756
773
821
821
824
820
772
754
711
662
634
557
517
462
384
365
299
261
248
189
182
153
100
104
52
35
27
-41
-56
-98
-141
-148
-190
-206
-211
-238
-218
-226
-212
-174
-150
-85
-20
34
124
191
276
373
442
515
578
603
648
663
651
645
607
570
533
467
417
376
325
298
262
237
213
186
177
160
127
110
65
17
-28
-101
-148
-215
-281
-330
-398
-454
-498
-564
-587
-616
-657
-666
-687
-699
-698
-699
-689
-688
-691
-679
-691
-697
-710
-732
-746
-773
-799
-813
-832
-827
-815
-803
-761
-719
-671
-600
-545
-477
-409
-340
-277
-226
-182
-128
-79
-26
28
70
116
175
253
321
407
464
536
617
672
727
768
785
833
823
814
803
733
715
662
605
555
465
411
355
272
264
196
163
150
94
100
72
35
49
6
-3
-17
-88
-91
-135
-163
-171
-210
-225
-235
-248
-215
-212
-178
-126
-74
10
90
171
268
357
461
556
610
670
705
726
742
714
671
624
562
499
424
355
300
243
207
174
153
128
118
121
108
94
71
37
-6
-50
-109
-174
-248
-315
-379
-439
-493
-542
-576
-596
-612
-625
-634
-633
-623
-626
-610
-612
-620
-625
-630
-645
-663
-688
-713
-745
-771
-798
-823
-841
-845
-841
-827
-804
-753
-700
-638
-560
-487
-404
-327
-260
-210
-160
-108
-56
-7
51
85
128
201
283
373
454
528
612
715
775
849
886
908
963
950
929
895
824
782
717
636
567
447
383
304
220
196
117
81
62
15
26
-2
-34
-4
-47
-48
-63
-124
-130
-168
-184
-196
-237
-243
-253
-248
-205
-192
-141
-78
-8
103
196
301
408
504
618
713
763
807
834
839
825
771
704
613
540
448
359
273
199
143
103
76
69
56
55
79
76
81
59
51
9
-30
-82
-152
-228
-294
-363
-426
-483
-537
-561
-586
-582
-584
-579
-573
-554
-553
-542
-541
-548
-563
-578
-604
-649
-688
-731
-774
-823
-862
-900
-929
-943
-936
-919
-887
-835
-771
-700
-620
-529
-437
-353
-270
-212
-156
-94
-35
26
79
119
166
255
348
446
536
616
709
827
893
961
1008
1014
1070
1039
995
940
841
781
698
584
487
341
256
175
72
48
-47
-87
-96
-141
-131
-134
-169
-122
-150
-150
-147
-208
-193
-215
-220
-224
-255
-251
-239
-216
-147
-119
-57
27
108
241
352
466
576
674
776
851
884
899
901
869
812
711
603
481
383
272
168
79
4
-44
-65
-64
-50
-25
-7
39
51
71
66
67
40
-6
-56
-127
-198
-270
-323
-386
-433
-489
-508
-529
-527
-526
-523
-514
-511
-513
-523
-535
-562
-591
-641
-685
-757
-815
-875
-930
-985
-1031
-1062
-1082
-1082
-1066
-1022
-971
-888
-805
-707
-609
-499
-388
-298
-211
-149
-92
-27
38
109
163
200
278
387
500
620
710
804
915
1031
1089
1152
1153
1160
1161
1092
1012
888
771
674
547
405
262
110
35
-67
-125
-168
-243
-246
-251
-257
-217
-222
-216
-171
-193
-170
-196
-207
-200
-205
-192
-203
-208
-175
-131
-69
18
63
160
250
375
520
636
736
822
895
961
988
972
937
875
789
669
525
390
264
153
57
-43
-113
-148
-150
-115
-81
-31
17
58
115
139
167
169
156
104
57
-16
-74
-149
-212
-267
-326
-381
-425
-435
-445
-447
-458
-469
-493
-509
-534
-560
-605
-666
-735
-805
-878
-960
-1018
-1080
-1128
-1181
-1216
-1228
-1204
-1165
-1110
-1030
-947
-846
-726
-597
-475
-349
-249
-161
-95
-25
66
165
254
312
354
449
589
722
859
950
1026
1139
1214
1262
1303
1269
1246
1201
1076
940
790
646
538
379
213
49
-95
-173
-247
-288
-310
-376
-369
-354
-350
-278
-274
-253
-212
-231
-219
-217
-222
-189
-178
-164
-154
-147
-78
2
99
197
253
354
473
594
740
835
900
954
978
988
959
897
810
702
565
394
232
111
-3
-92
-172
-244
-259
-243
-190
-110
-38
36
105
166
218
246
276
272
227
163
86
15
-41
-120
-188
-246
-318
-364
-390
-406
-414
-430
-452
-487
-527
-574
-619
-671
-752
-848
-943
-1034
-1122
-1190
-1249
-1297
-1336
-1364
-1363
-1319
-1258
-1178
-1081
-981
-867
-740
-596
-456
-330
-226
-139
-80
-11
82
195
305
373
411
510
661
826
982
1080
1154
1241
1329
1359
1379
1329
1266
1191
1049
856
687
528
393
249
60
-109
-233
-307
-351
-360
-381
-401
-400
-358
-327
-266
-223
-209
-185
-193
-199
-188
-177
-170
-140
-134
-118
-95
-20
82
191
291
359
450
581
710
823
911
924
951
956
928
855
769
651
527
376
197
55
-43
-123
-193
-240
-282
-260
-191
-100
-15
75
153
231
300
339
368
380
363
292
221
133
65
-1
-69
-157
-230
-300
-343
-363
-385
-419
-448
-483
-543
-590
-647
-705
-780
-873
-985
-1076
-1167
-1240
-1293
-1338
-1382
-1410
-1402
-1376
-1306
-1228
-1130
-1031
-911
-783
-634
-482
-356
-242
-146
-67
-18
61
162
272
363
420
457
605
780
960
1099
1170
1228
1331
1416
1420
1397
1310
1217
1100
922
706
553
400
243
81
-101
-248
-312
-346
-369
-363
-377
-370
-336
-270
-224
-148
-125
-128
-122
-125
-111
-105
-110
-121
-99
-90
-66
-24
74
173
276
365
457
597
749
864
937
973
980
983
936
855
726
591
428
263
99
-55
-163
-233
-282
-313
-312
-267
-167
-53
59
148
230
308
381
431
439
418
365
307
224
134
47
-31
-104
-177
-267
-323
-352
-373
-395
-423
-470
-522
-567
-610
-664
-743
-839
-936
-1032
-1132
-1213
-1284
-1354
-1409
-1450
-1466
-1451
-1407
-1342
-1251
-1147
-1038
-912
-758
-602
-452
-328
-220
-134
-71
-11
89
191
281
373
432
520
680
869
1037
1167
1253
1328
1422
1470
1467
1434
1346
1214
1068
870
684
532
353
171
20
-148
-257
-311
-351
-371
-361
-345
-342
-291
-241
-185
-116
-121
-130
-114
-124
-104
-99
-124
-123
-113
-82
-41
16
107
191
287
390
480
620
741
827
878
885
890
871
811
729
587
440
289
140
14
-113
-212
-260
-303
-308
-268
-202
-101
15
120
207
292
377
438
484
481
437
382
317
238
156
66
-23
-111
-191
-261
-299
-339
-376
-406
-442
-502
-545
-590
-650
-724
-813
-919
-1022
-1115
-1201
-1279
-1352
-1418
-1467
-1478
-1471
-1429
-1370
-1300
-1202
-1093
-964
-826
-672
-545
-418
-296
-198
-135
-77
-34
52
165
248
336
381
505
710
913
1067
1176
1265
1392
1483
1529
1486
1409
1332
1189
1030
815
609
463
290
97
-43
-202
-253
-280
-330
-320
-309
-263
-222
-182
-122
-74
-45
-31
-73
-62
-78
-87
-92
-154
-155
-126
-101
-55
6
74
191
274
405
515
633
750
813
848
863
842
799
729
617
476
302
167
36
-74
-172
-258
-294
-290
-262
-176
-96
-8
126
231
316
396
463
505
529
503
438
373
311
225
140
44
-54
-124
-193
-247
-281
-321
-364
-389
-432
-484
-525
-576
-656
-742
-830
-934
-1029
-1122
-1214
-1293
-1362
-1412
-1444
-1450
-1423
-1378
-1310
-1234
-1127
-999
-862
-725
-589
-473
-347
-228
-149
-104
-74
-40
37
139
218
300
358
478
660
848
1012
1146
1249
1341
1411
1450
1429
1365
1286
1130
968
776
573
432
268
89
-25
-168
-241
-258
-281
-256
-233
-200
-162
-112
-48
-12
10
33
-12
-16
-35
-73
-72
-116
-141
-119
-123
-81
-11
50
139
207
303
393
498
614
667
700
712
700
689
634
546
447
317
198
80
-20
-97
-162
-201
-216
-198
-135
-61
39
146
233
329
412
481
521
540
537
488
414
344
253
169
67
-31
-120
-206
-274
-315
-361
-400
-442
-474
-518
-560
-612
-676
-750
-831
-935
-1020
-1107
-1194
-1268
-1327
-1374
-1401
-1408
-1382
-1333
-1269
-1189
-1088
-977
-852
-717
-586
-483
-378
-280
-196
-138
-109
-102
-70
16
95
187
265
326
467
657
839
1006
1116
1204
1296
1349
1378
1334
1265
1159
994
842
651
465
349
173
38
-69
-182
-206
-217
-217
-177
-151
-103
-60
-22
44
51
77
67
3
-1
-44
-79
-87
-144
-161
-146
-135
-66
-11
66
144
224
325
427
533
610
648
669
685
674
646
565
490
385
269
155
59
-14
-80
-128
-159
-152
-109
-44
45
138
225
322
408
476
536
565
574
543
477
405
334
239
140
26
-62
-159
-236
-299
-347
-389
-429
-479
-508
-551
-593
-648
-707
-793
-882
-963
-1038
-1129
-1207
-1275
-1323
-1355
-1365
-1357
-1315
-1258
-1184
-1102
-993
-876
-750
-624
-506
-399
-298
-213
-147
-106
-89
-88
-67
10
82
173
252
294
453
648
822
984
1097
1176
1278
1317
1335
1282
1216
1126
950
785
595
428
335
164
25
-54
-162
-167
-169
-171
-113
-78
-38
-3
27
96
110
107
91
9
4
-33
-90
-106
-157
-169
-150
-150
-86
-7
73
152
218
318
395
499
591
610
617
631
609
586
518
435
353
249
144
47
-12
-57
-98
-113
-111
-66
6
87
183
287
370
449
516
562
586
602
567
485
400
320
222
116
-1
-100
-192
-277
-350
-399
-436
-469
-513
-557
-600
-634
-679
-750
-828
-911
-988
-1068
-1148
-1222
-1273
-1301
-1329
-1348
-1330
-1272
-1201
-1126
-1047
-952
-834
-703
-584
-488
-389
-284
-196
-144
-121
-106
-95
-103
-52
25
98
196
242
346
534
728
904
1033
1104
1190
1251
1272
1252
1160
1077
940
761
594
409
309
195
45
-37
-118
-153
-127
-128
-78
-37
-3
41
64
93
141
114
102
30
-19
-44
-100
-132
-162
-195
-174
-163
-120
-38
46
134
202
276
353
415
491
548
546
539
508
479
460
406
342
260
183
127
80
44
22
16
19
34
81
148
223
306
379
434
497
552
575
585
570
526
450
367
268
178
69
-36
-145
-241
-322
-382
-441
-490
-535
-577
-625
-671
-712
-765
-837
-903
-979
-1048
-1112
-1172
-1220
-1259
-1272
-1271
-1255
-1216
-1157
-1084
-997
-904
-800
-695
-583
-466
-373
-287
-208
-142
-95
-66
-58
-67
-85
-47
35
87
176
217
289
467
649
805
924
992
1055
1134
1159
1149
1081
986
876
724
586
426
319
223
90
10
-54
-103
-70
-51
-27
2
31
67
119
140
163
133
105
68
16
-20
-82
-129
-152
-189
-193
-177
-141
-65
11
73
144
234
318
389
468
535
563
565
558
539
523
485
418
325
242
182
137
95
52
27
29
58
112
169
237
319
399
463
520
569
596
595
566
509
422
341
244
130
1
-116
-213
-304
-384
-454
-513
-554
-584
-619
-659
-687
-721
-767
-829
-891
-952
-1002
-1058
-1117
-1169
-1200
-1198
-1190
-1175
-1144
-1082
-1009
-921
-830
-732
-615
-500
-384
-292
-205
-122
-45
3
28
26
5
-22
-50
-31
12
52
103
119
211
388
558
712
806
870
954
1056
1094
1074
993
903
819
679
535
383
280
180
57
-28
-107
-117
-72
-61
-53
-25
26
95
152
163
168
158
143
107
39
-3
-65
-118
-170
-224
-225
-208
-171
-120
-68
4
107
210
304
417
523
598
631
648
664
658
631
551
451
343
252
176
103
36
-22
-42
-27
18
81
158
248
337
419
496
560
598
603
578
519
433
337
238
110
-34
-167
-285
-379
-464
-538
-596
-640
-661
-680
-693
-706
-719
-749
-784
-826
-865
-904
-950
-1013
-1066
-1101
-1113
-1115
-1115
-1099
-1058
-994
-909
-815
-714
-606
-484
-364
-257
-166
-79
-17
26
46
45
27
-8
-63
-93
-75
-40
3
38
66
207
387
560
694
774
857
973
1073
1078
1037
950
882
779
637
479
332
243
125
10
-80
-137
-111
-82
-78
-62
-15
54
127
166
168
179
163
156
96
36
-14
-87
-136
-201
-236
-229
-204
-173
-121
-58
30
144
238
321
418
518
600
637
650
642
643
636
563
468
375
303
238
169
96
44
39
51
86
126
185
274
364
437
490
541
578
588
561
494
407
317
215
83
-57
-192
-312
-403
-493
-574
-635
-665
-683
-694
-711
-711
-713
-723
-748
-783
-809
-834
-866
-913
-961
-991
-996
-990
-987
-974
-944
-884
-816
-735
-657
-562
-450
-350
-259
-179
-94
-19
43
64
60
47
30
-8
-61
-76
-63
-35
-8
5
58
204
368
513
607
680
767
885
957
960
915
846
783
691
576
431
326
232
123
31
-52
-90
-72
-56
-51
-42
-2
54
121
155
155
151
142
132
91
43
-18
-71
-122
-166
-194
-200
-176
-150
-100
-45
29
127
214
294
382
468
546
598
622
626
640
641
596
524
456
386
329
267
191
141
113
110
121
139
175
235
302
358
398
439
460
470
452
392
317
228
127
12
-112
-239
-358
-458
-540
-620
-680
-714
-739
-748
-756
-755
-750
-750
-754
-761
-774
-789
-813
-834
-854
-872
-878
-882
-871
-847
-825
-778
-728
-667
-593
-511
-424
-344
-256
-170
-94
-33
17
49
63
54
20
-29
-98
-140
-139
-129
-113
-123
-109
3
163
326
436
512
602
729
850
894
878
833
792
736
642
505
390
305
199
105
-8
-77
-78
-69
-56
-66
-49
-2
72
140
154
154
149
154
141
110
47
-9
-61
-111
-134
-174
-170
-156
-121
-63
-19
66
153
243
338
420
518
601
656
676
686
694
688
636
571
485
400
342
261
195
140
102
97
102
124
164
216
279
325
364
393
403
403
364
300
223
117
10
-103
-225
-343
-460
-550
-624
-682
-719
-745
-751
-742
-733
-712
-700
-690
-678
-677
-671
-682
-701
-713
-732
-740
-749
-756
-747
-734
-703
-663
-621
-562
-492
-408
-330
-265
-192
-123
-51
1
29
48
56
37
-3
-69
-138
-184
-194
-178
-172
-182
-177
-71
96
269
383
444
523
663
802
859
843
782
749
711
639
506
384
300
213
136
23
-54
-53
-41
-15
-20
-16
21
99
179
203
203
181
185
189
181
112
44
-15
-58
-67
-112
-127
-130
-101
-41
3
60
128
217
321
404
494
573
639
682
704
714
711
674
618
547
454
387
295
229
172
115
86
71
88
118
161
202
236
272
303
312
306
266
208
143
48
-62
-171
-287
-383
-486
-578
-651
-700
-717
-731
-732
-727
-707
-666
-631
-616
-606
-600
-581
-572
-589
-609
-635
-645
-651
-661
-667
-669
-653
-620
-582
-531
-475
-410
-337
-266
-197
-131
-71
-15
17
29
23
-3
-39
-101
-181
-258
-298
-296
-284
-282
-293
-218
-72
115
262
347
438
562
723
812
829
786
746
715
656
548
410
314
211
144
54
-43
-67
-77
-31
-7
6
38
84
191
248
281
262
240
245
247
208
121
42
-38
-49
-88
-127
-154
-162
-102
-57
8
65
133
250
360
472
547
598
658
707
743
731
679
615
559
481
403
292
195
137
84
57
17
11
41
87
141
170
201
236
258
276
242
180
109
27
-57
-162
-287
-397
-495
-568
-629
-683
-708
-721
-703
-675
-644
-607
-577
-544
-511
-498
-489
-490
-505
-516
-542
-565
-591
-617
-620
-623
-620
-610
-593
-542
-488
-423
-365
-309
-235
-164
-98
-54
-31
-20
-17
-44
-86
-155
-240
-312
-357
-361
-369
-363
-364
-289
-143
27
186
288
401
528
692
797
836
818
778
750
699
608
482
376
267
184
116
23
-8
-30
-2
46
67
111
138
236
308
351
354
313
305
298
271
194
103
-1
-41
-76
-111
-142
-170
-140
-87
-19
57
109
203
300
426
532
581
638
672
725
740
710
644
578
507
439
350
245
157
91
69
36
20
23
52
105
147
187
225
231
240
235
208
142
47
-42
-126
-225
-333
-441
-526
-586
-635
-646
-668
-664
-648
-604
-548
-514
-488
-459
-433
-416
-415
-429
-455
-485
-512
-539
-571
-603
-623
-625
-610
-602
-568
-531
-475
-407
-346
-279
-229
-176
-127
-91
-79
-84
-105
-142
-204
-278
-351
-399
-411
-410
-397
-391
-338
-207
-33
137
256
369
488
637
764
828
836
793
751
707
645
540
431
316
226
165
100
64
29
36
80
123
170
185
244
309
362
380
344
304
266
234
181
105
-3
-82
-133
-155
-167
-184
-177
-148
-81
6
80
156
230
339
452
528
576
594
632
657
662
621
553
467
393
340
277
195
102
52
31
39
47
60
82
106
150
203
226
218
191
171
136
69
-28
-123
-213
-305
-390
-474
-543
-605
-625
-626
-611
-607
-593
-552
-503
-460
-433
-421
-421
-425
-425
-436
-469
-516
-558
-581
-604
-622
-642
-642
-632
-598
-556
-512
-460
-410
-339
-272
-212
-171
-146
-116
-104
-102
-130
-183
-253
-327
-365
-378
-383
-390
-395
-361
-257
-118
49
181
292
401
521
664
757
806
792
748
710
657
595
511
405
305
233
171
130
104
89
118
146
193
227
265
318
359
403
397
365
315
262
213
159
74
-15
-100
-159
-185
-198
-197
-188
-156
-103
-31
42
123
213
315
399
470
519
563
594
613
614
587
527
445
390
339
294
218
143
96
79
86
100
121
134
151
184
224
247
238
209
174
127
59
-20
-107
-208
-299
-384
-449
-521
-579
-608
-608
-596
-588
-566
-532
-495
-457
-418
-388
-380
-391
-396
-402
-417
-455
-494
-531
-560
-582
-591
-592
-587
-570
-537
-482
-431
-367
-304
-239
-186
-144
-104
-85
-84
-109
-142
-195
-266
-337
-381
-404
-428
-442
-430
-358
-262
-139
-8
122
260
373
511
627
716
760
753
745
709
674
604
522
426
342
279
220
182
150
156
173
200
241
286
343
376
415
438
443
417
356
305
240
168
74
-28
-111
-187
-231
-266
-273
-268
-247
-202
-147
-64
33
144
236
318
400
484
546
577
599
602
584
524
467
414
362
292
214
166
128
108
95
105
125
145
172
195
220
229
232
211
171
113
45
-29
-129
-228
-322
-404
-491
-573
-624
-649
-656
-659
-644
-603
-561
-516
-470
-417
-375
-355
-340
-335
-338
-355
-382
-417
-458
-495
-526
-546
-566
-573
-562
-536
-502
-455
-395
-328
-268
-219
-165
-122
-94
-93
-108
-134
-188
-254
-322
-367
-408
-443
-472
-472
-424
-362
-259
-158
-36
96
214
352
464
582
658
696
713
707
700
656
601
518
452
382
313
260
215
208
203
216
241
278
332
370
418
451
476
476
446
404
352
288
207
108
6
-94
-172
-246
-292
-330
-344
-344
-328
-278
-205
-106
-12
82
183
288
389
459
528
568
598
585
558
519
472
413
336
272
212
164
122
95
91
94
113
127
149
162
182
192
184
157
116
70
1
-75
-157
-235
-320
-411
-493
-557
-602
-641
-671
-672
-665
-639
-604
-552
-496
-439
-383
-330
-288
-260
-242
-234
-247
-271
-305
-338
-375
-408
-431
-440
-443
-436
-416
-384
-339
-291
-241
-188
-148
-117
-97
-85
-92
-117
-162
-210
-263
-314
-363
-405
-426
-425
-407
-367
-312
-226
-127
-21
92
209
325
418
496
560
618
652
656
646
615
578
531
483
435
385
344
310
300
298
312
336
364
400
432
464
486
495
493
471
438
383
315
242
150
57
-34
-110
-192
-266
-324
-352
-358
-352
-313
-256
-176
-93
1
107
214
312
398
468
521
551
557
548
520
473
420
356
290
219
159
111
68
34
12
6
5
16
37
64
91
112
132
139
126
90
36
-37
-130
-238
-351
-457
-563
-655
-724
-764
-782
-775
-734
-670
-592
-511
-423
-339
-267
-208
-161
-130
-119
-120
-137
-158
-189
-225
-263
-303
-333
-364
-379
-384
-381
-363
-338
-298
-261
-217
-174
-144
-123
-121
-130
-152
-187
-226
-275
-324
-367
-394
-410
-412
-403
-368
-318
-247
-168
-76
23
107
194
285
372
444
481
522
548
556
550
537
516
489
450
423
407
388
382
374
384
403
412
435
447
454
465
460
451
421
376
336
272
208
141
69
-4
-82
-141
-172
-204
-229
-237
-231
-196
-165
-114
-48
12
72
124
192
260
301
330
348
368
369
354
332
307
267
218
167
116
66
8
-32
-60
-71
-63
-43
-10
21
57
87
96
79
40
-10
-74
-159
-249
-342
-425
-500
-550
-577
-590
-592
-577
-545
-504
-467
-425
-384
-347
-317
-284
-247
-218
-198
-179
-160
-150
-151
-167
-180
-202
-230
-253
-276
-292
-304
-304
-293
-280
-265
-247
-230
-219
-217
-219
-227
-245
-266
-289
-311
-328
-337
-336
-324
-308
-275
-235
-180
-118
-50
18
67
125
194
255
307
337
379
413
431
450
463
474
472
467
472
479
477
483
488
496
509
511
522
517
505
500
485
461
420
374
339
287
239
184
128
77
28
-6
-34
-64
-87
-94
-96
-83
-72
-44
-18
5
42
82
121
150
169
199
217
231
237
234
224
207
186
159
118
76
40
10
-8
-21
-16
-3
7
26
52
68
68
54
36
4
-48
-108
-178
-246
-307
-354
-389
-419
-437
-440
-433
-423
-411
-398
-385
-377
-364
-347
-327
-311
-295
-273
-251
-237
-226
-223
-224
-230
-239
-251
-269
-284
-293
-296
-295
-294
-291
-281
-275
-267
-262
-265
-273
-284
-295
-305
-318
-329
-333
-330
-316
-291
-263
-230
-187
-127
-59
1
57
105
164
223
269
313
342
371
391
411
431
438
439
439
440
446
449
451
455
458
470
482
486
487
481
476
472
454
428
390
350
317
274
230
176
123
80
40
8
-24
-54
-72
-84
-83
-72
-62
-47
-28
1
39
71
100
124
147
173
188
198
195
183
171
148
118
78
34
-2
-29
-37
-38
-31
-14
11
41
69
87
91
82
63
30
-17
-73
-135
-192
-243
-288
-327
-355
-376
-384
-386
-386
-385
-386
-384
-383
-375
-367
-359
-346
-334
-316
-302
-293
-290
-296
-302
-311
-327
-345
-362
-372
-375
-372
-366
-359
-348
-330
-313
-295
-285
-284
-283
-290
-291
-296
-304
-312
-311
-298
-274
-245
-219
-180
-128
-60
6
61
117
166
229
284
326
361
384
408
424
441
445
441
434
430
426
424
417
411
412
420
432
440
442
443
446
447
445
421
394
357
324
289
245
192
136
89
51
18
-15
-45
-67
-72
-67
-56
-43
-25
2
36
72
108
134
159
181
202
217
220
213
197
179
152
114
67
21
-12
-28
-28
-20
-6
17
49
86
119
138
138
125
104
68
18
-43
-107
-160
-206
-249
-286
-317
-337
-349
-356
-359
-363
-368
-369
-369
-364
-358
-352
-347
-338
-329
-324
-332
-343
-357
-369
-384
-405
-427
-442
-445
-438
-427
-412
-394
-369
-338
-310
-286
-269
-258
-252
-247
-247
-254
-259
-259
-248
-229
-203
-184
-148
-98
-31
43
108
167
224
287
352
404
443
469
489
502
509
506
490
475
455
437
417
400
381
374
376
383
391
391
392
398
404
407
390
361
327
289
254
205
151
88
37
-6
-40
-69
-91
-104
-102
-83
-59
-30
5
45
89
133
172
201
224
245
258
262
252
231
200
169
131
86
37
-6
-31
-36
-24
-7
22
57
96
136
169
184
177
151
107
50
-17
-97
-175
-242
-293
-332
-362
-377
-381
-371
-361
-353
-350
-349
-346
-343
-341
-342
-352
-359
-366
-375
-391
-417
-449
-481
-509
-534
-557
-574
-578
-570
-548
-520
-489
-451
-406
-362
-322
-291
-270
-257
-252
-246
-249
-261
-271
-271
-252
-219
-187
-153
-102
-31
62
152
232
302
369
439
503
544
570
582
581
578
557
525
492
459
432
406
380
359
338
343
351
370
383
381
378
377
374
365
326
274
214
151
98
34
-36
-94
-138
-162
-173
-180
-166
-136
-84
-23
33
93
144
197
253
293
320
322
314
305
284
257
214
161
118
75
39
13
-12
-13
6
43
87
127
170
211
245
263
248
211
155
80
-2
-101
-207
-304
-387
-439
-466
-468
-448
-416
-366
-314
-269
-233
-217
-212
-219
-246
-285
-338
-397
-453
-508
-565
-620
-667
-700
-715
-715
-703
-682
-649
-602
-546
-487
-437
-392
-352
-320
-298
-296
-311
-330
-350
-362
-369
-370
-343
-289
-205
-124
-33
75
198
335
458
556
636
685
726
753
745
725
679
628
583
524
476
443
418
424
427
442
461
472
511
533
554
551
503
454
386
307
231
117
7
-100
-196
-251
-307
-332
-317
-281
-204
-131
-52
51
147
252
328
374
402
391
384
367
326
280
208
154
122
94
88
84
93
128
156
199
232
253
283
294
294
269
213
159
93
24
-49
-138
-212
-276
-317
-331
-341
-335
-321
-300
-268
-252
-241
-238
-250
-263
-290
-324
-365
-412
-440
-467
-498
-530
-570
-598
-618
-642
-661
-689
-709
-721
-730
-732
-736
-731
-720
-708
-691
-683
-674
-661
-650
-620
-581
-536
-483
-426
-330
-207
-63
59
159
278
391
510
608
660
714
743
764
796
785
793
801
808
840
829
818
817
804
816
794
748
697
601
545
468
392
321
210
126
47
-34
-77
-144
-190
-215
-251
-249
-282
-294
-261
-220
-157
-132
-106
-43
24
111
187
239
300
329
372
407
425
440
420
406
384
343
310
275
252
246
217
195
170
144
146
134
119
82
16
-41
-102
-159
-210
-280
-338
-391
-429
-439
-454
-442
-420
-391
-360
-352
-337
-324
-318
-313
-334
-367
-407
-459
-494
-523
-554
-582
-623
-647
-670
-691
-709
-735
-755
-784
-826
-860
-900
-924
-949
-973
-983
-985
-941
-862
-771
-666
-542
-385
-182
-4
126
259
356
477
579
623
675
720
768
863
924
995
1083
1168
1281
1336
1350
1335
1284
1223
1122
985
856
680
549
425
318
273
202
173
139
85
54
-10
-93
-176
-290
-369
-459
-536
-553
-535
-460
-363
-253
-90
60
206
325
410
483
491
488
457
408
369
324
309
326
339
388
436
479
516
510
490
432
334
221
84
-56
-187
-305
-375
-425
-436
-431
-418
-394
-382
-371
-379
-414
-461
-520
-580
-627
-659
-650
-609
-554
-481
-406
-338
-284
-261
-270
-306
-389
-485
-589
-687
-761
-815
-841
-845
-834
-818
-801
-806
-825
-864
-902
-911
-907
-883
-874
-815
-686
-490
-270
-131
31
157
304
432
484
554
621
691
820
888
973
1094
1217
1392
1482
1501
1477
1427
1362
1286
1153
1050
902
829
740
656
620
535
514
432
303
152
-27
-202
-340
-475
-559
-632
-671
-604
-427
-239
-65
9
65
147
123
126
82
67
87
97
117
205
284
424
565
651
670
598
509
418
342
243
146
62
-5
-49
-40
-41
-13
0
-42
-129
-265
-424
-544
-644
-731
-754
-777
-768
-725
-652
-547
-471
-446
-441
-468
-522
-594
-638
-644
-622
-605
-590
-556
-516
-486
-454
-459
-491
-565
-678
-789
-881
-950
-985
-1003
-1008
-940
-845
-739
-600
-501
-357
-218
-208
-177
-187
-179
-51
33
168
339
458
662
852
990
1108
1169
1201
1215
1164
1081
1042
1056
1079
1130
1149
1119
1118
1073
1002
919
777
623
486
310
166
77
3
-36
-31
-48
-45
-74
-142
-143
-148
-168
-162
-157
-115
-46
16
94
183
244
287
326
313
296
266
244
247
240
237
247
242
244
227
198
151
86
14
-72
-162
-237
-283
-313
-346
-383
-419
-466
-514
-571
-607
-633
-658
-671
-672
-663
-641
-611
-577
-543
-547
-553
-572
-584
-590
-593
-585
-582
-568
-565
-555
-562
-575
-616
-651
-715
-772
-837
-885
-912
-903
-834
-739
-622
-479
-359
-199
-124
-140
-104
-145
-20
90
198
396
530
700
868
944
1032
1050
1064
1074
1043
1027
1008
1070
1137
1177
1191
1116
1014
936
785
714
600
502
464
367
295
205
139
69
20
-18
-68
-76
-116
-102
-17
22
89
118
155
194
210
212
256
313
355
404
406
391
390
381
384
379
334
294
246
183
133
95
41
-1
-72
-155
-243
-319
-372
-387
-424
-487
-547
-620
-671
-711
-729
-715
-697
-693
-687
-676
-663
-641
-615
-595
-589
-596
-606
-590
-574
-549
-537
-539
-543
-556
-578
-606
-648
-669
-695
-729
-769
-820
-864
-886
-861
-773
-652
-503
-376
-230
-159
-189
-182
-193
-55
102
241
436
579
706
843
901
983
1027
1058
1101
1105
1107
1141
1208
1263
1267
1188
1083
926
842
747
724
693
632
578
438
278
121
6
-58
-95
-102
-88
-80
-88
-88
-50
-37
-33
-45
-8
38
106
188
290
392
409
397
342
310
311
337
393
425
429
398
334
256
171
105
46
-15
-79
-144
-196
-240
-281
-339
-438
-564
-673
-745
-769
-768
-732
-696
-696
-729
-780
-807
-808
-790
-755
-710
-675
-661
-647
-622
-616
-606
-632
-626
-608
-600
-570
-580
-582
-627
-707
-780
-837
-865
-863
-842
-749
-632
-449
-303
-175
-149
-244
-297
-327
-173
27
251
455
603
677
709
701
738
824
949
1075
1122
1146
1145
1193
1232
1229
1152
1051
918
885
847
878
876
834
735
533
302
94
12
19
102
173
196
129
17
-93
-116
-109
-54
9
93
149
199
223
251
253
208
195
166
189
234
314
397
411
351
248
121
28
-16
5
43
47
4
-76
-179
-293
-384
-463
-527
-584
-609
-620
-626
-644
-649
-671
-715
-776
-802
-778
-727
-665
-617
-594
-621
-660
-688
-702
-695
-675
-608
-546
-515
-527
-573
-633
-693
-732
-738
-744
-760
-774
-751
-680
-560
-384
-243
-121
-167
-254
-328
-304
-101
130
362
506
555
558
545
566
682
838
1000
1085
1082
1032
1014
1039
1101
1117
1062
972
870
852
839
883
876
824
678
459
265
151
154
223
331
409
369
230
16
-71
-42
51
189
251
322
314
278
252
242
234
250
267
289
296
299
334
365
319
228
91
-20
-67
-71
-7
-4
-36
-145
-272
-403
-497
-531
-528
-546
-583
-632
-686
-739
-769
-761
-745
-767
-789
-781
-748
-704
-677
-641
-628
-657
-686
-697
-662
-604
-559
-493
-500
-513
-576
-630
-650
-662
-627
-604
-640
-699
-750
-719
-584
-417
-197
-71
-16
-134
-239
-291
-155
78
331
510
570
567
528
562
620
772
901
1011
1011
968
907
936
973
1035
980
900
786
732
741
764
794
734
628
422
235
96
99
162
269
310
301
196
84
-8
6
79
178
259
315
338
335
320
301
303
289
317
332
363
387
398
384
333
230
142
55
13
-1
-7
-27
-89
-186
-292
-393
-469
-519
-561
-606
-671
-725
-777
-807
-837
-840
-842
-848
-869
-877
-861
-825
-786
-748
-738
-747
-752
-749
-710
-680
-637
-595
-563
-567
-601
-635
-632
-615
-584
-578
-613
-674
-733
-724
-613
-451
-218
-37
85
50
-115
-218
-201
44
326
565
675
694
645
628
629
740
875
1032
1110
1091
1011
954
953
983
991
903
829
725
736
733
747
687
587
424
249
94
39
88
181
235
217
133
20
-39
-36
57
135
213
249
285
299
301
297
300
316
335
355
381
401
421
410
370
283
205
151
118
100
74
35
-35
-130
-217
-293
-346
-391
-445
-513
-605
-676
-725
-743
-766
-779
-796
-811
-827
-848
-845
-826
-798
-763
-750
-757
-779
-787
-768
-737
-695
-644
-609
-596
-625
-664
-695
-715
-688
-656
-621
-647
-700
-750
-715
-601
-387
-120
61
131
-1
-142
-180
-26
251
527
691
770
749
724
711
771
921
1076
1190
1182
1115
1041
1039
1047
1087
1012
920
812
764
774
772
748
661
511
320
149
56
64
97
102
54
23
25
67
111
118
117
78
60
100
193
333
415
428
364
274
212
240
324
434
460
412
320
219
159
137
126
112
51
-33
-111
-184
-202
-226
-254
-346
-464
-570
-640
-665
-664
-662
-679
-720
-768
-791
-783
-761
-727
-714
-721
-737
-744
-724
-695
-687
-692
-703
-703
-693
-671
-638
-624
-635
-687
-723
-756
-743
-710
-687
-715
-780
-785
-695
-491
-215
6
109
27
-145
-210
-112
177
473
702
809
805
738
696
745
900
1091
1233
1253
1166
1074
1034
1049
1072
1034
942
843
756
742
736
729
652
505
314
124
8
6
94
188
200
121
-30
-140
-151
-47
100
194
217
199
184
189
224
260
314
323
321
296
290
310
331
333
295
197
107
54
40
45
21
-27
-127
-236
-322
-359
-367
-371
-420
-504
-616
-702
-734
-725
-692
-673
-681
-712
-759
-780
-760
-700
-651
-640
-664
-702
-721
-720
-687
-657
-631
-622
-613
-631
-650
-671
-689
-694
-717
-723
-714
-714
-723
-756
-789
-726
-636
-421
-206
-26
78
-1
-78
-110
12
270
528
726
827
826
826
808
857
976
1101
1208
1224
1158
1098
1058
1054
1057
956
864
756
709
712
685
646
543
400
223
57
-35
-33
36
107
124
78
-18
-91
-82
-3
117
182
229
245
267
298
313
331
334
334
329
332
337
358
355
334
266
172
94
48
31
29
-3
-59
-150
-248
-312
-362
-371
-389
-426
-493
-576
-634
-658
-660
-652
-638
-633
-636
-652
-657
-645
-619
-594
-587
-576
-587
-588
-609
-607
-610
-612
-607
-615
-599
-607
-607
-641
-683
-725
-757
-760
-752
-734
-736
-766
-779
-729
-597
-331
-73
128
139
-15
-114
-63
187
503
721
870
922
912
896
863
952
1105
1264
1326
1241
1117
1042
1032
1057
1021
898
774
655
614
606
579
542
414
246
47
-121
-163
-119
-29
34
36
8
-59
-122
-95
12
181
277
322
307
327
349
377
396
400
399
380
374
361
366
342
316
243
149
55
-7
-39
-32
-46
-92
-195
-304
-384
-426
-429
-436
-442
-486
-548
-613
-647
-645
-622
-592
-571
-559
-567
-568
-543
-515
-488
-497
-504
-519
-521
-534
-540
-555
-575
-576
-601
-600
-635
-643
-674
-706
-741
-779
-782
-792
-779
-797
-821
-858
-868
-779
-623
-328
-46
156
192
7
-69
-47
220
544
776
957
1010
1033
990
956
989
1108
1257
1296
1252
1114
1057
1027
996
921
734
612
476
454
459
438
416
272
101
-119
-287
-331
-277
-166
-109
-73
-84
-81
-97
-73
36
140
265
295
327
391
471
550
546
488
395
344
332
368
410
403
362
249
118
-2
-83
-97
-92
-70
-125
-217
-326
-409
-427
-451
-461
-487
-510
-528
-535
-533
-530
-507
-510
-504
-502
-493
-451
-400
-352
-334
-350
-385
-420
-442
-453
-445
-443
-457
-496
-562
-613
-651
-641
-649
-659
-707
-767
-799
-852
-855
-853
-820
-802
-831
-871
-854
-740
-516
-191
80
282
243
91
32
109
422
746
981
1132
1144
1128
1063
1035
1093
1190
1295
1252
1154
1013
949
919
887
760
563
389
233
240
258
276
263
114
-66
-292
-438
-438
-330
-190
-140
-144
-218
-221
-110
106
376
531
541
470
372
405
488
654
746
728
598
432
316
283
333
350
337
201
43
-79
-138
-125
-90
-115
-193
-344
-451
-488
-426
-344
-316
-347
-459
-537
-553
-495
-393
-305
-282
-313
-368
-410
-361
-268
-183
-149
-188
-268
-325
-352
-355
-340
-390
-450
-541
-618
-672
-684
-659
-660
-683
-791
-881
-944
-942
-881
-824
-778
-809
-843
-922
-920
-837
-679
-419
-98
190
420
417
262
185
227
508
817
1038
1184
1264
1265
1238
1131
1066
1061
1117
1105
1033
923
824
787
707
548
314
124
-19
-1
53
85
109
4
-138
-312
-473
-493
-410
-249
-122
-39
-39
-41
32
225
457
601
593
508
520
580
687
718
740
685
592
438
295
249
266
293
252
121
-65
-188
-253
-246
-220
-218
-290
-346
-432
-439
-401
-354
-311
-316
-347
-407
-389
-341
-240
-154
-144
-175
-224
-266
-252
-173
-109
-74
-102
-193
-285
-361
-420
-426
-437
-490
-555
-632
-690
-726
-754
-795
-834
-874
-922
-936
-935
-913
-870
-836
-843
-848
-863
-847
-800
-710
-560
-376
-199
-8
217
439
615
529
498
447
615
893
1046
1205
1234
1260
1192
1076
917
840
873
866
830
717
535
462
359
295
141
12
-134
-180
-102
-121
-28
-65
-97
-153
-270
-328
-308
-170
-21
133
212
211
274
335
478
576
622
640
664
710
685
637
578
538
494
399
272
152
114
85
50
-21
-153
-227
-284
-303
-308
-299
-280
-258
-233
-261
-254
-242
-206
-141
-121
-123
-134
-122
-88
-42
-23
-45
-65
-105
-140
-143
-171
-155
-166
-194
-272
-371
-463
-516
-534
-577
-617
-674
-722
-767
-804
-868
-905
-933
-952
-916
-909
-876
-852
-822
-794
-770
-749
-724
-685
-644
-584
-446
-277
-97
31
131
292
454
673
667
704
665
738
908
966
1050
1040
1079
1057
997
856
698
646
616
589
537
365
278
178
155
78
8
-72
-120
-51
-67
-5
-8
5
33
21
5
-29
6
79
201
304
324
347
365
473
553
609
594
588
601
595
526
414
348
291
279
213
102
26
-33
-77
-97
-168
-213
-232
-209
-190
-143
-124
-107
-46
-33
-5
-9
-8
4
57
68
62
47
14
21
22
-7
-47
-93
-147
-169
-204
-239
-260
-293
-334
-395
-489
-567
-618
-651
-680
-726
-785
-819
-843
-863
-890
-914
-944
-930
-918
-872
-831
-768
-721
-684
-675
-682
-656
-630
-550
-521
-401
-265
-44
156
256
270
291
374
523
656
726
767
841
921
941
926
831
816
809
800
720
615
502
475
482
443
343
213
92
69
78
79
70
60
72
90
73
20
-19
-9
58
115
132
112
112
152
215
232
214
182
207
298
401
449
452
398
333
285
209
156
123
118
126
127
67
10
-39
-66
-63
-62
-88
-76
-43
10
84
123
126
127
117
95
109
103
120
150
155
125
81
0
-51
-66
-86
-104
-134
-194
-238
-280
-333
-379
-430
-481
-522
-562
-620
-656
-698
-727
-749
-790
-824
-858
-869
-871
-861
-850
-843
-817
-805
-777
-751
-712
-655
-598
-548
-513
-506
-486
-465
-427
-369
-259
-67
144
357
433
456
413
448
465
524
575
624
757
838
899
848
780
701
657
616
544
474
431
415
465
436
393
286
184
129
92
81
45
83
103
157
172
106
32
-24
-29
-2
22
34
56
112
150
174
132
96
75
88
117
150
208
277
356
373
321
223
124
99
125
167
219
203
208
195
177
156
125
121
129
186
198
213
223
231
267
273
237
185
139
123
141
155
135
105
64
5
-29
-98
-152
-181
-197
-207
-247
-313
-401
-449
-499
-533
-574
-634
-665
-690
-705
-736
-777
-815
-830
-822
-820
-825
-825
-835
-788
-762
-717
-681
-644
-580
-512
-453
-419
-389
-379
-341
-327
-306
-307
-283
-232
-69
141
375
565
622
593
518
443
395
422
458
582
714
805
823
781
679
595
536
454
398
324
264
259
283
277
272
204
128
73
22
-24
-35
-25
9
84
107
79
32
-34
-60
-54
-36
-2
53
112
179
215
211
188
164
150
148
137
117
111
107
121
140
156
202
257
294
322
256
186
123
126
167
250
306
327
358
330
312
276
236
225
248
263
272
254
222
216
223
204
177
112
29
-6
-50
-81
-117
-153
-211
-228
-289
-372
-441
-520
-562
-580
-595
-620
-639
-659
-668
-673
-697
-721
-730
-726
-699
-674
-661
-647
-631
-601
-573
-546
-543
-519
-499
-445
-400
-350
-315
-272
-242
-232
-229
-263
-282
-297
-286
-285
-285
-290
-214
-74
127
313
412
412
332
248
168
145
169
253
413
565
668
683
605
501
406
343
295
258
221
220
256
285
291
258
188
142
105
65
34
-1
-20
24
84
118
128
101
61
38
24
9
22
57
120
209
266
284
260
229
204
193
175
155
138
124
135
147
137
118
98
93
123
147
167
181
180
194
209
234
240
258
269
275
299
277
266
253
243
252
252
251
226
197
162
126
107
57
35
5
-24
-39
-86
-132
-191
-245
-298
-325
-349
-381
-387
-404
-413
-425
-446
-464
-484
-487
-489
-475
-465
-453
-426
-403
-375
-363
-369
-368
-382
-381
-368
-351
-329
-310
-298
-298
-313
-338
-363
-374
-371
-370
-337
-341
-346
-353
-404
-420
-484
-518
-563
-587
-571
-504
-336
-139
84
249
320
311
224
130
81
82
166
332
530
703
823
831
768
654
534
437
383
365
369
422
458
478
466
406
344
265
201
147
82
25
-9
-13
-14
8
10
4
-10
-33
-63
-90
-98
-94
-35
48
136
216
259
284
277
251
229
201
184
190
212
239
255
259
240
211
181
132
95
55
36
65
109
181
226
251
248
215
184
132
107
76
79
110
137
166
166
150
123
91
73
53
39
26
26
33
25
21
-8
-25
-46
-59
-76
-104
-146
-187
-211
-231
-240
-241
-238
-231
-227
-227
-243
-272
-298
-314
-308
-293
-273
-254
-242
-238
-254
-268
-292
-321
-334
-331
-320
-308
-297
-300
-311
-333
-374
-404
-450
-483
-496
-498
-482
-479
-478
-496
-535
-586
-654
-692
-734
-750
-741
-714
-637
-527
-353
-159
32
180
256
284
236
194
153
167
248
388
576
743
869
898
856
750
606
473
371
314
311
342
395
422
407
354
278
188
108
44
-2
-31
-36
-24
3
40
67
101
135
156
173
173
169
166
174
213
268
331
380
415
413
373
303
209
117
41
-4
-18
-8
1
1
-17
-63
-126
-199
-264
-314
-337
-334
-299
-256
-199
-133
-66
7
56
106
111
117
107
110
139
182
268
352
450
510
528
497
432
347
281
238
234
260
297
337
344
324
256
174
71
2
-60
-87
-105
-107
-120
-135
-154
-193
-221
-256
-272
-288
-297
-308
-318
-330
-330
-318
-302
-276
-261
-253
-264
-289
-330
-374
-410
-435
-434
-416
-400
-387
-397
-428
-469
-528
-577
-621
-644
-645
-627
-600
-572
-554
-538
-548
-548
-571
-580
-588
-592
-566
-551
-506
-478
-419
-348
-242
-95
60
231
365
456
506
495
470
435
433
471
554
677
796
891
931
908
833
706
569
439
343
303
299
317
336
321
279
219
141
64
-6
-52
-88
-106
-112
-120
-118
-119
-98
-74
-41
-8
18
36
56
70
85
116
159
209
272
329
361
368
354
310
258
217
194
186
205
226
239
233
203
150
78
15
-44
-84
-98
-93
-82
-67
-56
-54
-59
-51
-41
-23
7
44
80
118
151
178
201
229
261
294
332
360
357
342
297
244
188
151
121
108
113
108
94
58
-1
-75
-155
-218
-261
-281
-282
-268
-256
-254
-262
-284
-310
-330
-343
-333
-310
-274
-243
-211
-182
-163
-140
-126
-106
-97
-85
-79
-87
-103
-127
-154
-174
-195
-211
-228
-258
-292
-340
-391
-440
-485
-514
-532
-537
-540
-545
-555
-579
-605
-624
-635
-633
-620
-598
-573
-556
-543
-536
-535
-528
-502
-458
-386
-275
-142
5
152
266
344
377
380
356
341
340
365
425
507
601
673
716
721
676
602
521
435
365
323
309
311
332
350
352
343
320
277
231
185
140
101
80
76
76
93
121
141
166
184
189
178
161
138
115
109
121
137
161
188
195
180
155
104
37
-21
-64
-96
-104
-89
-77
-68
-63
-78
-106
-133
-160
-186
-194
-179
-167
-141
-108
-85
-66
-34
-3
24
65
107
142
176
211
239
261
289
310
326
341
352
353
343
330
298
261
228
190
155
132
112
86
63
37
0
-37
-75
-109
-142
-161
-172
-190
-196
-207
-222
-243
-255
-271
-284
-280
-272
-260
-238
-220
-208
-202
-190
-192
-191
-183
-177
-177
-172
-169
-179
-195
-206
-230
-254
-268
-281
-299
-307
-321
-345
-369
-392
-420
-437
-436
-435
-428
-410
-402
-406
-406
-417
-427
-439
-433
-421
-400
-359
-323
-289
-263
-249
-243
-245
-229
-205
-145
-47
63
181
282
347
372
356
329
294
274
285
324
391
466
532
563
559
519
455
391
335
298
284
291
308
322
327
315
291
258
226
201
179
159
145
129
121
118
119
129
137
155
168
175
171
151
130
114
107
116
134
161
177
182
167
129
76
16
-33
-64
-74
-60
-42
-22
-15
-24
-48
-76
-112
-138
-150
-146
-130
-101
-76
-53
-42
-30
-21
-5
15
37
62
84
102
114
127
143
162
187
211
230
235
229
212
193
170
156
148
144
137
130
112
88
51
16
-24
-54
-75
-88
-99
-108
-123
-143
-161
-181
-200
-210
-212
-215
-211
-202
-194
-190
-176
-163
-145
-127
-111
-101
-97
-98
-104
-115
-119
-129
-138
-143
-149
-169
-192
-219
-252
-288
-311
-337
-355
-370
-391
-414
-437
-462
-482
-490
-480
-465
-437
-410
-390
-384
-384
-387
-388
-381
-359
-323
-280
-233
-192
-160
-141
-134
-130
-117
-91
-52
11
76
140
197
229
241
238
224
212
213
231
255
293
330
356
370
374
363
337
309
293
275
270
273
279
280
287
291
288
284
278
253
236
216
189
163
152
146
144
156
167
162
156
143
118
89
72
56
47
49
62
67
72
70
52
24
4
-20
-41
-44
-40
-36
-24
-11
-9
-13
-14
-22
-31
-31
-26
-22
-7
18
39
60
85
95
98
99
98
90
86
93
101
110
130
144
151
149
141
124
102
84
65
53
49
47
45
44
36
19
-5
-24
-53
-79
-98
-113
-127
-133
-132
-138
-146
-151
-158
-167
-173
-171
-176
-168
-156
-143
-129
-112
-98
-90
-81
-71
-72
-68
-63
-61
-63
-59
-57
-66
-75
-85
-106
-121
-136
-156
-175
-189
-203
-222
-231
-241
-251
-257
-258
-265
-276
-284
-294
-305
-309
-306
-300
-286
-267
-252
-241
-227
-221
-214
-200
-180
-164
-133
-110
-92
-88
-88
-108
-120
-127
-109
-83
-35
12
54
74
86
68
45
21
22
42
99
168
238
287
311
303
284
258
247
243
272
312
353
386
405
394
365
337
316
292
288
290
292
293
290
273
245
219
193
171
160
148
123
104
83
57
38
32
23
13
8
3
-17
-36
-56
-75
-86
-78
-72
-61
-52
-49
-59
-56
-59
-63
-60
-46
-39
-28
-16
-7
-9
-1
4
20
34
58
68
82
87
90
84
86
80
86
90
103
104
105
97
91
76
70
61
53
40
30
19
10
-2
-14
-32
-43
-64
-76
-93
-105
-117
-122
-121
-122
-126
-131
-143
-150
-157
-158
-157
-146
-136
-127
-115
-111
-114
-119
-121
-125
-123
-116
-111
-112
-112
-119
-131
-142
-158
-172
-183
-188
-193
-199
-206
-217
-230
-243
-252
-262
-264
-262
-258
-249
-242
-236
-235
-230
-224
-220
-203
-196
-182
-167
-151
-133
-115
-96
-83
-73
-60
-64
-68
-67
-73
-74
-55
-33
-16
6
19
8
-8
-11
-19
1
40
95
138
178
200
191
172
155
136
146
178
225
261
305
327
316
301
284
255
237
244
252
259
280
283
270
257
245
214
196
182
162
147
146
136
125
120
112
91
73
58
34
14
9
6
6
12
16
6
-7
-22
-42
-55
-57
-55
-50
-37
-27
-33
-40
-48
-61
-67
-63
-51
-43
-26
-11
-4
4
9
8
12
17
20
21
28
30
38
50
67
79
89
91
83
67
50
34
25
27
40
51
61
61
48
27
6
-15
-28
-28
-26
-20
-14
-16
-28
-39
-55
-68
-75
-75
-74
-68
-61
-59
-55
-53
-57
-66
-76
-86
-97
-100
-101
-101
-97
-96
-100
-110
-129
-151
-170
-190
-196
-202
-200
-205
-213
-232
-251
-266
-276
-274
-265
-257
-247
-238
-224
-214
-206
-199
-201
-195
-185
-167
-153
-134
-118
-108
-99
-90
-88
-86
-79
-63
-60
-39
-30
-22
-13
6
10
9
8
0
3
52
112
169
225
240
219
176
146
117
113
150
200
251
299
305
280
234
199
169
154
176
180
195
206
210
189
167
139
107
87
90
86
85
94
93
92
92
80
50
24
6
-2
6
30
47
61
71
62
35
2
-29
-49
-49
-28
-8
2
2
-14
-39
-60
-80
-83
-78
-56
-32
-18
-12
-18
-28
-29
-23
-12
-7
5
18
28
44
56
61
59
60
58
53
52
54
60
79
97
103
95
76
52
25
14
9
5
8
11
9
-3
-18
-39
-58
-66
-67
-63
-64
-63
-67
-67
-65
-66
-68
-72
-73
-73
-69
-62
-56
-50
-42
-40
-49
-65
-79
-92
-96
-85
-74
-74
-81
-97
-123
-146
-157
-173
-180
-179
-185
-194
-205
-222
-245
-252
-248
-246
-235
-227
-228
-229
-227
-218
-211
-194
-178
-171
-152
-138
-128
-108
-93
-79
-78
-74
-82
-101
-97
-98
-91
-78
-75
-84
-105
-120
-137
-139
-113
-89
-41
2
29
45
69
98
124
161
188
193
200
221
245
278
315
336
340
334
311
284
262
259
258
276
282
260
221
182
151
124
124
122
114
105
98
76
48
27
3
-7
-3
0
5
11
18
25
40
51
42
37
33
29
36
51
61
66
68
61
41
16
-8
-16
-5
7
16
15
2
-17
-31
-35
-38
-36
-26
-14
-5
1
2
0
2
7
15
18
19
18
23
35
49
53
54
41
35
30
29
25
20
19
11
2
-10
-31
-50
-58
-58
-52
-52
-55
-72
-82
-92
-101
-104
-103
-102
-96
-88
-82
-81
-79
-70
-64
-55
-53
-53
-52
-44
-26
-9
0
-1
-14
-22
-31
-32
-34
-34
-39
-50
-62
-84
-101
-112
-122
-121
-123
-130
-143
-154
-163
-169
-160
-162
-158
-151
-148
-144
-138
-132
-124
-114
-94
-91
-87
-86
-86
-79
-69
-56
-63
-71
-77
-94
-105
-111
-125
-146
-161
-184
-218
-246
-274
-286
-227
-118
7
86
96
26
-69
-114
-87
3
127
247
317
330
297
242
181
183
220
284
328
333
300
260
242
231
204
164
114
85
97
129
165
161
140
79
1
-63
-104
-103
-48
39
95
102
54
-17
-74
-65
-24
36
90
122
128
114
85
43
20
19
33
50
60
47
36
34
33
14
-19
-61
-86
-77
-37
6
25
26
-1
-29
-61
-72
-67
-32
20
63
73
52
7
-23
-25
0
32
54
68
64
55
36
14
-12
-22
-20
-6
-3
-5
-19
-32
-41
-59
-82
-114
-132
-131
-109
-82
-76
-83
-101
-123
-128
-132
-123
-106
-79
-50
-41
-45
-69
-83
-81
-61
-32
-15
-9
-9
-10
-9
-20
-34
-48
-57
-52
-52
-54
-68
-75
-84
-91
-106
-129
-148
-148
-128
-106
-93
-102
-118
-130
-126
-119
-100
-88
-74
-65
-54
-60
-65
-64
-59
-45
-38
-43
-63
-75
-88
-91
-103
-123
-162
-194
-215
-210
-186
-137
-53
28
73
57
-18
-87
-111
-48
59
158
225
231
211
170
156
162
178
223
276
291
286
245
206
183
188
183
154
124
119
131
170
189
157
88
14
-28
-45
-22
21
52
73
77
28
-26
-58
-45
1
70
109
107
78
56
47
43
54
53
57
71
78
74
58
39
26
8
5
-15
-25
-17
6
29
33
6
-33
-62
-57
-25
4
36
39
28
10
-5
-12
-5
20
53
69
68
52
33
34
44
45
41
23
6
0
6
13
5
-8
-37
-61
-72
-86
-82
-79
-71
-78
-104
-129
-149
-144
-122
-98
-86
-94
-106
-113
-110
-93
-82
-72
-61
-56
-53
-49
-44
-35
-21
-12
-12
-24
-39
-50
-48
-43
-44
-59
-83
-99
-110
-113
-113
-115
-115
-120
-126
-133
-141
-143
-138
-128
-120
-108
-102
-87
-77
-70
-74
-75
-74
-67
-58
-49
-42
-46
-51
-59
-67
-75
-81
-97
-106
-119
-141
-165
-176
-174
-155
-144
-140
-122
-74
-22
16
-2
-31
-61
-29
34
109
165
188
182
169
174
190
197
222
258
266
270
230
185
164
183
190
186
147
122
95
108
116
97
56
14
-13
-18
-12
-9
-12
-10
-6
-31
-55
-65
-55
-24
20
31
21
-6
-16
-9
15
29
29
22
28
21
14
2
-9
-8
-5
-7
-21
-36
-43
-38
-29
-24
-42
-60
-62
-49
-35
-23
-27
-30
-34
-26
-18
-4
34
108
185
254
238
181
119
109
154
211
256
257
225
181
135
107
89
86
96
94
78
23
-35
-74
-69
-70
-83
-113
-144
-145
-121
-102
-101
-128
-163
-180
-169
-142
-118
-97
-77
-72
-79
-96
-100
-74
-34
9
15
-7
-37
-65
-68
-56
-60
-75
-93
-105
-119
-139
-162
-185
-188
-179
-173
-173
-174
-179
-178
-163
-149
-131
-119
-99
-78
-61
-55
-60
-63
-51
-42
-26
-13
-7
-1
-3
-9
-29
-42
-58
-54
-49
-49
-67
-94
-128
-150
-159
-151
-132
-115
-108
-118
-129
-122
-94
-52
-22
-9
-6
1
33
75
126
163
185
192
198
211
229
253
278
289
285
268
247
235
246
257
253
229
192
159
141
136
126
104
73
38
5
-17
-30
-38
-42
-48
-64
-83
-97
-95
-83
-64
-55
-56
-60
-60
-49
-28
-12
-4
-4
-2
0
6
15
22
31
31
28
18
11
9
14
14
12
-1
-13
-27
-30
-34
-35
-41
-50
-57
-59
-55
-42
26
102
144
120
26
-13
3
113
207
236
209
131
83
68
110
149
173
170
141
84
35
-8
5
33
63
11
-42
-96
-94
-67
-47
-67
-117
-154
-162
-138
-117
-112
-136
-147
-160
-163
-160
-129
-93
-68
-78
-102
-133
-119
-88
-51
-34
-47
-82
-104
-103
-93
-89
-89
-94
-104
-113
-135
-140
-136
-114
-108
-109
-123
-123
-118
-100
-95
-99
-111
-118
-115
-110
-99
-94
-85
-87
-94
-116
-124
-116
-93
-75
-77
-104
-130
-141
-133
-128
-132
-143
-162
-167
-137
-72
-1
32
-6
-70
-103
-73
3
85
139
137
103
71
73
119
184
224
252
243
214
184
177
209
246
256
235
194
178
181
200
205
185
146
107
97
96
95
81
56
26
-1
-21
-22
-6
10
0
-22
-52
-61
-50
-24
-1
6
-10
-30
-38
-30
-19
-10
-1
1
-1
-11
-13
-14
-10
-8
-8
-7
-7
-7
-6
-10
-14
-24
-28
-22
-13
-10
-18
-25
-34
-32
-18
9
28
33
18
14
26
53
74
89
93
90
89
94
106
109
104
96
94
97
96
88
77
60
44
30
28
30
31
22
5
-13
-28
-34
-28
-23
-23
-35
-50
-62
-66
-61
-52
-46
-48
-55
-64
-64
-61
-56
-52
-55
-60
-60
-55
-49
-52
-66
-79
-78
-65
-60
-63
-74
-86
-92
-91
-82
-73
-67
-73
-83
-89
-84
-72
-63
-61
-71
-77
-75
-66
-48
-41
-42
-54
-70
-79
-80
-66
-48
-40
-47
-66
-79
-77
-67
-57
-54
-59
-62
-65
-64
-64
-74
-82
-85
-74
-62
-55
-60
-72
-79
-83
-76
-69
-56
-56
-50
-40
-32
-24
-19
-6
8
25
40
45
55
61
67
76
84
95
101
108
110
110
108
104
107
115
122
118
113
100
94
91
92
95
90
85
76
73
68
65
65
63
62
56
52
48
48
46
43
40
39
40
40
40
38
32
28
25
25
27
25
22
14
4
0
1
10
11
7
0
-2
5
10
8
-2
-10
-4
6
16
13
3
-7
-11
-7
-1
5
6
0
-11
-24
-29
-26
-18
-13
-17
-30
-46
-55
-54
-50
-44
-49
-57
-69
-77
-81
-80
-79
-77
-78
-83
-92
-99
-102
-100
-100
-104
-110
-114
-110
-109
-115
-126
-135
-136
-128
-120
-116
-122
-132
-141
-137
-126
-111
-100
-104
-113
-121
-106
-91
-72
-57
-66
-55
-57
-33
-24
-16
-16
-9
-11
-15
-11
-15
-10
-9
-11
-21
-23
-34
-30
-28
-32
-59
-63
-86
-83
-83
-68
-42
8
50
61
20
-23
-6
48
116
150
142
117
87
83
103
148
185
195
172
145
118
112
120
140
150
127
102
70
61
69
77
75
71
53
48
40
39
32
19
16
18
19
30
32
34
29
18
24
33
54
63
58
49
32
22
22
23
34
29
19
4
-9
-15
-20
-20
-22
-32
-36
-42
-48
-50
-55
-56
-54
-46
-41
-39
-35
-39
-42
-39
-31
-21
-9
-5
-6
2
24
40
45
29
40
55
87
93
84
66
57
65
78
94
100
86
70
57
56
61
69
74
62
50
28
24
18
28
30
27
17
7
1
2
-2
-4
-13
-10
-13
-14
-22
-33
-46
-45
-50
-48
-47
-52
-61
-77
-87
-98
-96
-95
-100
-110
-122
-136
-139
-141
-143
-146
-148
-151
-152
-147
-140
-141
-140
-140
-142
-135
-126
-118
-110
-101
-98
-94
-88
-81
-75
-63
-58
-53
-56
-52
-54
-47
-44
-35
-35
-38
-45
-48
-42
-33
-24
-25
-32
-41
-44
-43
-29
-24
-27
-34
-38
-44
-36
-29
-23
-30
-30
-35
-34
-23
-12
-2
3
-6
-14
-7
11
26
28
34
22
19
21
32
44
55
38
39
34
42
42
50
49
49
44
41
38
45
53
56
54
52
50
55
60
68
64
67
74
65
77
76
77
74
77
76
79
84
75
74
72
71
70
68
64
53
49
42
39
38
41
30
23
16
12
13
14
10
5
1
-3
-3
-1
-1
-6
-6
-12
-13
-12
-11
-15
-19
-25
-30
-31
-32
-33
-37
-40
-48
-52
-53
-54
-57
-62
-67
-70
-71
-69
-70
-68
-69
-74
-75
-75
-71
-65
-63
-66
-68
-68
-69
-69
-69
-67
-70
-72
-73
-74
-75
-77
-81
-79
-75
-76
-82
-89
-87
-86
-79
-73
-70
-74
-80
-78
-65
-49
-43
-53
-72
-62
-43
-18
-18
-31
-46
-53
-48
-38
-20
-6
-22
-51
-73
-70
-51
-40
-43
-55
-60
-46
-20
17
47
50
32
13
35
76
112
129
120
106
97
105
132
155
173
166
138
125
118
127
139
139
128
106
87
84
80
88
92
81
75
57
57
51
47
40
32
29
32
25
31
23
18
15
17
26
30
30
23
9
0
-2
0
7
2
-5
-20
-31
-37
-34
-30
-30
-38
-47
-56
-57
-52
-48
-43
-42
-43
-45
-39
-32
-25
-21
-17
-19
-14
-11
-3
1
0
-1
2
8
16
20
20
12
7
6
11
21
25
21
10
3
2
6
14
15
15
13
4
1
1
8
12
10
5
2
7
14
14
12
10
12
12
11
11
10
11
9
4
-1
-2
-5
-9
-13
-14
-17
-20
-25
-29
-31
-34
-42
-50
-58
-61
-59
-58
-57
-60
-60
-62
-65
-67
-66
-61
-56
-58
-60
-63
-67
-69
-63
-58
-55
-53
-56
-59
-59
-56
-55
-59
-55
-52
-56
-63
-69
-68
-55
-49
-46
-53
-54
-57
-56
-46
-33
-28
-35
-45
-43
-39
-32
-30
-24
-14
-11
-12
-17
-19
-10
-4
-4
-7
-6
-6
-9
-4
-2
5
4
0
-9
-5
-3
0
-3
2
0
-3
-7
-9
-8
-5
-1
-3
-4
-8
-9
-11
-6
-4
0
-10
-16
-22
-15
-10
-3
-8
-14
-14
-14
-10
-5
1
0
1
1
3
9
15
19
24
27
36
38
41
38
40
48
53
57
59
60
56
52
52
55
62
65
61
55
53
50
51
53
54
52
49
42
36
34
34
34
31
25
19
18
16
8
2
-3
-8
-13
-17
-22
-25
-31
-38
-45
-43
-42
-43
-46
-54
-59
-60
-59
-58
-59
-64
-69
-68
-68
-68
-65
-66
-67
-66
-65
-66
-65
-63
-61
-62
-61
-59
-57
-52
-45
-44
-50
-51
-48
-38
-31
-30
-35
-30
-27
-25
-22
-18
-15
-14
-14
-13
-10
-8
-4
-6
-4
-9
-9
-10
-7
-9
-9
-15
-17
-20
-14
-18
-21
-27
-29
-28
-27
-29
-35
-34
-27
-17
-11
-8
-11
-9
1
13
22
29
29
26
25
34
45
56
58
54
54
57
57
62
72
75
72
67
66
65
69
72
74
76
73
69
70
71
70
70
71
68
61
58
56
59
57
55
50
46
43
39
36
35
30
24
17
11
11
8
1
-10
-18
-24
-25
-26
-26
-28
-37
-47
-51
-47
-43
-40
-39
-44
-48
-50
-45
-35
-27
-25
-26
-26
-26
-28
-20
-8
1
-1
-6
-4
-2
1
3
9
14
15
10
7
9
13
13
14
12
13
11
5
1
2
3
1
-3
-6
-8
-11
-19
-24
-28
-37
-43
-47
-48
-55
-65
-73
-79
-83
-87
-87
-89
-97
-109
-114
-113
-107
-108
-112
-116
-123
-131
-126
-112
-108
-113
-119
-120
-120
-114
-104
-95
-96
-100
-106
-97
-87
-76
-69
-66
-72
-76
-71
-60
-48
-39
-39
-52
-55
-51
-37
-26
-21
-27
-33
-44
-43
-30
-7
7
20
22
17
3
15
38
57
67
63
51
44
47
56
72
88
87
69
63
64
67
73
83
81
77
69
64
59
66
78
80
77
74
71
72
68
64
65
67
65
60
59
57
54
51
54
55
57
50
42
37
33
27
27
22
19
13
9
1
-7
-12
-13
-14
-14
-18
-19
-23
-37
-41
-35
-21
-21
-24
-26
-30
-37
-36
-30
-19
-18
-22
-28
-28
-31
-29
-23
-17
-15
-20
-22
-23
-20
-16
-11
-13
-10
-14
-13
-14
-11
-10
-4
-3
1
1
-2
-5
1
10
17
18
16
13
8
9
12
21
22
16
7
6
6
4
4
11
9
2
-5
-4
-2
-1
-1
2
1
-6
-12
-11
-3
1
-2
-10
-13
-9
-7
-8
-7
-10
-11
-15
-14
-9
-7
-5
-5
-9
-10
-6
-1
1
1
3
0
-5
-4
-2
4
8
5
-3
-8
-3
-2
2
7
4
-2
-8
-7
-7
-5
-4
-7
-9
-15
-21
-22
-22
-23
-24
-22
-27
-34
-40
-41
-43
-40
-38
-41
-47
-52
-55
-50
-46
-48
-48
-51
-57
-61
-56
-55
-55
-55
-58
-60
-63
-62
-60
-54
-53
-53
-52
-48
-50
-48
-43
-41
-42
-39
-31
-26
-24
-23
-24
-19
-20
-17
-12
-4
-3
-6
-5
-6
-3
4
11
15
14
12
9
13
18
24
27
26
22
17
20
24
28
28
24
23
21
19
23
24
24
18
17
17
21
20
13
5
5
5
6
8
6
2
-6
-10
-10
-4
-4
-7
-12
-11
-15
-17
-19
-15
-12
-11
-18
-21
-19
-18
-18
-17
-15
-16
-16
-18
-19
-17
-15
-16
-15
-16
-13
-15
-15
-20
-19
-15
-13
-16
-18
-22
-26
-27
-25
-21
-19
-20
-27
-31
-30
-27
-24
-22
-24
-29
-33
-33
-30
-25
-23
-25
-31
-34
-34
-26
-20
-19
-23
-26
-27
-24
-20
-16
-15
-16
-18
-18
-12
-8
-4
-7
-11
-10
-6
-2
1
3
3
0
-1
5
13
19
17
15
15
19
23
27
31
31
26
25
28
34
37
37
34
31
30
32
35
35
34
31
31
30
30
32
33
28
26
27
30
29
28
25
22
22
20
24
27
24
19
16
16
19
21
22
19
17
12
10
11
17
17
16
12
7
5
7
7
8
11
8
5
2
3
3
5
6
7
7
3
-1
-3
-3
-2
-3
-3
-7
-11
-14
-16
-15
-16
-17
-22
-26
-31
-34
-35
-36
-37
-37
-42
-45
-50
-52
-52
-52
-50
-49
-51
-57
-62
-62
-60
-57
-56
-58
-62
-66
-66
-59
-54
-49
-51
-53
-55
-54
-51
-47
-45
-46
-45
-43
-44
-42
-39
-35
-34
-32
-28
-25
-23
-24
-22
-18
-15
-13
-10
-6
-3
-3
0
4
9
12
15
16
16
19
20
20
20
23
26
26
25
22
25
24
25
27
29
27
23
19
21
22
25
25
22
18
14
16
22
25
23
20
17
15
15
21
25
23
17
12
12
14
19
21
21
15
10
8
12
16
20
16
10
4
2
8
13
12
10
6
3
2
3
7
5
2
-3
-6
-7
-8
-9
-12
-15
-18
-20
-24
-27
-30
-32
-37
-40
-43
-45
-47
-52
-56
-58
-59
-59
-60
-62
-64
-66
-67
-65
-63
-66
-68
-69
-71
-69
-67
-63
-66
-68
-68
-68
-65
-63
-60
-57
-55
-55
-55
-51
-48
-43
-38
-35
-34
-35
-34
-27
-23
-16
-13
-12
-13
-11
-6
-2
0
3
6
6
5
9
13
17
17
20
22
23
23
23
24
27
27
28
28
29
28
25
26
26
29
28
28
24
24
24
24
24
25
23
23
20
19
20
21
21
20
19
18
16
16
15
15
18
20
20
17
18
16
18
21
21
23
21
20
18
21
22
22
21
20
17
19
19
19
18
18
16
17
19
18
17
13
11
10
12
15
14
11
5
2
-1
-1
0
1
-2
-8
-13
-16
-17
-15
-13
-16
-21
-28
-31
-32
-31
-30
-32
-33
-37
-41
-42
-43
-42
-42
-41
-43
-45
-47
-51
-52
-49
-45
-44
-46
-47
-51
-51
-48
-46
-42
-42
-43
-45
-45
-42
-39
-32
-26
-26
-28
-29
-27
-24
-19
-15
-12
-12
-15
-13
-7
-3
1
4
6
3
2
4
7
12
14
15
15
10
13
14
20
22
24
25
22
19
19
22
25
26
26
26
21
20
19
24
23
24
21
22
17
15
15
16
18
18
16
15
13
11
10
11
12
10
10
8
6
4
5
7
5
4
6
5
5
2
2
4
4
4
4
4
1
0
0
0
1
0
0
-4
-6
-6
-6
-5
-4
-4
-6
-9
-11
-11
-8
-8
-10
-12
-14
-16
-17
-16
-16
-19
-22
-24
-26
-28
-30
-33
-35
-38
-38
-40
-38
-41
-44
-46
-48
-48
-47
-47
-49
-51
-53
-55
-54
-52
-49
-48
-51
-55
-57
-54
-51
-45
-43
-43
-46
-48
-45
-40
-36
-32
-33
-35
-36
-35
-30
-26
-22
-21
-22
-21
-19
-15
-12
-9
-8
-7
-7
-6
-3
1
2
0
0
2
6
8
11
11
10
9
10
13
15
14
11
9
8
9
12
14
16
12
9
7
7
9
10
10
9
8
7
6
8
9
8
9
8
9
7
6
5
5
7
7
7
6
5
5
5
5
7
9
9
8
7
8
8
11
11
11
9
7
8
9
12
11
10
9
8
9
10
11
10
8
8
8
7
8
7
5
2
2
2
2
0
-1
-3
-6
-7
-8
-10
-12
-16
-15
-18
-20
-20
-22
-22
-23
-23
-23
-24
-27
-30
-31
-31
-28
-28
-30
-32
-33
-33
-31
-28
-26
-28
-29
-32
-31
-29
-26
-23
-25
-25
-25
-25
-22
-20
-16
-17
-17
-17
-15
-12
-10
-10
-9
-10
-8
-5
-1
0
-1
-2
-3
0
4
7
6
4
1
-1
3
7
10
9
5
3
1
2
7
8
9
5
3
4
4
6
6
6
4
3
3
2
2
1
2
2
2
4
3
2
1
1
1
1
0
-2
-2
-2
-3
-3
-4
-3
-3
-4
-4
-4
-4
-4
-5
-5
-5
-4
-7
-8
-8
-6
-5
-3
-4
-5
-8
-8
-7
-3
-1
-3
-6
-9
-8
-8
-6
-6
-8
-12
-16
-17
-15
-13
-11
-13
-15
-19
-20
-21
-18
-17
-17
-19
-22
-25
-24
-25
-23
-23
-23
-24
-26
-27
-29
-28
-29
-30
-29
-30
-29
-31
-33
-31
-30
-28
-26
-28
-29
-30
-30
-30
-29
-27
-29
-29
-31
-31
-29
-28
-26
-26
-26
-26
-26
-24
-23
-21
-22
-22
-21
-21
-19
-19
-20
-20
-18
-17
-17
-16
-18
-18
-19
-17
-16
-16
-16
-15
-13
-10
-10
-9
-10
-11
-11
-10
-8
-7
-7
-8
-9
-8
-7
-5
-5
-6
-5
-5
-5
-5
-5
-3
-5
-5
-4
-3
-3
-3
-3
-1
0
2
1
0
-2
-2
-1
0
1
2
2
2
2
2
1
3
3
3
3
3
4
4
3
2
3
4
6
4
3
4
4
5
7
8
9
7
5
6
6
7
8
6
6
5
7
7
8
7
7
7
7
9
9
8
7
5
6
7
7
7
6
6
4
6
6
6
6
5
5
4
6
6
5
4
3
4
6
7
7
3
1
0
3
4
3
2
0
-1
-3
-3
2
3
2
1
-1
0
-2
0
2
5
5
5
1
0
-1
1
-1
0
0
1
0
-4
-3
0
0
-1
-2
1
0
-1
-2
0
1
1
0
-1
0
-1
0
-2
-2
0
0
-1
-1
-4
-2
-4
-6
-3
-2
0
1
1
0
-2
-1
-1
-1
0
-1
-2
-3
-5
-6
-4
-4
-4
-4
-4
-4
-5
-5
-4
-5
-5
-4
-4
-5
-5
-5
-6
-5
-7
-7
-7
-9
-9
-10
-11
-11
-10
-9
-10
-10
-12
-12
-11
-11
-11
-12
-14
-15
-15
-14
-12
-12
-15
-16
-17
-16
-17
-16
-18
-18
-19
-20
-21
-19
-18
-21
-21
-21
-20
-19
-20
-19
-21
-21
-22
-22
-20
-21
-21
-22
-23
-22
-22
-19
-22
-23
-23
-23
-21
-19
-17
-19
-20
-21
-19
-17
-16
-16
-16
-19
-20
-19
-15
-14
-14
-15
-16
-17
-17
-15
-15
-16
-15
-15
-15
-14
-13
-13
-15
-14
-13
-12
-12
-15
-14
-16
-14
-13
-11
-10
-11
-12
-12
-10
-9
-10
-9
-10
-12
-11
-10
-8
-8
-8
-8
-9
-9
-8
-8
-9
-11
-10
-10
-8
-7
-6
-6
-7
-6
-6
-4
-5
-5
-6
-7
-6
-6
-6
-5
-5
-5
-5
-5
-6
-5
-5
-7
-5
-4
-6
-6
-5
-4
-3
-3
-1
-2
-1
-2
-4
-3
-3
-2
-1
1
0
0
1
0
0
-1
0
0
0
0
-1
-1
-1
-2
0
0
0
-1
-4
-2
-1
1
2
1
3
2
2
0
1
2
1
1
0
1
1
2
1
-1
-1
-1
0
-1
-1
-1
-1
-3
-5
-2
0
-1
-1
-2
-1
-1
-1
-1
-2
-3
-5
-6
-5
-6
-5
-5
-6
-5
-6
-6
-8
-9
-8
-8
-6
-7
-7
-8
-10
-10
-10
-10
-10
-10
-11
-12
-13
-12
-11
-10
-10
-11
-12
-13
-12
-11
-10
-11
-11
-12
-12
-13
-13
-12
-12
-12
-11
-12
-10
-13
-13
-12
-12
-10
-9
-8
-9
-9
-8
-8
-7
-8
-8
-7
-8
-9
-7
-5
-5
-6
-7
-7
-4
-3
-4
-5
-6
-6
-6
-3
-1
-2
-5
-7
-7
-5
-4
-4
-7
-7
-9
-9
-8
-8
-9
-12
-12
-12
-11
-10
-11
-11
-12
-14
-13
-13
-13
-15
-16
-16
-17
-15
-14
-15
-16
-17
-16
-16
-14
-15
-16
-17
-17
-16
-16
-14
-14
-16
-17
-18
-17
-16
-16
-17
-18
-18
-17
-16
-16
-16
-15
-16
-15
-14
-15
-16
-17
-17
-17
-17
-17
-18
-18
-20
-19
-17
-18
-17
-17
-18
-20
-19
-18
-18
-17
-18
-17
-18
-18
-17
-19
-18
-20
-22
-21
-21
-21
-21
-21
-21
-20
-20
-20
-19
-18
-19
-19
-19
-18
-18
-18
-19
-20
-18
-17
-16
-16
-16
-17
-16
-15
-14
-13
-12
-12
-13
-11
-11
-10
-11
-10
-10
-11
-11
-10
-11
-11
-11
-12
-12
-11
-10
-10
-12
-12
-12
-11
-11
-10
-10
-11
-11
-11
-11
-11
-11
-12
-11
-12
-10
-10
-10
-10
-11
-12
-11
-10
-10
-10
-10
-9
-9
-8
-8
-7
-7
-6
-7
-6
-5
-5
-3
-3
-4
-4
-4
-2
-2
-1
-1
-1
0
0
0
-1
-1
-1
-1
0
-1
0
-1
-2
-1
-1
0
0
-1
-1
-2
-1
1
1
0
0
0
-1
0
1
0
-1
-1
-1
-1
0
0
0
0
0
0
1
-1
0
-1
-1
-1
-1
0
0
0
-1
-1
-1
0
1
0
1
1
1
1
2
4
2
2
1
2
3
3
2
2
1
2
1
0
0
0
0
0
0
-1
-1
-2
-2
-1
-1
-1
-2
-2
-2
-3
-2
-3
-3
-4
-4
-3
-4
-4
-4
-4
-4
-5
-5
-3
-5
-3
-4
-3
-4
-5
-3
-3
-1
-2
-2
-1
-1
0
0
1
0
0
1
0
1
1
1
2
2
2
2
2
2
1
2
1
1
0
0
1
0
-1
0
-1
-2
-3
-2
-4
-6
-6
-6
-7
-8
-8
-9
-10
-9
-9
-10
-10
-10
-10
-12
-12
-13
-13
-13
-14
-14
-15
-16
-16
-16
-16
-17
-17
-17
-17
-19
-19
-20
-20
-19
-20
-20
-19
-21
-20
-22
-21
-21
-19
-18
-19
-19
-20
-20
-20
-21
-20
-20
-21
-20
-20
-20
-19
-19
-20
-21
-20
-20
-21
-21
-22
-21
-22
-22
-22
-21
-20
-21
-20
-22
-22
-21
-21
-21
-22
-22
-22
-22
-22
-22
-20
-21
-20
-19
-19
-20
-19
-18
-18
-18
-18
-17
-17
-18
-17
-16
-16
-14
-14
-14
-14
-16
-14
-15
-14
-13
-14
-13
-14
-12
-12
-12
-12
-12
-12
-12
-11
-12
-13
-12
-13
-12
-12
-13
-13
-13
-12
-13
-12
-12
-12
-12
-12
-11
-12
-12
-10
-11
-11
-10
-10
-10
-10
-10
-10
-9
-8
-9
-7
-8
-7
-7
-7
-7
-6
-6
-5
-6
-4
-6
-5
-4
-3
-4
-3
-3
-4
-2
-2
-2
-2
-2
-1
-1
-1
0
-1
-1
-2
-1
0
-1
1
1
1
1
0
1
1
2
1
1
2
2
2
2
3
3
3
2
2
2
2
2
2
3
4
4
4
4
3
3
3
4
3
3
3
2
4
2
2
3
3
3
3
3
4
3
3
3
4
2
3
3
2
3
2
3
3
2
3
2
3
2
1
1
0
2
0
0
-1
-1
-1
-1
-2
-1
-2
-2
-4
-3
-3
-3
-3
-4
-4
-4
-5
-5
-5
-5
-6
-6
-7
-7
-5
-6
-7
-8
-8
-8
-8
-7
-8
-8
-7
-7
-7
-8
-8
-8
-9
-7
-9
-9
-7
-8
-8
-8
-8
-8
-9
-8
-9
-9
-9
-9
-10
-10
-10
-10
-10
-11
-12
-11
-11
-11
-11
-12
-11
-13
-12
-12
-12
-12
-12
-13
-14
-13
-12
-13
-13
-14
-14
-14
-13
-13
