-1
0
0
1
0
1
0
0
1
1
1
1
0
1
-1
0
1
0
1
1
1
1
0
1
0
0
1
-1
1
0
0
0
0
1
0
0
-1
0
0
0
0
-1
0
-1
-1
-1
-1
0
-1
-1
-1
-1
-1
-1
-1
-2
-2
-2
-2
-2
-2
-2
-2
-2
-2
-2
-2
-3
-3
-3
-3
-3
-3
-3
-3
-4
-3
-4
-4
-3
-4
-4
-4
-4
-4
-4
-4
-4
-4
-4
-4
-4
-5
-4
-4
-5
-5
-5
-6
-5
-5
-5
-5
-5
-5
-5
-5
-5
-5
-5
-5
-5
-6
-6
-6
-6
-6
-6
-6
-6
-6
-7
-6
-6
-6
-6
-6
-7
-7
-6
-6
-7
-7
-7
-6
-7
-7
-7
-7
-7
-7
-8
-8
-8
-8
-8
-7
-7
-8
-7
-8
-8
-8
-8
-7
-8
-8
-8
-7
-8
-8
-8
-8
-8
-8
-8
-8
-8
-8
-8
-8
-8
-8
-8
-8
-9
-8
-9
-8
-9
-8
-8
-8
-8
-8
-8
-8
-8
-8
-8
-8
-8
-8
-8
-8
-7
-8
-7
-8
-7
-7
-7
-7
-7
-7
-7
-7
-7
-7
-7
-6
-7
-6
-7
-6
-6
-7
-6
-6
-6
-6
-6
-6
-6
-7
-7
-7
-7
-7
-6
-7
-6
-6
-6
-6
-6
-6
-6
-6
-6
-6
-6
-6
-6
-6
-6
-5
-6
-6
-5
-5
-5
-6
-5
-5
-4
-5
-5
-3
-4
-3
-4
-4
-3
-3
-3
-2
-2
-2
-2
-2
-2
-2
-2
-2
-2
-1
-2
-1
-1
-1
-1
-1
-1
-1
-1
-1
-1
-1
0
0
-1
0
0
1
1
1
1
1
1
1
1
1
1
1
1
1
1
1
1
1
1
1
1
1
1
1
1
1
1
1
1
1
2
1
1
1
1
1
1
1
1
1
1
0
1
0
1
0
-1
-1
1
-1
0
-1
-1
-1
-1
-1
-2
-1
-2
-1
-2
-2
-1
-2
-2
-2
-2
-2
-2
-2
-2
-2
-2
-2
-2
-2
-2
-2
-2
-2
-3
-2
-2
-2
-2
-3
-3
-2
-2
-2
-2
-3
-2
-2
-3
-3
-3
-3
-3
-3
-3
-3
-3
-4
-3
-4
-4
-4
-4
-4
-4
-4
-4
-5
-5
-4
-4
-5
-5
-5
-5
-6
-5
-6
-5
-6
-6
-6
-7
-6
-6
-7
-7
-7
-7
-7
-7
-8
-8
-8
-8
-8
-8
-9
-8
-8
-8
-9
-9
-9
-9
-9
-9
-9
-9
-9
-9
-9
-9
-9
-9
-9
-10
-10
-9
-10
-9
-9
-9
-10
-9
-9
-9
-9
-9
-9
-9
-9
-8
-8
-9
-9
-8
-8
-8
-8
-8
-8
-8
-8
-8
-8
-7
-8
-8
-7
-7
-7
-7
-7
-6
-7
-6
-6
-6
-6
-6
-6
-6
-6
-6
-5
-5
-5
-5
-5
-5
-4
-5
-5
-5
-5
-5
-5
-5
-5
-4
-5
-5
-4
-5
-4
-5
-5
-5
-5
-5
-5
-5
-5
-5
-5
-5
-4
-4
-5
-4
-5
-5
-5
-5
-5
-5
-5
-5
-4
-5
-4
-4
-4
-4
-3
-3
-4
-4
-3
-3
-3
-3
-3
-3
-3
-3
-2
-3
-2
-3
-2
-2
-2
-2
-2
-2
-3
-2
-2
-2
-2
-2
-1
-1
-2
-1
-1
-1
-1
0
-1
-1
-1
-1
-1
-2
-2
-1
-2
-1
-2
-1
-1
-1
-1
-2
-2
-1
-2
-1
-2
-1
-1
-2
-2
-2
-2
-1
-1
-1
-2
-1
-1
-1
-2
-2
-1
-1
-1
-2
-2
-2
-2
-2
-2
-2
-1
-2
-1
-2
-1
-1
-1
-1
-2
-2
-1
-2
-2
-2
-2
-2
-2
-2
-2
-2
-2
-2
-2
-2
-2
-2
-2
-2
-2
-2
-2
-2
-2
-2
-2
-2
-2
-2
-2
-1
-2
-2
-2
-2
-2
-2
-2
-2
-1
-2
-2
-2
-2
-1
-2
-2
-2
-2
-1
-2
-2
-2
-2
-2
-2
-2
-2
-2
-2
-2
-2
-2
-2
-2
-2
-3
-3
-3
-3
-3
-4
-3
-3
-3
-3
-4
-4
-4
-4
-4
-5
-4
-5
-5
-5
-5
-5
-5
-5
-5
-6
-5
-6
-5
-5
-6
-6
-6
-6
-6
-6
-6
-6
-6
-6
-6
-6
-6
-6
-6
-6
-6
-6
-6
-6
-5
-6
-5
-5
-5
-5
-5
-5
-5
-5
-5
-5
-5
-4
-5
-5
-5
-5
-5
-5
-5
-5
-4
-5
-5
-5
-5
-5
-5
-5
-4
-5
-4
-5
-5
-4
-5
-4
-5
-5
-4
-5
-5
-5
-5
-4
-5
-5
-5
-5
-5
-5
-6
-6
-6
-6
-6
-6
-7
-7
-7
-7
-7
-7
-8
-8
-8
-8
-8
-8
-8
-9
-9
-9
-9
-9
-10
-10
-10
-10
-10
-10
-11
-10
-10
-10
-10
-10
-10
-11
-10
-11
-10
-10
-10
-9
-9
-9
-9
-9
-8
-9
-8
-7
-8
-7
-8
-7
-7
-6
-6
-5
-5
-4
-4
-4
-4
-3
-2
-2
-2
-2
-1
0
1
1
2
2
3
3
4
4
4
5
5
6
6
6
7
7
7
7
7
8
8
8
8
8
8
8
7
8
8
8
7
7
7
6
6
5
5
5
4
4
3
3
2
1
1
-1
-1
-2
-3
-3
-4
-5
-6
-6
-7
-8
-9
-10
-10
-11
-11
-12
-14
-14
-15
-15
-16
-17
-17
-18
-18
-18
-18
-19
-19
-20
-19
-20
-20
-20
-20
-20
-20
-20
-20
-19
-19
-18
-18
-18
-17
-17
-16
-16
-15
-15
-15
-14
-14
-13
-12
-12
-11
-11
-10
-9
-8
-7
-6
-5
-3
-1
1
2
4
6
9
10
12
15
18
20
22
25
27
28
30
32
35
37
39
40
41
43
44
45
46
46
47
48
48
47
47
46
45
44
42
41
39
37
35
33
31
29
27
25
23
21
18
15
12
9
6
3
-2
-5
-10
-14
-19
-23
-27
-32
-36
-40
-45
-49
-52
-55
-59
-61
-64
-66
-68
-69
-70
-72
-72
-73
-73
-73
-73
-73
-73
-73
-73
-73
-72
-71
-70
-69
-68
-67
-66
-64
-63
-62
-60
-59
-59
-57
-56
-55
-54
-53
-52
-50
-49
-48
-46
-44
-42
-39
-36
-33
-30
-26
-21
-16
-11
-5
3
10
16
24
30
38
45
52
58
64
70
75
80
84
87
90
91
93
93
94
94
93
92
91
90
88
86
83
80
78
75
71
67
64
60
57
54
51
48
46
43
41
39
38
37
35
35
33
33
31
31
30
28
27
26
24
21
18
14
10
6
2
-4
-8
-11
-14
-17
-20
-21
-24
-26
-29
-31
-35
-38
-41
-45
-48
-52
-56
-60
-64
-68
-71
-74
-78
-80
-82
-84
-86
-87
-89
-91
-92
-94
-95
-96
-97
-98
-99
-101
-101
-103
-105
-106
-108
-110
-111
-113
-114
-115
-116
-115
-115
-114
-112
-110
-107
-104
-100
-95
-90
-82
-73
-63
-54
-43
-31
-16
-1
16
32
46
62
77
91
104
114
125
133
138
142
146
149
149
150
150
148
146
145
143
142
140
136
132
128
125
123
117
110
105
99
94
86
79
72
63
56
49
41
33
26
22
17
12
10
8
7
7
8
8
9
11
14
17
17
18
19
19
20
19
16
13
9
6
2
-3
-7
-11
-13
-15
-16
-17
-18
-19
-21
-24
-26
-29
-32
-35
-40
-45
-49
-54
-58
-62
-67
-72
-77
-81
-86
-91
-96
-102
-106
-111
-116
-120
-126
-129
-133
-137
-140
-144
-147
-150
-153
-155
-157
-158
-159
-159
-158
-157
-155
-152
-147
-141
-135
-128
-121
-112
-100
-86
-72
-60
-45
-28
-7
15
36
56
75
96
116
132
146
158
169
176
181
183
185
185
184
182
176
170
166
161
157
152
147
141
133
128
124
119
109
100
94
86
77
67
59
49
40
31
22
13
6
1
-3
-8
-12
-12
-10
-8
-5
-1
3
8
13
20
26
28
31
34
36
36
35
34
29
24
18
12
3
-4
-7
-10
-13
-14
-13
-11
-9
-9
-10
-14
-17
-22
-28
-35
-45
-53
-59
-65
-71
-78
-85
-92
-98
-105
-113
-121
-131
-139
-147
-154
-162
-167
-172
-177
-180
-185
-189
-193
-196
-199
-203
-207
-209
-210
-208
-206
-201
-196
-188
-177
-166
-153
-140
-126
-109
-90
-69
-49
-29
-10
14
41
67
92
115
136
159
179
195
209
221
233
239
241
242
241
239
235
229
221
210
204
196
185
177
168
155
142
129
120
110
94
79
67
56
42
29
18
4
-9
-20
-32
-41
-46
-49
-50
-52
-50
-42
-33
-23
-12
2
13
26
38
52
63
71
78
86
90
94
96
98
94
90
86
75
65
50
37
23
9
-2
-6
-7
-5
-2
1
3
3
0
-7
-19
-34
-49
-65
-80
-95
-106
-116
-124
-132
-140
-148
-156
-166
-176
-187
-199
-209
-216
-221
-226
-228
-229
-229
-229
-229
-229
-232
-237
-241
-244
-247
-249
-246
-241
-232
-220
-205
-185
-163
-139
-113
-87
-59
-25
10
41
68
95
126
156
186
211
227
245
262
275
283
286
291
292
287
284
277
273
268
260
251
237
221
209
195
180
163
144
122
99
81
67
46
23
2
-17
-32
-51
-68
-82
-97
-107
-115
-123
-124
-118
-106
-94
-82
-65
-41
-14
14
39
61
81
102
124
141
152
160
166
169
171
170
166
160
154
147
135
121
109
94
78
56
32
10
-12
-29
-43
-57
-72
-82
-86
-90
-93
-97
-106
-117
-129
-140
-154
-168
-180
-188
-198
-207
-215
-220
-225
-230
-236
-246
-256
-260
-262
-266
-272
-276
-274
-272
-269
-267
-265
-265
-264
-260
-258
-256
-253
-247
-237
-223
-205
-182
-154
-122
-87
-53
-17
25
73
118
157
186
215
253
287
314
329
334
344
353
356
350
342
336
325
310
295
274
260
246
226
205
178
154
134
111
95
68
37
9
-19
-37
-55
-82
-108
-131
-144
-151
-163
-168
-171
-167
-152
-141
-121
-92
-55
-13
22
61
103
147
195
231
255
274
287
298
303
298
283
261
239
217
193
167
138
111
87
60
36
16
-2
-16
-31
-50
-69
-86
-96
-103
-118
-134
-149
-159
-163
-166
-172
-179
-183
-182
-180
-181
-181
-182
-181
-181
-185
-190
-196
-202
-206
-216
-232
-249
-262
-271
-281
-293
-308
-323
-332
-341
-345
-351
-359
-359
-357
-351
-341
-326
-304
-276
-240
-198
-155
-105
-48
8
63
121
184
247
308
356
393
433
471
504
524
525
520
511
497
472
440
405
366
320
275
224
179
137
95
58
12
-27
-63
-98
-116
-137
-161
-181
-203
-209
-207
-203
-198
-196
-179
-153
-127
-92
-56
-16
38
92
147
200
253
310
359
402
429
440
449
445
423
389
340
282
223
162
99
32
-27
-75
-115
-141
-160
-171
-169
-159
-145
-126
-106
-86
-66
-46
-31
-26
-19
-12
-10
-10
-13
-23
-32
-37
-44
-57
-73
-91
-109
-128
-149
-174
-199
-225
-254
-284
-315
-346
-373
-396
-418
-442
-463
-476
-479
-470
-462
-458
-446
-428
-403
-368
-338
-310
-282
-250
-214
-172
-129
-81
-29
26
85
143
198
248
304
375
442
492
517
527
550
571
580
562
508
452
396
337
268
187
108
40
-29
-92
-148
-187
-203
-211
-205
-202
-201
-179
-144
-99
-54
-30
-9
13
46
84
106
124
134
148
173
192
207
233
265
297
318
325
333
340
351
344
307
257
196
144
98
37
-30
-93
-142
-172
-190
-193
-187
-167
-131
-91
-53
-12
33
82
122
142
146
146
148
148
136
111
73
35
10
-16
-46
-80
-114
-143
-170
-194
-216
-235
-249
-263
-282
-305
-326
-337
-340
-347
-363
-389
-411
-422
-425
-427
-432
-442
-445
-438
-420
-398
-373
-344
-316
-285
-257
-226
-194
-169
-153
-145
-139
-115
-78
-27
27
80
132
194
276
362
442
504
539
547
551
550
536
504
449
378
293
211
139
76
29
-19
-68
-111
-141
-144
-124
-91
-61
-42
-22
5
38
77
114
134
140
137
134
138
149
165
171
172
168
167
179
199
216
228
232
220
203
190
176
158
130
90
42
-3
-32
-52
-59
-65
-69
-67
-51
-23
16
61
99
126
150
171
186
199
203
193
169
137
101
64
35
3
-33
-69
-105
-134
-149
-153
-159
-172
-175
-178
-185
-182
-175
-183
-201
-218
-242
-268
-288
-303
-328
-354
-375
-391
-404
-418
-418
-418
-421
-421
-413
-399
-379
-358
-333
-316
-296
-272
-250
-224
-204
-189
-175
-150
-102
-31
33
105
176
279
392
469
505
513
535
552
521
454
360
276
221
156
78
-5
-45
-59
-66
-70
-68
-53
-17
23
60
89
97
115
140
167
179
169
158
153
163
171
156
142
137
142
154
136
108
93
86
74
45
13
-4
5
28
37
29
39
67
111
146
154
151
155
164
168
156
137
118
107
103
91
82
83
96
116
120
109
101
99
99
87
59
17
-19
-36
-48
-65
-83
-95
-96
-89
-84
-84
-87
-88
-95
-117
-154
-193
-224
-247
-273
-308
-343
-365
-371
-375
-387
-406
-426
-437
-446
-462
-481
-493
-489
-472
-453
-438
-412
-368
-321
-279
-253
-234
-215
-194
-190
-208
-228
-212
-147
-48
60
156
252
372
504
610
664
659
607
530
430
306
169
39
-68
-156
-210
-233
-210
-144
-48
50
129
198
266
327
375
387
360
324
289
265
241
216
192
175
168
161
151
141
126
100
64
11
-42
-84
-109
-122
-114
-84
-34
41
131
220
304
374
416
425
403
349
267
171
67
-42
-134
-196
-223
-213
-171
-107
-26
70
164
234
278
290
270
227
162
82
2
-68
-121
-152
-159
-142
-104
-54
-6
28
48
51
31
-10
-70
-147
-225
-296
-356
-402
-428
-438
-436
-428
-425
-432
-449
-466
-486
-512
-533
-556
-573
-556
-514
-451
-379
-320
-273
-233
-200
-179
-182
-215
-271
-308
-279
-192
-69
57
175
308
455
588
661
653
591
490
361
214
58
-78
-162
-197
-199
-166
-91
23
161
292
379
418
435
439
427
394
338
276
236
233
249
273
298
315
324
318
281
215
135
41
-64
-168
-257
-311
-308
-248
-147
-22
120
274
426
557
629
633
571
454
302
125
-58
-224
-352
-428
-445
-399
-296
-152
7
156
275
360
406
402
347
249
131
13
-86
-155
-192
-192
-162
-109
-43
23
77
106
105
73
16
-51
-118
-180
-230
-264
-281
-273
-249
-222
-207
-221
-261
-325
-399
-482
-571
-657
-725
-768
-770
-730
-656
-560
-461
-376
-311
-263
-235
-237
-275
-347
-442
-511
-491
-364
-169
45
206
346
498
641
741
733
619
435
222
27
-137
-236
-273
-254
-203
-116
33
216
403
554
618
604
555
483
418
367
309
257
232
255
323
407
475
489
456
380
269
133
-18
-159
-297
-397
-442
-414
-293
-103
109
308
483
618
711
743
681
538
326
91
-133
-310
-423
-479
-470
-412
-299
-147
17
168
265
300
279
222
146
63
-17
-92
-144
-160
-134
-76
-5
59
97
108
91
54
4
-54
-116
-171
-202
-201
-165
-110
-52
-10
12
12
-20
-86
-190
-316
-449
-572
-665
-727
-748
-738
-698
-634
-561
-482
-414
-363
-340
-351
-384
-428
-469
-513
-565
-616
-612
-482
-247
27
249
374
480
586
663
660
530
332
122
-63
-196
-268
-260
-182
-63
57
177
317
457
570
623
585
490
392
319
313
339
370
414
472
558
646
688
656
549
391
193
-12
-202
-343
-416
-432
-389
-279
-93
149
392
577
676
705
670
581
437
242
34
-159
-304
-379
-380
-316
-223
-121
-29
45
103
131
121
69
-7
-80
-128
-135
-112
-71
-29
13
51
81
88
66
13
-58
-129
-190
-223
-222
-190
-138
-72
-3
58
103
119
96
41
-43
-138
-232
-319
-393
-451
-491
-517
-533
-543
-544
-534
-524
-519
-521
-523
-518
-505
-490
-475
-461
-465
-488
-527
-542
-459
-258
-22
156
218
292
423
583
631
475
263
55
-78
-182
-272
-276
-217
-104
-25
84
250
433
558
543
492
451
457
446
451
480
552
638
671
714
744
739
637
421
181
-28
-164
-296
-383
-394
-310
-111
102
323
517
675
740
702
597
443
289
109
-84
-226
-286
-255
-191
-119
-60
-5
33
26
-11
-68
-116
-164
-203
-218
-182
-107
-24
29
45
45
27
-14
-79
-160
-231
-280
-305
-310
-278
-216
-150
-94
-64
-33
-9
0
-32
-81
-128
-163
-187
-224
-251
-277
-301
-343
-401
-440
-473
-502
-537
-562
-566
-540
-495
-470
-435
-426
-442
-477
-520
-533
-438
-248
-53
119
192
300
431
517
520
360
189
-4
-137
-247
-307
-238
-177
-66
5
110
260
362
405
352
318
288
285
295
354
480
609
717
763
825
845
792
632
391
182
-1
-124
-233
-268
-194
-72
127
298
466
608
664
648
536
424
304
180
58
-56
-91
-77
-27
5
18
31
17
-10
-64
-103
-118
-118
-125
-125
-100
-60
-21
-24
-57
-101
-140
-185
-224
-248
-257
-250
-251
-253
-245
-228
-221
-224
-234
-230
-209
-185
-166
-148
-132
-126
-153
-199
-250
-289
-334
-384
-427
-440
-422
-409
-405
-414
-411
-397
-391
-408
-447
-474
-474
-463
-461
-492
-422
-214
58
278
348
398
474
540
510
312
130
-35
-128
-226
-274
-177
-58
72
111
161
247
308
290
205
186
212
245
250
318
470
633
722
692
691
673
635
479
269
134
40
-1
-62
-62
49
189
335
392
446
500
515
472
359
293
243
213
153
110
105
116
95
32
-20
-40
-41
-57
-85
-70
-30
11
13
-3
-16
-36
-71
-135
-185
-209
-210
-219
-221
-219
-209
-219
-251
-289
-320
-334
-351
-355
-343
-305
-254
-210
-188
-178
-198
-231
-296
-356
-393
-421
-425
-452
-458
-440
-414
-391
-403
-415
-429
-429
-417
-420
-449
-537
-618
-653
-545
-273
8
230
379
535
677
749
628
409
178
-14
-160
-297
-281
-143
43
167
219
276
308
346
258
162
149
134
177
213
346
532
667
702
662
637
592
497
305
143
43
4
-31
-44
31
162
311
369
380
397
406
403
334
268
258
253
253
198
161
131
96
28
-50
-81
-71
-39
-24
7
54
102
94
47
-15
-60
-96
-139
-179
-186
-165
-151
-159
-184
-204
-231
-262
-316
-356
-374
-361
-339
-310
-268
-223
-196
-193
-215
-244
-287
-338
-388
-423
-434
-430
-425
-440
-459
-500
-522
-539
-532
-508
-485
-457
-468
-479
-506
-533
-536
-475
-275
-17
320
544
676
670
536
404
180
14
-162
-274
-268
-188
34
216
395
463
411
356
224
165
137
170
240
341
451
569
688
727
747
649
530
384
244
174
103
96
72
84
135
191
293
321
347
341
308
322
297
319
318
312
271
202
131
58
5
-62
-100
-117
-94
-40
13
64
91
95
60
6
-40
-84
-105
-136
-155
-161
-156
-146
-162
-190
-239
-277
-315
-334
-334
-313
-291
-274
-260
-236
-198
-177
-176
-211
-263
-323
-375
-413
-436
-451
-461
-456
-431
-399
-379
-391
-429
-466
-480
-467
-469
-491
-528
-560
-551
-496
-341
-142
122
375
502
548
412
302
156
50
-46
-155
-154
-88
70
225
324
383
322
235
116
44
69
149
269
380
515
604
702
706
700
643
548
465
347
322
283
290
260
204
196
187
223
247
251
286
294
340
359
385
405
382
337
240
167
96
57
7
-34
-70
-83
-77
-68
-49
-43
-42
-59
-82
-84
-86
-81
-92
-118
-139
-167
-183
-210
-241
-283
-331
-369
-388
-389
-374
-355
-327
-294
-256
-221
-200
-198
-232
-289
-361
-410
-422
-419
-409
-392
-386
-382
-395
-419
-424
-432
-436
-463
-486
-510
-498
-471
-438
-412
-340
-210
-14
255
439
534
465
258
111
-43
-58
-85
-78
-39
22
156
233
303
292
212
126
32
14
98
232
369
476
522
525
531
495
516
493
494
455
415
414
375
364
277
202
154
137
176
219
280
344
369
399
379
388
366
332
270
214
175
157
153
116
88
27
-14
-54
-62
-55
-48
-49
-72
-95
-107
-118
-128
-152
-175
-197
-208
-214
-224
-244
-278
-332
-390
-435
-456
-439
-404
-364
-328
-302
-291
-296
-300
-328
-348
-387
-418
-424
-402
-376
-383
-401
-432
-451
-456
-472
-483
-486
-477
-462
-443
-436
-422
-415
-385
-281
-99
208
487
632
612
395
223
46
-3
-20
-14
53
93
187
233
288
286
224
117
16
-29
58
206
392
532
592
542
491
409
431
458
504
530
504
503
433
394
308
226
168
113
126
159
232
307
341
361
327
295
250
231
223
245
254
245
229
184
149
91
36
-4
-28
-10
-7
9
-8
-36
-68
-120
-147
-181
-184
-191
-179
-177
-188
-222
-276
-334
-392
-424
-435
-422
-379
-342
-301
-281
-282
-301
-344
-382
-430
-431
-440
-417
-405
-400
-393
-421
-442
-477
-495
-492
-490
-474
-485
-489
-509
-509
-491
-471
-410
-297
-90
211
479
602
574
373
227
78
47
47
111
211
282
333
297
268
216
163
111
49
37
95
226
393
518
573
491
438
341
400
448
556
633
639
640
515
434
309
263
226
197
196
179
220
244
258
273
220
187
116
105
120
189
248
261
247
155
100
25
5
9
21
46
28
12
-40
-82
-132
-185
-202
-233
-221
-211
-188
-168
-186
-227
-317
-389
-443
-445
-410
-368
-321
-304
-303
-338
-375
-398
-414
-412
-419
-398
-387
-354
-363
-389
-419
-461
-485
-519
-540
-521
-484
-449
-463
-513
-568
-598
-590
-533
-380
-187
100
337
476
513
374
265
133
127
143
194
264
296
369
336
291
191
97
58
39
62
124
228
351
439
507
444
430
346
391
452
571
680
696
708
580
488
354
281
266
257
290
279
288
288
246
244
166
143
101
109
135
182
237
236
233
143
75
2
-32
-14
15
63
66
45
-12
-90
-140
-204
-203
-217
-201
-188
-197
-190
-230
-263
-329
-389
-443
-467
-440
-404
-347
-328
-331
-355
-397
-419
-463
-475
-446
-383
-313
-293
-304
-361
-398
-451
-474
-472
-464
-442
-434
-434
-454
-491
-553
-596
-616
-595
-501
-350
-127
178
372
499
428
302
197
142
176
220
326
392
459
445
372
293
199
132
90
47
67
109
212
295
389
398
375
336
303
382
472
627
706
754
719
613
510
400
378
366
377
353
310
299
255
245
195
136
99
64
73
95
163
202
237
207
129
66
-5
-8
9
54
82
77
35
-41
-100
-164
-189
-207
-218
-201
-206
-200
-221
-245
-290
-343
-402
-460
-463
-452
-397
-361
-342
-355
-394
-441
-486
-497
-483
-439
-399
-367
-349
-352
-369
-402
-438
-459
-460
-439
-419
-396
-407
-427
-483
-546
-592
-590
-489
-328
-113
100
247
336
298
230
166
156
203
259
344
409
496
512
482
405
311
226
151
102
112
169
259
310
347
322
294
258
243
304
392
523
593
647
635
595
538
464
434
417
425
417
387
370
325
295
236
166
112
66
61
65
104
129
155
143
91
41
-16
-28
-23
8
35
44
31
-18
-71
-126
-166
-188
-204
-196
-196
-182
-192
-215
-251
-308
-362
-420
-449
-455
-432
-403
-382
-382
-411
-448
-486
-499
-492
-474
-465
-462
-456
-439
-411
-387
-379
-391
-418
-456
-481
-500
-498
-482
-483
-497
-508
-476
-370
-225
-45
79
171
199
152
124
92
151
225
312
362
395
425
423
437
410
379
332
256
197
167
204
260
317
347
325
316
271
276
305
383
472
515
543
505
497
466
454
451
450
458
440
414
373
342
327
294
257
196
141
96
71
73
79
102
96
74
33
-7
-21
-32
-15
-19
-16
-38
-67
-103
-126
-142
-156
-169
-188
-208
-213
-228
-238
-257
-286
-323
-369
-407
-429
-425
-411
-392
-381
-389
-401
-436
-459
-481
-482
-477
-469
-464
-455
-445
-435
-424
-424
-426
-434
-440
-440
-442
-437
-446
-467
-484
-454
-362
-231
-79
47
134
205
187
163
127
123
173
226
278
321
393
443
498
508
477
430
342
260
202
199
237
287
336
350
358
341
313
315
319
360
369
385
383
399
430
449
475
479
491
470
442
403
367
358
340
326
294
263
229
192
157
115
92
63
34
8
-20
-18
-23
-9
-11
-18
-38
-72
-108
-143
-160
-177
-180
-181
-186
-180
-189
-202
-225
-256
-294
-336
-371
-397
-400
-396
-381
-373
-370
-375
-391
-414
-442
-469
-486
-494
-508
-509
-507
-488
-464
-442
-428
-420
-411
-417
-422
-440
-453
-461
-469
-459
-403
-308
-180
-42
56
145
195
199
194
176
176
201
224
249
296
360
428
500
539
543
524
458
379
305
259
237
244
252
265
296
315
346
368
384
386
361
317
267
238
230
250
282
331
387
426
452
453
445
430
393
344
280
228
185
165
147
145
147
139
123
87
46
6
-34
-69
-101
-126
-146
-153
-157
-148
-137
-134
-140
-157
-181
-204
-227
-247
-268
-280
-299
-311
-321
-324
-320
-314
-317
-326
-344
-365
-386
-405
-421
-437
-452
-467
-480
-487
-484
-474
-462
-451
-450
-447
-448
-439
-433
-427
-425
-427
-432
-432
-420
-379
-313
-230
-131
-48
43
122
174
232
263
290
307
308
306
315
342
379
432
481
518
549
555
541
520
484
439
387
329
270
235
211
207
230
252
281
296
299
283
269
240
212
187
167
160
163
179
215
262
313
356
379
387
378
347
304
250
188
131
78
30
1
-16
-16
-10
0
-1
-7
-27
-61
-100
-146
-196
-239
-279
-301
-309
-305
-285
-263
-241
-224
-220
-225
-238
-255
-280
-302
-328
-349
-356
-356
-342
-320
-296
-275
-261
-258
-269
-285
-307
-333
-361
-390
-412
-423
-419
-402
-378
-346
-320
-299
-288
-288
-297
-308
-319
-324
-321
-306
-268
-214
-131
-42
49
141
217
288
343
378
399
408
414
411
410
414
422
449
479
506
533
548
551
549
529
495
456
400
347
296
247
207
175
152
134
125
112
106
105
104
106
106
102
103
108
117
129
143
158
173
183
188
189
183
173
158
134
103
70
36
3
-26
-58
-85
-108
-125
-137
-141
-145
-148
-154
-166
-183
-206
-227
-246
-263
-275
-285
-291
-290
-283
-272
-260
-251
-241
-234
-228
-225
-220
-215
-208
-201
-196
-191
-190
-188
-186
-186
-188
-195
-205
-213
-220
-225
-228
-229
-228
-226
-226
-228
-231
-236
-244
-258
-274
-290
-294
-283
-255
-214
-167
-116
-62
2
66
128
185
230
266
290
303
313
325
343
362
378
390
400
416
436
456
471
475
468
452
430
403
374
341
306
262
217
170
130
98
77
60
43
29
20
20
30
44
60
74
82
89
91
93
92
88
77
60
39
19
6
-2
-4
-5
-6
-11
-19
-31
-47
-71
-98
-131
-163
-190
-208
-216
-218
-215
-212
-209
-207
-204
-202
-203
-208
-214
-221
-226
-226
-219
-209
-195
-179
-161
-146
-131
-116
-105
-99
-100
-104
-111
-119
-126
-133
-136
-140
-142
-144
-145
-146
-147
-149
-153
-160
-169
-180
-195
-211
-229
-249
-262
-265
-255
-234
-210
-182
-149
-105
-55
0
50
94
135
167
194
219
244
272
298
317
326
329
330
334
339
341
342
341
346
357
372
387
394
391
373
340
292
234
173
113
54
4
-33
-46
-36
-4
42
89
132
165
183
184
163
124
70
10
-51
-99
-128
-129
-103
-61
-9
44
86
115
121
100
49
-24
-112
-200
-274
-323
-343
-331
-289
-226
-149
-65
9
61
82
68
20
-55
-142
-227
-299
-350
-368
-348
-292
-206
-104
-1
89
150
174
156
101
16
-84
-190
-282
-347
-369
-349
-286
-192
-80
32
125
183
197
163
81
-39
-182
-328
-458
-551
-591
-569
-489
-367
-215
-64
78
196
265
286
250
169
63
-49
-143
-204
-212
-163
-61
82
240
401
544
646
691
669
582
448
289
128
-7
-104
-142
-119
-38
91
244
398
528
611
628
573
457
294
108
-79
-241
-352
-397
-368
-267
-110
73
253
404
501
530
486
372
205
11
-187
-360
-480
-530
-506
-414
-270
-95
82
234
335
371
336
233
78
-108
-291
-448
-554
-590
-553
-448
-289
-103
82
238
344
380
341
235
76
-112
-300
-460
-566
-601
-561
-451
-289
-97
96
257
366
406
369
262
100
-93
-288
-453
-568
-613
-583
-486
-337
-160
18
165
258
281
226
107
-65
-252
-436
-591
-681
-708
-641
-500
-300
-64
164
366
511
583
578
497
361
191
15
-138
-243
-276
-233
-121
43
230
415
578
686
729
700
595
436
245
55
-109
-217
-257
-225
-126
24
199
375
521
616
636
579
454
277
76
-122
-291
-402
-446
-413
-309
-149
42
229
385
486
513
464
345
172
-31
-233
-408
-530
-577
-545
-442
-283
-97
90
250
358
396
356
248
88
-102
-293
-455
-564
-603
-565
-457
-298
-108
82
244
350
387
349
239
77
-114
-304
-463
-569
-607
-569
-457
-294
-105
84
244
349
385
342
229
59
-140
-338
-511
-630
-679
-653
-561
-415
-241
-63
95
208
254
228
137
-10
-163
-315
-431
-493
-493
-413
-267
-68
157
375
563
688
740
709
604
447
258
68
-100
-219
-269
-235
-129
37
230
418
583
693
739
705
602
441
248
53
-119
-239
-292
-270
-177
-36
133
301
446
542
572
529
418
256
68
-119
-278
-387
-427
-396
-296
-144
36
214
361
453
476
424
303
128
-73
-273
-446
-566
-612
-579
-474
-315
-128
65
235
345
384
348
241
79
-111
-302
-467
-578
-620
-585
-481
-324
-135
52
213
322
361
325
223
68
-121
-306
-464
-574
-613
-577
-475
-320
-137
42
192
289
314
261
140
-37
-243
-452
-631
-752
-795
-747
-626
-448
-234
-22
184
340
433
448
384
271
125
-22
-147
-226
-239
-182
-60
106
294
483
643
746
775
722
598
430
237
48
-113
-225
-261
-224
-110
54
241
428
581
682
709
658
534
356
156
-52
-229
-352
-404
-373
-269
-113
73
261
426
536
577
536
425
259
66
-134
-310
-434
-486
-463
-371
-225
-56
116
262
354
380
329
216
48
-148
-343
-510
-618
-651
-608
-497
-338
-150
37
197
303
339
298
186
20
-174
-367
-532
-640
-677
-635
-525
-365
-173
22
188
300
340
299
189
23
-173
-373
-547
-670
-723
-701
-611
-469
-298
-126
17
110
146
119
29
-104
-271
-424
-532
-579
-543
-443
-277
-58
183
425
626
766
827
804
708
543
351
156
-8
-117
-162
-135
-37
121
313
513
671
776
806
760
645
469
261
41
-150
-288
-359
-345
-263
-113
65
251
414
523
578
560
473
331
153
-29
-185
-289
-331
-309
-225
-88
78
241
378
462
482
433
318
150
-44
-231
-396
-506
-555
-532
-441
-296
-122
45
186
274
298
253
138
-32
-227
-420
-577
-681
-714
-673
-565
-401
-208
-14
151
260
303
266
156
-10
-205
-401
-566
-681
-728
-700
-599
-444
-257
-75
76
175
197
146
21
-163
-366
-572
-737
-826
-851
-767
-613
-410
-139
109
356
548
648
682
620
509
357
189
58
-48
-74
-35
65
232
417
616
784
889
931
895
783
629
434
228
48
-99
-173
-188
-125
-16
113
259
367
442
456
412
321
170
23
-131
-251
-301
-297
-219
-84
91
281
456
597
672
668
587
440
239
21
-189
-362
-472
-507
-460
-351
-182
6
186
332
409
414
332
181
-26
-263
-491
-682
-812
-859
-825
-713
-541
-332
-122
60
190
243
219
116
-47
-241
-442
-610
-726
-780
-752
-658
-500
-313
-123
43
146
183
137
17
-157
-370
-587
-774
-900
-944
-886
-755
-571
-325
-87
160
369
477
532
482
386
258
103
-21
-120
-139
-87
23
203
396
617
819
960
1033
1015
926
788
609
408
223
58
-37
-66
-31
58
165
291
384
447
450
388
286
133
-28
-195
-338
-413
-425
-343
-209
-27
172
365
543
655
700
666
558
400
216
26
-137
-243
-286
-257
-173
-39
115
270
399
464
461
378
234
47
-171
-377
-559
-687
-740
-720
-632
-494
-329
-165
-31
55
70
22
-87
-239
-412
-580
-713
-786
-791
-719
-594
-428
-240
-64
77
153
154
77
-61
-250
-459
-664
-836
-939
-978
-945
-823
-630
-397
-130
64
204
310
308
305
205
41
-85
-241
-289
-284
-217
-47
148
416
651
858
1022
1093
1122
1037
882
668
431
230
86
6
-11
50
149
307
472
617
711
718
659
503
301
55
-192
-390
-540
-591
-586
-481
-293
-49
229
460
635
735
751
695
557
356
138
-60
-220
-296
-301
-229
-70
120
326
498
618
666
631
513
310
59
-206
-442
-617
-720
-739
-672
-539
-352
-152
27
147
197
159
36
-147
-373
-594
-788
-915
-963
-925
-792
-593
-352
-109
95
223
262
213
79
-130
-372
-619
-840
-984
-1052
-1026
-912
-742
-528
-315
-75
105
241
276
161
73
-126
-250
-342
-471
-435
-399
-223
17
263
573
803
1031
1130
1116
1029
852
690
483
295
120
24
19
119
299
480
693
831
915
916
816
661
413
155
-141
-395
-575
-669
-627
-509
-293
-69
157
366
509
611
604
528
373
178
-3
-155
-238
-250
-182
-66
106
296
474
633
709
720
639
479
283
54
-152
-327
-440
-493
-481
-398
-278
-120
28
136
191
170
95
-36
-204
-389
-572
-722
-822
-849
-815
-708
-553
-373
-188
-39
68
114
90
11
-143
-325
-527
-702
-826
-886
-869
-793
-663
-512
-359
-217
-117
-89
-112
-174
-255
-340
-440
-579
-612
-614
-490
-309
-165
69
268
502
700
794
848
818
761
645
470
314
177
164
197
294
406
559
741
904
1043
1052
998
840
619
358
70
-168
-359
-452
-461
-409
-272
-117
86
252
375
412
359
256
111
-35
-190
-304
-364
-349
-264
-116
71
283
491
639
728
742
687
593
431
240
38
-153
-280
-349
-350
-287
-167
-20
131
257
330
345
296
168
-22
-259
-496
-694
-829
-881
-864
-763
-609
-408
-206
-34
94
136
107
1
-172
-355
-546
-687
-781
-828
-795
-706
-548
-371
-207
-64
22
43
-11
-156
-338
-560
-760
-912
-945
-879
-728
-549
-402
-187
26
261
460
497
508
452
367
303
169
108
66
108
175
259
390
575
826
1057
1198
1217
1138
997
807
600
352
149
-13
-124
-139
-111
19
176
344
453
475
419
305
162
-3
-172
-353
-510
-596
-612
-520
-378
-176
56
279
471
596
672
677
640
504
310
103
-88
-192
-225
-180
-73
76
249
408
532
597
601
529
378
169
-80
-309
-495
-618
-684
-690
-633
-520
-365
-198
-44
66
110
73
-44
-220
-410
-598
-748
-846
-877
-826
-697
-506
-290
-96
55
135
159
105
-4
-179
-385
-581
-760
-876
-942
-922
-858
-725
-530
-252
33
268
336
233
105
-55
-154
-211
-335
-360
-340
-259
-58
114
385
646
905
1041
1065
1019
930
886
777
600
382
175
71
91
210
380
581
749
814
830
733
646
507
329
97
-178
-415
-594
-647
-615
-500
-361
-204
-32
133
294
396
426
377
240
55
-138
-271
-333
-284
-196
-78
90
251
459
624
743
789
733
604
399
188
-27
-198
-331
-414
-437
-400
-289
-133
38
176
245
243
149
-4
-201
-398
-582
-749
-868
-929
-901
-787
-605
-398
-192
-29
85
130
107
17
-124
-309
-501
-680
-805
-845
-804
-690
-527
-357
-198
-73
-9
5
-58
-169
-261
-306
-392
-478
-706
-863
-847
-663
-271
69
336
487
577
598
605
579
552
529
434
236
74
-31
83
303
561
754
867
965
986
1075
1033
989
816
551
231
-62
-229
-261
-199
-127
-50
28
115
220
312
359
342
203
10
-236
-409
-523
-551
-542
-507
-405
-253
-4
235
483
659
728
665
517
344
193
73
-54
-146
-227
-241
-176
-28
170
374
509
581
551
448
292
113
-82
-296
-502
-665
-759
-769
-681
-524
-328
-152
-6
73
95
49
-45
-182
-354
-544
-713
-818
-845
-799
-675
-504
-309
-128
15
126
166
134
35
-147
-374
-610
-810
-914
-962
-930
-824
-558
-229
39
176
104
100
105
206
261
145
-26
-283
-417
-439
-310
-13
295
613
775
823
881
920
1035
1034
955
730
473
223
60
58
110
300
410
527
603
682
782
770
701
517
313
84
-174
-374
-536
-592
-590
-536
-370
-167
85
269
377
375
307
228
126
40
-120
-245
-371
-407
-382
-268
-52
194
440
585
668
680
623
515
353
178
5
-183
-328
-432
-437
-361
-211
-30
148
288
354
336
228
83
-86
-255
-434
-613
-758
-844
-840
-736
-549
-325
-122
36
132
151
93
-18
-163
-324
-512
-684
-802
-855
-835
-749
-603
-405
-213
-63
29
27
-51
-187
-283
-282
-335
-473
-748
-946
-859
-578
-166
142
299
399
449
521
595
623
602
489
313
97
-51
-56
52
258
461
670
834
960
1023
1055
1021
922
776
536
312
80
-73
-165
-210
-150
-11
190
340
413
446
433
376
236
65
-101
-277
-432
-581
-646
-628
-501
-292
-61
176
353
483
497
424
317
216
117
-39
-202
-335
-387
-369
-266
-70
163
384
519
592
579
504
387
230
46
-157
-342
-480
-582
-614
-546
-369
-153
34
174
231
223
132
17
-124
-283
-464
-635
-768
-848
-833
-731
-545
-342
-153
4
98
123
54
-77
-238
-427
-602
-756
-882
-947
-965
-887
-728
-448
-67
193
286
156
-18
-8
-16
39
-95
-319
-452
-530
-392
-187
47
330
578
812
919
919
917
808
738
570
454
321
187
85
63
171
366
614
769
903
931
914
818
635
444
254
66
-139
-347
-448
-456
-383
-258
-96
131
293
405
392
298
163
-3
-131
-283
-408
-522
-550
-533
-438
-274
-35
231
412
542
567
528
416
239
79
-70
-189
-278
-353
-348
-289
-123
69
267
444
537
564
447
280
82
-102
-273
-436
-548
-640
-658
-605
-458
-247
-54
118
214
224
146
-2
-159
-338
-519
-683
-798
-850
-855
-767
-618
-408
-215
-69
36
54
7
-131
-318
-526
-696
-736
-676
-668
-699
-805
-669
-295
128
466
479
420
382
379
336
212
37
-31
-65
-41
-26
80
258
475
743
969
1149
1173
1075
886
729
565
463
302
146
37
9
91
201
335
490
660
758
724
585
411
217
2
-231
-409
-498
-532
-517
-504
-403
-203
33
242
350
385
350
249
55
-150
-314
-395
-444
-477
-447
-344
-179
7
214
425
598
665
599
450
262
66
-107
-248
-341
-380
-371
-297
-199
-48
129
314
437
457
380
208
2
-227
-418
-566
-659
-705
-693
-628
-513
-354
-154
31
152
175
111
-23
-225
-434
-635
-778
-863
-907
-883
-818
-683
-504
-316
-149
-58
8
119
132
-19
-340
-708
-761
-662
-474
-392
-421
-301
-55
245
511
652
746
800
744
620
394
236
87
33
69
179
334
460
556
695
880
1065
1175
1095
917
686
454
233
14
-145
-187
-136
-70
-11
82
233
371
446
441
406
327
140
-107
-410
-583
-650
-645
-579
-484
-326
-136
19
159
292
399
443
338
164
-34
-213
-367
-464
-462
-367
-210
-47
111
258
410
532
612
591
484
304
82
-153
-368
-490
-511
-455
-367
-236
-87
60
174
256
297
278
173
-13
-241
-478
-666
-788
-816
-768
-669
-514
-357
-201
-75
18
64
42
-60
-223
-435
-667
-861
-982
-996
-945
-836
-679
-382
-67
141
168
24
39
109
181
79
-211
-427
-520
-465
-309
-144
96
356
584
788
855
928
913
872
783
639
491
310
134
41
78
248
491
666
798
866
913
919
833
688
516
339
110
-153
-381
-460
-439
-356
-235
-60
153
286
335
273
218
138
16
-141
-333
-507
-637
-694
-651
-504
-289
-41
159
315
416
480
464
385
252
97
-42
-187
-306
-375
-342
-221
-21
188
382
524
603
608
528
407
255
79
-137
-342
-490
-559
-548
-469
-327
-140
44
183
262
265
201
63
-111
-303
-490
-657
-790
-867
-873
-778
-615
-415
-225
-69
15
32
-33
-139
-294
-466
-653
-831
-953
-1007
-873
-613
-376
-210
-188
-64
222
446
566
386
133
-17
-134
-176
-219
-240
-103
47
244
419
604
835
985
1076
1056
962
821
597
355
180
85
116
145
192
284
413
587
707
752
756
722
597
359
53
-191
-358
-478
-551
-564
-453
-288
-124
-2
120
249
326
307
198
17
-154
-322
-484
-597
-629
-520
-362
-182
-1
195
377
513
564
555
496
368
173
-45
-219
-325
-341
-282
-172
-29
139
309
436
504
531
501
387
195
-42
-271
-460
-592
-660
-632
-533
-388
-218
-60
71
138
162
130
14
-161
-376
-603
-792
-917
-939
-904
-800
-654
-470
-289
-135
-41
-8
-37
-139
-298
-484
-680
-789
-747
-686
-622
-671
-599
-285
74
456
568
539
474
360
313
216
100
48
-20
-30
-45
16
264
526
805
963
1063
1099
1031
888
715
525
376
222
74
-24
-70
16
130
265
402
567
695
676
522
320
136
-64
-268
-456
-553
-597
-598
-543
-432
-224
-9
200
334
361
315
208
52
-121
-286
-379
-436
-462
-430
-338
-142
75
306
492
636
700
664
539
365
169
-4
-137
-244
-293
-285
-196
-75
79
251
412
518
530
449
290
92
-127
-337
-510
-632
-696
-683
-602
-476
-319
-147
22
117
139
78
-47
-233
-449
-649
-810
-900
-945
-916
-822
-662
-481
-292
-129
-12
38
12
-92
-273
-425
-471
-497
-568
-702
-815
-627
-308
102
365
464
547
571
580
557
472
406
327
163
-4
-140
-53
157
433
653
813
925
1006
1007
965
876
755
571
311
76
-101
-143
-121
-72
12
177
374
505
538
501
430
289
97
-134
-315
-440
-555
-635
-671
-581
-399
-159
84
264
360
397
342
247
127
1
-138
-285
-398
-443
-381
-239
-35
174
385
557
672
713
675
561
402
213
4
-170
-287
-326
-320
-256
-139
24
200
353
444
443
357
198
6
-198
-399
-578
-699
-761
-757
-690
-551
-363
-173
-9
78
84
25
-102
-262
-452
-637
-802
-918
-976
-920
-812
-630
-451
-279
-106
-2
61
23
-75
-166
-210
-301
-438
-688
-808
-698
-455
-77
172
375
518
547
605
594
586
625
537
408
118
-125
-152
-56
219
447
664
818
870
887
898
897
881
748
520
236
-49
-192
-264
-228
-150
3
161
281
365
424
458
398
258
41
-156
-345
-485
-590
-648
-646
-568
-392
-159
71
283
422
453
390
255
137
8
-101
-219
-319
-375
-363
-253
-56
189
421
614
712
715
632
515
366
190
9
-170
-304
-393
-398
-323
-179
1
173
312
374
367
293
172
-4
-221
-439
-620
-746
-802
-780
-685
-536
-364
-191
-52
48
87
53
-57
-240
-455
-656
-812
-899
-925
-883
-775
-618
-441
-263
-102
25
91
58
-43
-122
-183
-275
-425
-648
-741
-673
-459
-111
163
433
586
625
637
555
546
575
548
454
192
-34
-137
-99
120
375
663
868
943
941
887
838
800
694
524
257
-4
-195
-298
-276
-174
4
159
273
346
408
434
403
287
92
-138
-382
-548
-640
-639
-573
-455
-302
-148
19
204
381
502
517
416
230
10
-169
-300
-339
-325
-243
-125
13
174
354
539
687
753
712
586
379
166
-41
-208
-323
-384
-372
-308
-184
-20
162
308
383
373
290
151
-22
-214
-403
-571
-711
-789
-799
-708
-540
-329
-125
26
107
104
32
-85
-234
-399
-579
-744
-865
-932
-905
-793
-606
-393
-211
-59
32
70
39
-63
-172
-255
-330
-420
-562
-692
-682
-533
-237
73
335
552
673
713
650
520
424
371
314
210
50
-37
-20
119
318
538
754
918
998
985
911
799
671
477
246
-8
-192
-276
-260
-150
12
183
316
377
395
385
343
273
124
-65
-299
-514
-664
-720
-660
-506
-295
-74
114
263
367
422
429
361
245
67
-114
-264
-355
-356
-292
-165
8
189
374
533
651
726
704
597
404
165
-61
-244
-355
-386
-352
-262
-139
-2
142
270
362
392
341
205
11
-210
-420
-591
-705
-751
-732
-651
-515
-341
-156
10
119
151
94
-39
-225
-432
-621
-775
-867
-905
-876
-791
-645
-451
-249
-74
38
71
35
-81
-246
-418
-529
-576
-581
-581
-578
-494
-342
-103
160
404
597
711
720
632
457
290
161
81
32
-5
29
134
323
543
768
939
1036
1025
935
773
594
422
262
109
-46
-160
-219
-189
-86
91
277
434
502
497
404
250
59
-148
-336
-513
-646
-713
-680
-563
-357
-132
105
279
387
415
370
289
179
50
-91
-230
-331
-362
-323
-195
-19
198
402
569
674
704
668
579
432
243
26
-179
-320
-390
-370
-267
-108
74
238
358
427
428
363
240
59
-157
-377
-563
-686
-730
-694
-587
-436
-268
-108
27
115
147
109
3
-164
-372
-579
-759
-879
-926
-891
-789
-634
-451
-261
-87
25
76
30
-76
-250
-451
-640
-777
-807
-743
-612
-443
-272
-65
136
320
472
542
575
524
425
290
142
38
1
19
93
188
322
500
687
875
1010
1077
1051
929
731
498
265
77
-57
-116
-124
-75
28
168
329
468
559
567
482
316
98
-139
-355
-526
-626
-659
-629
-534
-382
-182
32
223
363
429
404
310
157
-3
-151
-264
-330
-344
-297
-185
-25
178
381
566
687
727
691
572
413
229
48
-110
-237
-305
-305
-235
-100
73
257
407
497
507
438
299
108
-104
-315
-502
-641
-711
-692
-597
-433
-242
-52
100
185
201
137
12
-165
-370
-575
-761
-890
-942
-909
-805
-642
-454
-268
-112
-18
22
-20
-121
-277
-466
-654
-824
-928
-935
-830
-627
-375
-120
116
315
457
530
534
463
355
196
47
-81
-147
-111
5
204
420
632
816
955
1045
1064
1012
898
710
497
272
89
-30
-72
-30
58
178
293
398
475
516
501
432
291
99
-121
-335
-510
-622
-656
-616
-516
-383
-227
-68
82
199
272
279
226
107
-41
-184
-300
-362
-361
-302
-183
-36
143
330
495
632
694
686
598
442
261
74
-84
-189
-238
-225
-154
-35
117
281
427
524
557
502
378
189
-23
-237
-425
-554
-627
-632
-560
-440
-265
-80
78
193
226
175
63
-118
-324
-522
-708
-839
-907
-905
-827
-683
-501
-318
-148
-39
-3
-27
-134
-288
-467
-654
-806
-915
-958
-927
-808
-611
-359
-84
157
334
442
470
426
332
188
41
-77
-164
-180
-128
0
212
460
719
930
1069
1134
1109
1011
847
640
422
215
47
-53
-76
-10
123
296
468
604
676
674
596
451
250
17
-227
-449
-614
-707
-704
-617
-457
-257
-54
121
239
290
276
190
61
-101
-267
-407
-500
-513
-443
-294
-84
146
374
560
685
745
718
625
469
276
77
-103
-226
-277
-236
-125
42
231
411
559
648
671
614
483
294
64
-167
-373
-522
-589
-576
-486
-345
-177
-9
136
234
263
220
103
-74
-285
-501
-686
-815
-868
-846
-757
-619
-454
-285
-138
-36
-1
-39
-148
-308
-494
-679
-825
-918
-935
-882
-764
-593
-397
-194
-6
147
248
277
235
133
10
-110
-202
-240
-218
-128
16
198
400
601
782
920
985
975
886
738
557
378
226
123
81
92
159
265
402
538
652
715
711
627
472
262
32
-187
-367
-492
-552
-544
-469
-340
-175
-3
147
248
280
233
118
-46
-224
-393
-526
-599
-599
-524
-378
-181
54
293
500
646
711
689
591
437
254
63
-98
-212
-257
-230
-133
27
218
419
588
697
730
682
562
382
177
-42
-233
-381
-464
-472
-407
-279
-118
49
187
271
288
230
112
-57
-252
-451
-629
-757
-818
-797
-708
-563
-389
-219
-77
7
25
-32
-151
-318
-511
-702
-864
-966
-992
-934
-801
-614
-397
-185
-3
124
175
156
65
-62
-213
-355
-463
-519
-497
-391
-216
17
270
515
729
873
940
914
816
662
482
292
126
11
-42
-5
94
252
434
616
756
844
851
785
644
449
225
-9
-216
-373
-462
-467
-394
-265
-98
61
205
296
324
288
181
30
-149
-332
-487
-589
-622
-570
-452
-273
-63
145
333
463
528
531
460
340
188
25
-108
-196
-217
-169
-57
102
284
457
599
689
708
660
543
373
173
-27
-197
-313
-355
-325
-233
-93
69
223
349
415
416
338
197
1
-219
-438
-619
-739
-787
-752
-653
-499
-318
-139
15
111
140
91
-32
-210
-418
-626
-802
-922
-970
-943
-840
-682
-486
-282
-97
40
108
105
32
-94
-250
-413
-548
-626
-629
-556
-417
-223
-6
229
439
595
689
701
647
534
389
229
97
10
-6
44
145
299
463
633
773
859
871
808
671
484
270
59
-119
-242
-290
-268
-180
-43
119
281
419
498
507
431
286
95
-125
-332
-508
-623
-659
-613
-497
-319
-109
109
308
449
519
509
421
281
115
-59
-199
-297
-326
-282
-172
-5
190
386
556
668
709
669
561
400
212
25
-143
-256
-311
-289
-205
-63
103
266
401
472
479
409
274
91
-117
-320
-495
-617
-672
-649
-555
-410
-234
-65
76
162
179
126
6
-167
-366
-570
-745
-867
-919
-892
-792
-638
-451
-265
-106
6
52
30
-59
-199
-366
-535
-673
-755
-767
-704
-572
-385
-165
59
259
408
485
496
442
329
193
50
-70
-129
-131
-66
66
236
440
637
794
897
920
864
742
560
348
139
-47
-174
-233
-216
-125
13
191
364
506
597
610
546
418
228
16
-202
-396
-524
-587
-568
-472
-325
-136
58
222
343
393
372
294
158
-3
-162
-304
-385
-399
-343
-213
-38
163
363
525
638
674
637
533
370
182
-8
-174
-283
-320
-282
-175
-20
160
339
480
574
588
526
397
206
-13
-226
-416
-541
-601
-580
-488
-345
-171
6
145
238
258
202
77
-103
-311
-513
-687
-803
-850
-823
-724
-576
-398
-220
-73
29
61
19
-90
-251
-433
-612
-761
-848
-865
-803
-669
-482
-265
-47
140
273
340
337
266
143
-9
-160
-274
-332
-325
-238
-92
115
347
563
750
873
922
900
792
626
429
221
46
-77
-138
-116
-33
108
278
441
586
671
690
641
511
333
124
-95
-271
-401
-461
-439
-364
-223
-51
114
266
358
384
348
234
77
-108
-294
-435
-522
-536
-470
-339
-149
68
286
476
609
669
648
550
399
212
21
-139
-251
-293
-260
-165
-9
172
360
521
624
657
613
494
320
117
-89
-269
-398
-460
-450
-366
-229
-58
110
249
333
343
281
152
-30
-240
-446
-625
-748
-799
-771
-670
-512
-327
-144
8
104
129
77
-42
-214
-413
-615
-782
-891
-930
-884
-764
-586
-373
-162
23
158
222
219
139
5
-160
-324
-454
-531
-534
-461
-319
-114
118
345
556
700
778
781
702
565
392
209
64
-44
-86
-51
36
183
358
525
671
755
772
715
580
405
191
-20
-189
-318
-370
-347
-267
-119
50
221
372
449
468
414
281
110
-95
-300
-460
-574
-610
-568
-459
-281
-72
141
333
463
529
520
442
312
150
-13
-153
-246
-272
-227
-121
42
229
411
566
659
683
632
514
349
152
-53
-218
-339
-393
-365
-274
-127
48
217
361
446
461
404
271
86
-129
-351
-541
-677
-740
-723
-639
-491
-319
-141
19
119
155
119
8
-157
-356
-557
-724
-845
-893
-865
-768
-612
-427
-239
-71
48
98
81
-3
-138
-301
-462
-590
-665
-673
-607
-472
-283
-63
160
359
495
565
568
495
376
225
64
-58
-132
-149
-85
29
205
406
589
753
847
864
816
685
505
293
75
-104
-245
-301
-280
-202
-48
125
297
453
534
558
507
376
211
-3
-216
-387
-522
-572
-543
-453
-295
-114
76
242
347
398
373
284
155
-13
-170
-298
-376
-372
-299
-158
39
246
457
639
746
788
743
625
457
247
35
-141
-272
-320
-295
-201
-48
129
309
460
552
578
520
390
208
-15
-230
-416
-552
-611
-600
-524
-389
-235
-69
74
153
177
123
2
-164
-359
-548
-703
-809
-841
-805
-700
-544
-365
-184
-31
64
93
46
-63
-220
-404
-579
-722
-810
-818
-752
-616
-420
-198
25
218
347
411
403
322
195
34
-131
-258
-333
-337
-254
-118
79
309
523
713
837
884
870
762
602
410
196
26
-104
-166
-142
-73
69
231
382
534
609
628
583
446
281
77
-140
-300
-433
-480
-446
-372
-218
-49
120
278
364
394
354
233
81
-113
-296
-439
-534
-540
-469
-335
-128
96
328
538
680
755
748
653
514
332
136
-29
-156
-212
-193
-118
19
188
353
501
590
616
566
445
279
80
-127
-297
-427
-489
-473
-402
-264
-108
50
187
260
270
210
70
-104
-308
-519
-685
-803
-847
-808
-701
-535
-344
-156
12
114
149
104
-15
-183
-387
-590
-758
-875
-911
-867
-753
-571
-360
-146
52
187
259
255
182
52
-113
-281
-416
-499
-510
-445
-317
-132
88
317
512
663
729
727
660
526
364
194
41
-43
-86
-52
50
177
358
521
654
737
730
665
529
326
132
-92
-270
-384
-450
-409
-316
-173
25
193
350
451
453
414
284
109
-86
-295
-464
-577
-621
-567
-458
-279
-63
153
357
504
583
593
530
421
278
115
-17
-107
-134
-88
6
146
312
471
601
671
675
609
473
294
87
-114
-288
-400
-437
-405
-305
-155
19
187
327
405
410
335
194
1
-220
-437
-623
-747
-795
-765
-664
-507
-317
-122
39
154
191
149
39
-125
-323
-522
-696
-816
-870
-845
-751
-602
-421
-233
-69
46
95
83
2
-129
-280
-434
-554
-623
-627
-564
-432
-244
-28
187
377
502
561
560
493
377
227
74
-46
-102
-110
-35
92
264
482
665
816
907
909
850
710
508
284
34
-160
-307
-387
-361
-293
-150
31
198
365
458
480
457
328
166
-32
-252
-417
-543
-589
-557
-470
-312
-127
66
249
363
427
420
348
242
98
-40
-148
-207
-188
-103
30
214
417
610
764
845
849
766
622
414
180
-54
-252
-388
-446
-421
-317
-162
28
230
390
500
527
485
356
175
-41
-266
-466
-606
-679
-672
-593
-459
-281
-103
61
167
208
173
75
-87
-271
-461
-626
-741
-786
-761
-676
-534
-366
-197
-60
28
47
-6
-120
-278
-460
-634
-769
-845
-847
-769
-616
-409
-177
55
246
381
450
442
365
230
60
-107
-224
-285
-274
-191
-44
165
414
637
832
963
1004
994
871
688
470
231
39
-110
-205
-216
-181
-62
88
226
376
436
454
411
281
125
-67
-275
-413
-534
-572
-533
-456
-287
-108
80
240
332
372
340
244
117
-60
-219
-338
-405
-377
-283
-119
98
337
578
777
901
947
910
786
596
356
112
-111
-268
-361
-375
-312
-188
-22
158
320
434
485
456
371
216
36
-157
-318
-439
-500
-487
-415
-289
-135
29
159
243
253
205
87
-74
-263
-452
-609
-715
-754
-721
-619
-471
-296
-131
9
81
90
22
-114
-303
-516
-721
-893
-1000
-1030
-970
-837
-634
-403
-164
47
210
303
310
246
116
-46
-204
-333
-405
-416
-359
-213
4
250
500
707
861
955
975
896
766
577
390
229
87
9
-15
34
147
274
393
483
514
515
426
289
106
-122
-313
-477
-588
-606
-570
-460
-276
-97
105
254
356
397
357
256
89
-104
-278
-417
-494
-488
-428
-272
-65
188
450
670
827
908
907
832
684
486
279
86
-65
-163
-197
-157
-58
77
219
330
403
423
384
294
150
-16
-182
-323
-402
-428
-376
-267
-112
52
219
344
422
423
353
218
27
-191
-403
-569
-682
-721
-688
-586
-437
-255
-77
72
157
164
92
-51
-249
-480
-699
-892
-1023
-1088
-1067
-966
-792
-583
-365
-164
-15
74
96
53
-48
-175
-315
-432
-507
-510
-426
-269
-63
156
367
576
754
858
889
827
703
570
417
280
193
138
164
249
348
470
585
675
728
687
566
376
143
-87
-314
-496
-614
-685
-644
-529
-365
-139
53
225
353
382
350
243
79
-95
-279
-434
-536
-571
-498
-351
-141
99
317
529
696
794
829
769
640
477
299
143
21
-49
-54
-1
93
197
306
407
458
451
373
230
61
-122
-285
-407
-478
-479
-407
-269
-81
123
328
488
573
579
502
359
170
-60
-284
-475
-618
-679
-654
-555
-397
-215
-36
108
196
210
150
16
-186
-424
-662
-869
-1020
-1092
-1084
-1000
-858
-682
-492
-308
-170
-92
-82
-139
-244
-370
-488
-580
-624
-610
-529
-392
-196
41
288
504
646
703
714
682
603
491
350
226
162
168
221
338
475
633
786
876
887
841
723
548
315
30
-245
-468
-613
-673
-639
-542
-391
-200
11
188
326
386
355
259
94
-100
-284
-440
-544
-567
-526
-411
-238
-10
231
447
605
677
684
642
545
412
266
111
17
-19
5
76
195
326
454
540
558
525
438
290
94
-120
-331
-482
-555
-547
-467
-314
-114
116
340
521
643
687
641
498
301
67
-158
-352
-494
-576
-574
-502
-362
-182
-3
142
235
256
188
57
-134
-353
-580
-788
-952
-1035
-1043
-972
-837
-669
-501
-354
-242
-191
-194
-263
-375
-516
-646
-743
-776
-738
-637
-473
-263
-34
181
382
540
633
641
562
419
303
200
129
91
88
155
314
518
710
889
1007
1068
1047
920
705
467
200
-69
-311
-510
-621
-615
-525
-375
-182
2
167
291
362
347
278
128
-64
-251
-414
-515
-550
-514
-412
-240
-45
157
340
496
584
597
534
419
299
185
81
10
-11
31
140
278
428
553
647
673
629
509
324
109
-117
-331
-508
-615
-631
-543
-378
-161
74
305
506
650
713
679
561
373
154
-78
-285
-436
-513
-511
-440
-324
-162
14
165
262
286
224
91
-94
-305
-522
-723
-879
-965
-975
-918
-797
-642
-487
-353
-266
-236
-267
-352
-481
-626
-764
-871
-915
-876
-760
-578
-354
-110
123
316
454
542
555
492
377
216
70
-12
-25
22
125
275
474
711
925
1085
1176
1170
1066
886
625
342
76
-175
-374
-487
-533
-480
-346
-176
5
171
287
326
314
231
98
-58
-251
-417
-516
-559
-511
-401
-252
-62
134
311
439
505
513
447
334
195
50
-42
-89
-84
-20
91
255
436
596
716
753
717
604
422
197
-57
-296
-482
-611
-651
-593
-453
-241
8
250
455
605
686
678
594
431
219
1
-193
-340
-419
-426
-363
-246
-96
60
202
290
309
256
131
-61
-273
-485
-677
-821
-904
-919
-863
-748
-601
-450
-325
-250
-237
-280
-384
-525
-685
-840
-953
-1006
-979
-872
-688
-463
-209
42
253
392
459
442
378
273
124
-22
-161
-207
-142
-3
182
398
633
886
1093
1224
1240
1164
1018
785
515
218
-47
-228
-352
-411
-373
-291
-127
50
187
299
343
328
241
99
-61
-227
-374
-475
-534
-490
-391
-234
-46
113
274
396
447
432
355
227
96
-53
-149
-202
-181
-84
55
234
432
611
751
824
806
697
503
274
18
-227
-438
-588
-644
-604
-483
-278
-48
186
415
575
655
657
583
443
265
62
-133
-273
-342
-347
-282
-168
-27
128
255
336
357
299
170
-5
-216
-432
-614
-747
-825
-830
-767
-657
-515
-371
-256
-188
-184
-247
-371
-535
-712
-879
-1007
-1076
-1061
-959
-783
-553
-295
-47
178
345
423
407
315
170
19
-121
-243
-309
-318
-220
-22
234
506
763
976
1130
1203
1184
1066
873
643
375
133
-71
-211
-243
-218
-146
-13
106
231
330
357
331
235
90
-81
-246
-376
-465
-492
-443
-358
-198
-18
154
316
401
427
400
290
150
-6
-165
-282
-356
-346
-263
-103
117
334
540
708
809
842
776
625
414
159
-91
-312
-469
-546
-540
-452
-298
-99
123
321
479
570
576
516
396
241
71
-82
-191
-253
-252
-180
-64
85
224
336
399
394
322
194
10
-200
-411
-589
-718
-777
-765
-690
-565
-416
-278
-159
-95
-100
-175
-312
-497
-701
-894
-1043
-1126
-1132
-1054
-896
-679
-426
-169
59
218
308
319
254
121
-55
-241
-387
-451
-450
-366
-219
-27
234
519
771
962
1055
1061
1000
865
689
477
281
121
0
-38
-26
43
175
277
371
425
406
356
243
82
-89
-266
-403
-489
-508
-437
-326
-152
34
192
351
437
458
416
280
110
-73
-258
-385
-465
-464
-387
-240
-28
214
457
657
783
832
802
689
513
283
55
-159
-325
-420
-430
-359
-230
-64
111
276
405
475
482
421
303
161
14
-114
-191
-215
-172
-80
49
203
357
471
529
510
428
272
72
-150
-364
-546
-674
-737
-713
-627
-487
-324
-164
-45
18
16
-60
-213
-414
-638
-852
-1029
-1142
-1176
-1117
-981
-782
-551
-307
-87
84
185
206
152
41
-107
-264
-405
-504
-541
-493
-347
-149
87
316
499
686
821
870
844
739
588
449
307
209
144
149
212
285
393
488
566
627
579
472
325
109
-84
-275
-437
-516
-536
-478
-353
-177
48
245
405
505
502
461
335
145
-53
-269
-436
-534
-572
-502
-355
-154
76
299
511
657
747
755
657
499
316
115
-59
-200
-280
-283
-227
-118
24
184
323
410
441
404
319
193
44
-99
-208
-274
-273
-201
-71
103
301
474
594
659
657
570
410
190
-50
-286
-490
-634
-697
-677
-586
-447
-279
-110
35
120
122
45
-104
-304
-534
-764
-963
-1096
-1148
-1124
-1026
-855
-636
-411
-212
-65
21
42
0
-102
-244
-385
-494
-557
-569
-520
-405
-238
-52
164
364
508
595
580
525
457
364
262
165
93
98
167
285
436
580
729
822
840
794
664
506
288
23
-209
-411
-536
-561
-523
-391
-209
-2
211
384
506
568
516
403
205
-10
-212
-402
-525
-578
-557
-439
-272
-60
171
375
526
598
597
528
398
246
84
-79
-190
-243
-220
-122
13
171
320
443
523
537
481
363
198
10
-173
-311
-385
-386
-306
-162
27
249
466
639
752
782
722
577
374
134
-101
-317
-477
-570
-580
-513
-381
-221
-55
84
171
185
124
-5
-193
-419
-642
-841
-983
-1053
-1045
-962
-820
-636
-446
-276
-149
-82
-83
-147
-262
-400
-538
-643
-692
-684
-603
-456
-261
-48
157
323
426
455
436
369
234
88
-82
-207
-226
-173
-57
111
306
528
757
931
1034
1038
952
790
552
293
23
-192
-348
-452
-454
-379
-242
-35
165
338
460
513
493
411
260
82
-124
-299
-425
-489
-469
-393
-255
-76
96
255
371
427
427
357
227
72
-73
-193
-265
-263
-192
-70
93
279
460
613
702
706
622
473
281
69
-143
-326
-446
-483
-430
-296
-106
119
350
551
691
757
744
650
488
283
65
-141
-289
-375
-394
-351
-248
-107
38
160
232
241
182
60
-120
-330
-534
-712
-843
-912
-905
-828
-691
-529
-369
-233
-141
-102
-136
-236
-382
-541
-695
-812
-874
-863
-767
-602
-382
-146
88
291
437
499
473
365
193
-11
-215
-367
-453
-471
-408
-292
-85
194
469
708
862
932
936
880
737
537
307
100
-50
-158
-192
-160
-50
90
219
338
406
439
423
321
164
-13
-177
-304
-383
-416
-375
-273
-119
54
210
350
427
438
374
240
78
-104
-276
-412
-493
-495
-406
-247
-38
209
452
651
775
821
791
681
506
276
36
-180
-333
-409
-408
-334
-201
-21
177
361
500
576
583
520
400
248
90
-53
-158
-208
-200
-135
-22
119
245
335
376
355
270
120
-79
-298
-510
-682
-799
-844
-812
-711
-565
-392
-223
-81
7
22
-48
-182
-361
-557
-748
-909
-1009
-1026
-956
-806
-598
-357
-113
110
277
369
376
312
182
13
-167
-329
-446
-501
-491
-398
-228
-20
192
371
492
601
653
632
537
387
239
135
78
42
60
124
251
390
509
591
625
619
522
357
150
-69
-246
-393
-498
-528
-467
-325
-127
83
274
441
541
575
507
370
183
-44
-258
-452
-577
-612
-561
-438
-251
-29
205
424
578
658
668
611
490
319
135
-31
-138
-179
-178
-118
-3
152
309
436
507
519
479
377
233
63
-98
-215
-277
-279
-214
-81
99
294
471
599
663
656
567
393
162
-96
-346
-553
-706
-784
-777
-684
-532
-347
-166
-4
103
136
85
-40
-215
-417
-623
-808
-940
-993
-957
-847
-684
-487
-282
-91
51
130
131
71
-35
-175
-320
-441
-506
-507
-438
-320
-160
24
205
348
429
459
428
334
186
3
-161
-250
-275
-241
-156
-12
194
443
669
832
917
920
851
697
478
216
-27
-236
-398
-482
-485
-397
-226
-28
165
331
458
524
520
429
268
76
-119
-286
-414
-476
-468
-387
-251
-83
93
252
371
422
409
329
205
64
-83
-205
-268
-263
-186
-53
121
313
510
672
757
759
687
545
355
134
-95
-281
-403
-442
-399
-282
-103
118
341
531
658
717
689
587
416
196
-32
-238
-396
-491
-515
-471
-369
-229
-80
42
119
140
90
-23
-188
-378
-565
-727
-836
-878
-846
-746
-597
-417
-237
-85
20
56
24
-72
-223
-389
-554
-685
-756
-753
-671
-524
-318
-85
143
335
468
522
491
379
200
-15
-239
-422
-529
-562
-516
-413
-245
2
272
515
677
753
760
716
615
447
249
65
-63
-129
-138
-99
5
153
290
404
455
459
420
317
162
-33
-215
-353
-423
-427
-382
-275
-116
77
261
407
483
493
429
296
123
-87
-275
-430
-520
-529
-469
-319
-114
122
359
562
718
798
787
690
533
347
154
-34
-174
-255
-259
-181
-60
98
260
403
508
548
521
434
298
140
-28
-170
-263
-296
-258
-170
-40
112
249
357
408
385
288
122
-85
-312
-531
-711
-832
-873
-830
-718
-546
-350
-155
13
121
162
118
1
-167
-366
-560
-726
-837
-871
-826
-703
-522
-311
-91
106
255
332
327
256
129
-26
-190
-337
-435
-469
-441
-353
-225
-69
98
255
370
411
368
263
155
48
-56
-160
-237
-236
-128
50
240
422
581
726
815
817
712
544
340
107
-122
-340
-486
-524
-480
-359
-200
-8
201
401
549
599
561
442
283
95
-100
-296
-437
-505
-488
-385
-246
-64
125
301
439
499
489
416
299
161
12
-105
-173
-178
-118
1
167
356
527
661
733
724
653
499
305
86
-133
-309
-424
-453
-400
-271
-89
118
326
503
615
650
592
456
262
24
-221
-437
-603
-689
-702
-641
-516
-350
-169
-14
93
134
106
19
-126
-308
-493
-652
-750
-783
-754
-656
-508
-323
-136
21
126
163
133
42
-101
-266
-428
-557
-628
-630
-558
-417
-226
-8
199
366
471
496
440
301
100
-129
-339
-500
-601
-638
-606
-461
-226
58
321
525
678
778
821
758
605
393
183
6
-131
-223
-254
-195
-85
72
217
330
426
459
444
348
193
19
-148
-256
-335
-357
-328
-232
-68
124
294
412
480
478
435
308
127
-77
-271
-403
-488
-493
-427
-285
-65
180
426
625
758
826
813
723
556
340
118
-72
-219
-296
-313
-254
-122
42
219
360
465
518
503
422
275
101
-72
-223
-321
-376
-369
-297
-177
-29
109
208
261
250
175
37
-152
-354
-551
-703
-797
-819
-763
-640
-462
-256
-59
107
214
245
201
81
-93
-296
-499
-662
-771
-807
-764
-648
-461
-244
-22
169
305
380
377
303
163
-16
-200
-360
-481
-540
-537
-472
-346
-179
10
167
278
315
315
280
204
93
-46
-151
-195
-151
-61
67
219
389
565
701
763
738
647
485
282
58
-179
-356
-474
-498
-436
-318
-135
69
308
506
635
674
616
504
339
136
-93
-300
-460
-518
-497
-407
-261
-85
120
308
450
526
514
453
340
213
76
-61
-140
-161
-97
19
165
322
479
605
679
672
582
430
236
35
-172
-342
-448
-471
-407
-278
-97
113
306
472
577
601
530
375
169
-63
-303
-518
-680
-760
-752
-669
-513
-334
-142
28
157
223
202
108
-40
-217
-398
-559
-674
-725
-702
-608
-460
-286
-112
40
147
192
158
68
-76
-238
-394
-525
-599
-612
-547
-415
-236
-40
148
299
388
395
320
176
-10
-206
-395
-550
-655
-666
-563
-368
-122
128
375
596
778
879
873
770
587
376
164
-29
-189
-282
-301
-239
-108
50
222
366
477
537
521
437
283
122
-36
-171
-269
-325
-307
-219
-73
91
243
350
418
431
382
268
98
-89
-264
-392
-456
-457
-381
-237
-21
226
454
640
756
813
788
683
501
277
44
-155
-289
-359
-362
-301
-164
16
210
375
489
538
512
427
292
113
-81
-256
-374
-429
-425
-366
-252
-107
38
157
222
226
157
39
-123
-306
-494
-648
-735
-749
-689
-568
-401
-211
-23
139
241
263
201
73
-101
-302
-501
-673
-780
-813
-758
-630
-446
-230
-15
182
323
391
374
279
132
-52
-241
-417
-551
-624
-623
-534
-379
-192
-5
154
279
369
400
376
281
146
11
-91
-127
-119
-56
45
184
355
519
649
715
700
612
468
276
65
-138
-307
-400
-424
-363
-238
-58
159
370
553
658
680
617
483
297
80
-153
-359
-509
-577
-552
-451
-289
-94
112
300
444
518
521
458
348
200
45
-92
-178
-200
-153
-45
104
264
413
547
629
644
568
423
238
40
-147
-302
-399
-430
-384
-260
-78
124
309
456
546
561
489
342
137
-104
-340
-544
-684
-758
-749
-656
-494
-298
-104
69
193
250
231
143
-4
-190
-386
-550
-660
-706
-687
-599
-456
-280
-101
56
163
204
174
83
-51
-216
-374
-504
-579
-590
-531
-404
-233
-42
136
281
362
364
291
161
-12
-214
-411
-567
-638
-628
-529
-356
-129
130
377
607
773
855
839
728
563
355
147
-50
-198
-284
-288
-212
-80
91
265
430
546
597
580
495
362
188
18
-133
-238
-289
-281
-199
-70
84
227
338
404
404
344
219
54
-134
-314
-453
-533
-529
-443
-280
-72
159
390
594
732
786
759
653
482
262
44
-145
-278
-351
-352
-269
-126
54
238
404
522
570
545
449
300
115
-74
-246
-374
-441
-437
-366
-255
-114
29
150
214
211
147
27
-138
-330
-512
-653
-740
-755
-694
-560
-378
-178
20
184
290
320
268
143
-39
-248
-453
-625
-742
-784
-740
-620
-441
-228
-8
188
325
388
377
291
143
-47
-244
-419
-553
-624
-620
-535
-394
-222
-46
116
247
316
330
273
172
48
-83
-176
-227
-206
-130
-4
167
354
540
680
760
756
685
543
347
130
-83
-248
-358
-389
-339
-213
-24
185
399
577
697
735
682
554
366
144
-87
-298
-456
-544
-545
-475
-336
-165
18
180
295
358
357
299
184
41
-99
-208
-265
-268
-195
-68
109
293
469
611
695
704
627
488
296
82
-129
-304
-414
-450
-403
-288
-116
81
281
448
551
576
517
387
191
-38
-269
-469
-619
-703
-706
-630
-491
-321
-146
16
127
178
157
76
-58
-220
-382
-517
-603
-627
-580
-469
-314
-136
38
183
272
293
244
132
-32
-218
-398
-544
-629
-643
-580
-446
-264
-59
142
309
413
439
378
247
59
-157
-372
-554
-672
-710
-663
-535
-346
-113
127
341
505
602
622
561
438
280
119
-26
-131
-174
-152
-63
76
242
408
544
631
652
609
501
346
168
-8
-152
-243
-265
-216
-104
57
236
409
543
617
618
534
380
173
-55
-286
-485
-621
-673
-638
-528
-347
-128
102
305
460
551
566
508
389
234
71
-76
-181
-223
-199
-115
20
178
335
461
539
553
493
369
196
3
-188
-344
-441
-465
-414
-296
-124
70
253
397
477
479
394
233
15
-229
-472
-679
-821
-879
-850
-739
-557
-335
-106
96
248
328
326
248
110
-65
-250
-412
-528
-576
-554
-464
-322
-152
24
170
270
305
269
170
21
-149
-321
-460
-546
-569
-521
-412
-255
-76
97
239
322
335
276
155
-15
-206
-392
-536
-618
-621
-543
-390
-179
54
287
494
645
719
700
613
464
278
85
-83
-201
-253
-234
-140
14
194
381
539
651
699
665
569
414
227
43
-122
-234
-287
-271
-184
-54
104
261
386
457
456
389
266
88
-115
-309
-467
-557
-580
-516
-376
-184
36
252
448
589
648
624
526
374
185
-13
-186
-306
-364
-350
-268
-132
33
194
336
429
462
428
330
185
11
-162
-308
-411
-458
-439
-357
-227
-80
66
181
247
247
184
63
-105
-296
-479
-624
-711
-731
-672
-544
-364
-159
48
228
350
398
370
272
115
-76
-274
-442
-560
-612
-586
-490
-336
-152
38
205
319
365
336
237
81
-109
-300
-465
-582
-630
-604
-507
-354
-169
22
190
305
360
342
262
131
-25
-181
-318
-397
-400
-332
-198
-22
190
397
567
684
729
696
588
424
236
50
-113
-218
-253
-211
-97
66
261
449
604
709
740
690
562
377
170
-47
-232
-367
-433
-421
-338
-193
-17
158
308
412
449
418
316
168
-9
-188
-331
-418
-437
-384
-267
-91
109
306
470
576
609
563
445
270
59
-152
-332
-454
-501
-470
-360
-192
4
203
378
493
531
486
370
192
-24
-244
-441
-582
-651
-636
-546
-400
-219
-30
135
248
292
260
159
2
-182
-364
-515
-615
-645
-596
-477
-309
-113
79
240
344
378
334
217
48
-147
-338
-499
-606
-643
-600
-489
-324
-131
58
215
317
350
307
193
26
-167
-355
-510
-605
-629
-574
-445
-254
-30
191
380
512
579
571
486
347
171
-5
-156
-254
-282
-240
-132
30
220
413
576
685
725
688
587
431
243
54
-111
-221
-261
-232
-138
5
175
349
489
574
585
521
392
210
4
-202
-379
-495
-539
-501
-388
-221
-24
176
352
479
533
509
414
264
87
-96
-253
-362
-406
-374
-278
-131
39
207
351
445
479
440
336
183
6
-170
-317
-416
-452
-418
-320
-175
-9
154
284
363
376
315
188
13
-188
-382
-545
-652
-690
-652
-544
-382
-188
7
172
286
330
301
201
44
-145
-338
-503
-615
-661
-632
-533
-376
-188
4
169
280
323
294
195
43
-143
-332
-493
-604
-643
-607
-504
-346
-156
41
215
337
388
369
288
160
3
-160
-293
-376
-383
-317
-189
-10
192
394
564
680
720
680
569
405
213
22
-143
-254
-291
-249
-136
30
221
412
575
683
720
670
549
369
162
-46
-229
-363
-429
-415
-326
-181
-8
168
318
423
464
431
330
178
1
-172
-316
-405
-430
-380
-261
-89
109
300
458
558
587
535
409
224
11
-196
-366
-473
-507
-462
-343
-166
43
250
421
528
560
511
386
199
-22
-244
-432
-562
-622
-602
-510
-359
-175
12
172
278
313
275
167
8
-179
-366
-525
-628
-662
-621
-518
-362
-179
6
160
257
284
238
129
-29
-214
-396
-549
-644
-666
-614
-495
-325
-129
64
228
336
370
330
222
66
-115
-292
-444
-533
-546
-475
-330
-136
84
302
495
635
699
681
586
435
251
65
-99
-214
-260
-232
-133
19
200
381
539
647
689
655
547
386
199
12
-148
-264
-317
-296
-207
-63
103
266
396
478
494
439
317
145
-52
-241
-393
-489
-512
-457
-329
-146
67
276
452
571
620
588
483
316
116
-90
-267
-394
-454
-441
-355
-206
-18
178
348
470
526
507
420
275
92
-102
-276
-406
-472
-468
-400
-278
-121
44
186
278
309
269
166
10
-177
-365
-526
-632
-669
-630
-523
-366
-180
7
164
264
289
235
111
-65
-267
-469
-639
-748
-782
-733
-612
-435
-226
-13
171
298
352
324
223
64
-123
-315
-482
-595
-633
-585
-461
-284
-77
139
336
490
573
575
503
375
220
62
-80
-174
-206
-169
-63
89
263
436
581
675
700
649
531
359
172
-15
-167
-268
-307
-270
-163
-3
183
353
489
566
573
508
369
172
-47
-259
-433
-546
-587
-542
-420
-232
-12
207
398
531
596
586
498
350
161
-33
-199
-317
-369
-352
-271
-131
38
210
358
453
491
462
373
234
64
-105
-246
-337
-366
-335
-246
-113
40
189
301
356
345
266
132
-43
-234
-414
-560
-642
-654
-594
-468
-299
-106
81
229
317
328
261
125
-64
-283
-500
-685
-809
-855
-817
-703
-531
-325
-111
79
216
279
263
176
30
-149
-338
-507
-624
-672
-640
-536
-375
-172
46
249
397
481
497
451
358
229
88
-34
-117
-134
-83
21
173
340
504
643
721
735
681
561
402
214
31
-121
-223
-242
-193
-75
86
252
417
545
613
613
518
355
140
-98
-316
-505
-625
-656
-600
-454
-256
-26
216
425
585
661
646
553
386
192
-7
-189
-319
-393
-382
-291
-143
44
232
398
523
575
559
468
317
142
-43
-205
-325
-391
-380
-305
-178
-25
121
246
321
339
294
181
23
-161
-340
-486
-585
-618
-578
-477
-322
-145
28
169
253
277
226
103
-75
-285
-489
-661
-780
-828
-804
-706
-551
-365
-176
-17
94
137
105
6
-152
-337
-521
-677
-769
-788
-727
-593
-403
-165
87
320
489
577
598
547
445
304
140
6
-88
-115
-61
41
207
401
594
772
874
906
868
754
598
397
184
-3
-159
-225
-225
-156
-30
105
253
375
442
459
387
257
83
-126
-315
-493
-606
-628
-569
-430
-256
-53
169
364
515
591
579
502
355
186
14
-139
-239
-287
-256
-160
-19
155
328
478
582
606
557
437
262
73
-123
-292
-418
-489
-480
-403
-270
-105
50
183
264
283
240
125
-31
-210
-386
-532
-635
-666
-621
-511
-347
-167
7
148
230
250
198
75
-101
-312
-514
-687
-805
-852
-827
-729
-582
-413
-240
-99
-3
23
-28
-140
-303
-471
-621
-737
-792
-768
-652
-443
-192
63
320
530
698
787
771
689
550
384
242
111
39
45
125
289
478
675
858
994
1071
1058
952
780
530
275
23
-193
-323
-396
-373
-282
-148
27
185
305
371
352
275
122
-78
-277
-458
-582
-641
-624
-504
-322
-87
163
395
593
705
741
688
556
375
162
-36
-189
-290
-303
-241
-112
68
255
435
568
626
608
501
324
97
-153
-378
-564
-677
-713
-668
-549
-381
-186
1
145
229
237
169
38
-140
-325
-495
-629
-700
-700
-628
-494
-321
-135
37
157
217
203
116
-29
-218
-421
-613
-769
-868
-898
-862
-764
-622
-451
-266
-102
18
60
52
9
-55
-135
-256
-336
-381
-345
-243
-110
87
311
536
762
903
984
1006
960
886
741
561
387
255
184
184
225
335
451
605
722
787
807
727
609
406
152
-114
-365
-560
-667
-697
-631
-506
-336
-112
138
340
465
464
384
264
62
-127
-311
-426
-454
-411
-293
-88
142
402
634
785
832
758
606
399
171
-69
-279
-428
-500
-484
-372
-211
-7
190
331
395
365
247
80
-132
-366
-567
-740
-843
-860
-785
-625
-426
-223
-31
118
198
200
140
30
-121
-303
-485
-630
-717
-740
-686
-581
-436
-283
-149
-43
19
22
-34
-150
-314
-470
-613
-721
-759
-748
-638
-461
-294
-89
97
262
434
514
543
521
419
331
236
144
95
88
142
256
392
541
711
880
999
1062
1034
911
749
537
311
108
-71
-186
-216
-197
-107
39
192
334
444
473
437
315
119
-72
-264
-436
-540
-576
-517
-375
-182
47
282
474
603
660
616
500
323
122
-67
-232
-341
-374
-338
-230
-77
99
266
395
466
461
378
233
49
-157
-363
-543
-669
-730
-716
-637
-494
-317
-139
16
123
166
139
46
-99
-272
-464
-628
-745
-789
-754
-648
-483
-291
-94
69
182
216
172
44
-136
-358
-576
-770
-902
-953
-911
-769
-560
-311
-50
172
360
435
389
300
118
-10
-145
-253
-261
-232
-109
83
282
516
715
884
996
1019
973
856
725
569
399
244
99
10
9
41
167
300
441
584
643
645
562
421
225
10
-199
-386
-497
-555
-510
-360
-179
45
249
429
556
602
565
480
347
178
12
-149
-264
-302
-269
-160
-1
167
337
475
551
564
507
372
190
-36
-268
-473
-619
-683
-653
-564
-434
-274
-120
16
104
133
102
3
-157
-344
-528
-683
-780
-805
-757
-646
-488
-303
-105
65
185
229
190
80
-88
-289
-493
-676
-794
-845
-824
-736
-600
-432
-253
-79
73
171
208
164
75
-80
-285
-443
-556
-525
-408
-231
28
290
543
773
910
989
973
881
741
553
364
219
145
135
175
243
352
463
611
725
821
844
775
641
409
139
-130
-349
-488
-545
-510
-396
-230
-44
146
327
441
481
437
348
209
53
-96
-207
-263
-293
-261
-181
-35
156
359
548
672
712
658
519
318
86
-138
-329
-467
-537
-531
-450
-310
-141
21
133
177
161
87
-33
-194
-366
-538
-700
-824
-887
-863
-756
-585
-378
-165
14
129
174
148
44
-113
-316
-503
-656
-759
-782
-749
-643
-504
-354
-200
-67
27
66
38
-23
-126
-225
-342
-439
-534
-619
-608
-515
-277
14
316
579
761
836
814
702
559
412
285
186
102
76
114
245
426
615
766
877
918
940
883
791
628
417
178
-85
-308
-450
-453
-342
-139
87
288
416
468
451
401
297
163
5
-144
-277
-360
-386
-334
-225
-86
98
273
446
576
654
658
557
366
124
-130
-338
-467
-495
-438
-328
-188
-38
101
205
267
266
196
60
-115
-310
-503
-674
-784
-833
-817
-740
-591
-389
-174
19
151
200
149
22
-154
-351
-538
-689
-763
-770
-717
-615
-477
-317
-157
-15
90
125
79
-36
-186
-340
-470
-544
-581
-558
-543
-479
-354
-152
140
417
640
750
737
631
463
283
151
68
41
46
82
165
317
520
741
910
990
983
894
778
610
442
248
61
-120
-268
-327
-276
-113
112
356
556
644
612
467
316
169
26
-96
-226
-298
-340
-320
-226
-69
117
315
485
604
645
609
519
373
160
-76
-306
-469
-531
-495
-355
-192
-18
118
216
258
249
194
88
-83
-292
-506
-695
-829
-882
-840
-724
-574
-395
-201
-23
107
159
139
38
-139
-343
-539
-683
-761
-777
-706
-602
-447
-288
-125
27
128
184
157
32
-160
-375
-550
-644
-668
-596
-495
-360
-257
-120
45
274
498
663
714
637
474
264
91
-42
-73
-47
47
154
294
454
658
838
977
987
909
745
556
371
192
46
-92
-183
-248
-234
-142
50
271
486
614
648
557
394
186
3
-151
-263
-330
-340
-290
-184
-30
151
342
496
618
663
641
545
389
192
-24
-237
-388
-470
-453
-352
-194
-14
146
259
313
301
225
92
-91
-303
-526
-714
-848
-901
-878
-772
-611
-424
-245
-87
29
85
66
-23
-179
-374
-566
-726
-814
-837
-778
-649
-472
-284
-111
34
143
190
167
63
-117
-337
-557
-714
-766
-723
-568
-370
-148
25
133
243
359
519
622
634
528
347
133
-38
-145
-127
-22
165
365
546
696
829
936
989
955
803
605
363
178
15
-86
-154
-166
-140
-66
47
210
396
550
615
568
418
200
-20
-208
-323
-392
-391
-335
-209
-41
151
339
502
617
665
637
542
391
211
15
-167
-318
-395
-384
-293
-140
37
208
334
394
389
313
179
-6
-223
-447
-654
-797
-860
-831
-735
-580
-398
-216
-62
35
75
46
-48
-192
-375
-569
-741
-853
-881
-828
-699
-512
-305
-108
39
127
150
102
8
-138
-311
-514
-702
-834
-855
-760
-545
-250
31
256
351
388
407
446
477
454
346
195
23
-97
-142
-74
109
348
595
781
909
980
1017
983
895
696
460
216
31
-72
-111
-85
-21
66
160
265
380
491
546
510
379
202
13
-157
-296
-400
-439
-420
-322
-140
97
357
559
673
679
596
458
310
162
27
-122
-253
-337
-350
-272
-122
63
246
377
443
442
367
251
77
-127
-363
-584
-744
-817
-792
-684
-521
-340
-170
-33
64
106
79
-12
-167
-361
-559
-724
-821
-845
-803
-698
-542
-352
-157
16
140
185
142
8
-172
-378
-562
-707
-803
-855
-849
-744
-538
-246
83
355
514
511
387
247
134
89
47
-1
-55
-95
-90
-4
183
450
736
968
1086
1080
996
869
715
536
327
120
-38
-119
-88
17
175
326
443
509
521
501
462
399
284
100
-130
-367
-529
-573
-483
-302
-93
109
290
444
554
609
589
509
352
161
-42
-207
-304
-332
-293
-204
-92
54
217
372
482
508
446
288
72
-161
-370
-535
-645
-707
-711
-660
-541
-367
-173
6
123
157
103
-28
-200
-380
-540
-677
-779
-829
-810
-712
-550
-344
-139
36
148
191
144
27
-146
-345
-537
-710
-821
-854
-816
-713
-568
-395
-173
34
249
394
446
391
190
-39
-245
-346
-324
-233
-96
62
223
413
594
780
947
1048
1063
964
769
549
339
176
70
-19
-27
27
165
356
533
675
731
697
571
380
173
-17
-172
-298
-397
-458
-468
-397
-231
-2
249
443
574
620
593
501
347
166
-23
-185
-295
-331
-291
-173
-13
167
323
438
506
521
475
366
189
-30
-265
-476
-615
-678
-645
-546
-403
-247
-98
35
130
167
133
33
-127
-318
-516
-680
-782
-807
-756
-645
-478
-294
-104
47
156
192
153
48
-118
-300
-494
-655
-780
-839
-822
-730
-570
-376
-177
-17
76
108
95
53
25
-37
-126
-282
-467
-554
-491
-258
62
361
625
813
915
945
891
828
743
632
473
269
100
24
57
177
321
449
577
679
766
800
749
623
397
123
-167
-412
-541
-557
-474
-335
-172
4
161
291
412
503
550
490
351
154
-27
-177
-271
-299
-259
-152
0
187
371
535
630
655
581
426
218
-4
-210
-368
-482
-543
-557
-504
-382
-213
-25
134
238
254
185
45
-134
-323
-501
-648
-745
-777
-743
-636
-462
-258
-54
103
207
238
199
85
-80
-278
-478
-640
-760
-797
-777
-673
-527
-353
-181
-38
68
101
70
-47
-221
-429
-624
-741
-771
-661
-482
-274
-94
4
156
328
569
769
847
830
695
517
305
127
36
57
170
297
436
557
719
865
957
958
826
658
428
227
40
-133
-251
-361
-409
-411
-334
-166
52
269
405
461
417
311
142
-37
-172
-282
-327
-350
-296
-156
46
275
463
596
657
669
625
536
395
202
-9
-227
-400
-498
-501
-400
-236
-35
128
243
296
293
246
126
-41
-244
-445
-616
-727
-764
-724
-605
-445
-252
-61
105
234
297
283
185
15
-193
-400
-573
-686
-720
-681
-580
-438
-281
-117
26
139
173
130
-2
-194
-400
-616
-779
-886
-907
-860
-767
-626
-427
-180
94
364
537
600
473
236
16
-136
-141
-86
-7
107
221
374
532
708
898
1054
1145
1085
929
697
475
270
92
-79
-216
-265
-235
-70
129
328
483
516
464
313
133
-29
-165
-285
-422
-531
-606
-570
-407
-137
188
456
622
694
683
662
596
517
373
174
-53
-243
-339
-318
-185
-15
169
291
373
420
428
397
307
133
-97
-362
-577
-703
-710
-631
-510
-364
-230
-79
75
212
301
307
211
34
-184
-395
-532
-593
-589
-534
-446
-324
-163
14
174
289
302
234
81
-119
-336
-532
-681
-789
-839
-855
-792
-662
-471
-251
-61
70
93
38
-110
-270
-419
-530
-561
-508
-402
-249
-143
-59
93
304
606
868
1016
1051
984
823
619
376
182
72
62
94
165
272
412
584
705
733
654
521
342
190
27
-148
-297
-457
-566
-615
-588
-437
-205
66
291
440
478
439
368
303
229
111
-55
-205
-237
-169
-8
169
370
533
648
678
645
584
485
337
126
-130
-384
-553
-624
-582
-462
-299
-145
17
136
240
297
282
196
32
-174
-394
-546
-630
-617
-536
-424
-278
-112
57
226
373
443
422
301
94
-143
-371
-562
-672
-716
-704
-629
-506
-345
-173
-26
62
80
22
-110
-278
-468
-647
-787
-877
-919
-883
-783
-614
-400
-165
72
271
398
455
460
410
308
75
-103
-236
-190
-13
172
413
617
820
948
997
956
879
788
623
415
169
-84
-228
-318
-312
-281
-184
-67
100
301
399
483
427
303
114
-135
-354
-506
-544
-508
-393
-246
-85
137
358
591
747
808
779
684
545
343
129
-63
-190
-250
-260
-216
-114
57
233
377
449
421
346
210
39
-154
-340
-492
-588
-614
-590
-479
-311
-103
120
291
398
430
398
308
169
-12
-213
-384
-512
-567
-531
-437
-268
-83
93
216
274
266
201
85
-99
-309
-527
-713
-843
-899
-893
-804
-657
-476
-268
-103
21
71
48
-46
-195
-375
-552
-694
-781
-789
-682
-490
-239
16
256
498
686
834
793
704
523
369
264
132
66
23
81
177
309
428
539
675
767
792
728
534
329
89
-113
-313
-455
-533
-519
-377
-224
-3
186
354
476
508
462
337
193
40
-90
-200
-297
-324
-277
-115
87
305
487
646
760
795
722
559
364
146
-51
-245
-408
-484
-476
-390
-239
-84
84
236
355
402
388
290
137
-23
-207
-354
-464
-501
-457
-323
-156
31
214
359
470
508
456
328
144
-74
-275
-454
-579
-627
-606
-519
-388
-245
-94
43
134
157
96
-41
-220
-422
-622
-797
-916
-969
-924
-811
-626
-416
-194
-9
117
160
118
24
-125
-275
-451
-552
-592
-519
-381
-224
-55
146
377
613
787
860
843
772
651
471
273
64
-51
-93
-59
9
118
251
428
593
681
669
566
398
225
39
-151
-317
-429
-461
-414
-315
-180
-10
186
381
517
563
515
408
266
108
-74
-245
-368
-394
-310
-151
35
226
389
518
602
602
537
413
249
63
-127
-318
-454
-517
-492
-383
-221
-44
152
330
464
539
521
415
254
59
-143
-297
-408
-437
-384
-274
-128
41
190
326
426
454
407
285
93
-119
-330
-518
-649
-712
-700
-613
-471
-310
-138
3
96
123
64
-61
-239
-435
-626
-782
-884
-919
-868
-754
-579
-376
-166
24
160
223
203
99
-53
-233
-404
-536
-589
-531
-387
-173
27
228
397
576
692
759
747
664
569
419
260
73
-69
-147
-131
-44
82
237
406
559
692
715
656
495
282
65
-144
-311
-437
-456
-408
-273
-104
53
206
340
445
496
470
369
218
56
-115
-265
-393
-449
-422
-308
-132
75
294
490
637
684
620
463
252
50
-128
-268
-350
-396
-355
-254
-102
78
253
412
524
590
558
458
302
116
-57
-215
-341
-405
-390
-290
-120
78
258
404
491
500
445
303
114
-91
-289
-455
-583
-654
-660
-576
-440
-267
-97
35
127
152
107
-17
-199
-408
-605
-763
-869
-910
-872
-769
-584
-381
-169
11
137
207
203
125
-20
-195
-380
-522
-623
-650
-613
-493
-306
-35
261
539
742
808
756
611
412
198
21
-123
-168
-140
-57
60
201
340
488
620
686
696
621
484
320
142
-52
-216
-357
-433
-423
-341
-202
-18
178
356
501
551
499
368
173
-30
-217
-370
-460
-471
-403
-262
-83
106
284
434
534
571
528
410
246
54
-130
-282
-381
-396
-331
-205
-29
128
283
413
522
581
584
505
354
179
-25
-196
-321
-379
-347
-228
-59
136
317
463
567
609
561
440
246
15
-193
-377
-500
-556
-536
-457
-304
-145
4
131
199
216
169
54
-120
-320
-520
-686
-796
-846
-820
-717
-553
-350
-147
21
136
182
159
65
-83
-272
-450
-601
-682
-697
-634
-509
-326
-121
74
237
328
356
311
209
48
-143
-335
-459
-496
-434
-303
-146
16
166
314
436
532
582
586
558
473
334
152
-49
-209
-294
-288
-204
-61
111
300
480
602
643
588
446
261
53
-158
-335
-460
-507
-447
-310
-131
64
241
382
478
509
464
363
219
60
-86
-219
-317
-367
-345
-250
-94
88
268
421
521
565
533
420
249
49
-144
-290
-386
-414
-369
-262
-93
105
307
472
588
632
597
501
329
133
-64
-230
-333
-371
-334
-239
-92
81
253
405
488
515
462
340
171
-43
-256
-447
-582
-646
-622
-526
-381
-194
-12
145
247
274
227
110
-54
-245
-428
-584
-686
-710
-661
-539
-372
-185
6
161
269
313
284
187
35
-149
-339
-508
-628
-679
-646
-537
-375
-169
20
179
283
295
249
110
-69
-282
-484
-637
-711
-665
-529
-310
-66
160
346
464
524
538
500
435
356
265
162
60
-44
-113
-132
-85
29
192
373
536
670
726
698
585
393
172
-58
-251
-386
-456
-447
-356
-197
-7
194
357
461
492
443
320
145
-49
-237
-369
-435
-429
-351
-222
-48
139
316
466
560
589
554
458
310
128
-61
-232
-354
-407
-393
-304
-163
18
223
406
550
610
585
476
298
92
-124
-298
-421
-458
-404
-283
-107
83
265
413
505
534
486
371
203
13
-174
-339
-449
-501
-472
-375
-220
-38
138
279
366
392
344
232
70
-119
-306
-465
-573
-619
-595
-501
-347
-154
44
215
332
376
340
225
56
-146
-351
-519
-625
-657
-613
-500
-340
-156
24
165
257
272
218
104
-59
-241
-430
-591
-707
-765
-752
-679
-536
-367
-185
-19
102
179
196
175
111
16
-100
-224
-317
-379
-362
-275
-107
124
384
640
831
932
908
780
565
303
47
-166
-302
-342
-288
-154
21
204
367
491
553
551
481
351
175
-18
-202
-350
-439
-464
-409
-284
-112
87
277
436
542
584
566
486
356
190
18
-145
-273
-346
-355
-293
-170
-2
181
348
460
498
451
320
127
-100
-322
-509
-628
-664
-609
-480
-290
-67
157
355
487
550
515
410
244
55
-121
-261
-325
-321
-234
-97
74
249
406
525
600
616
576
482
339
169
-18
-190
-331
-410
-424
-351
-220
-44
138
298
399
430
382
255
80
-128
-326
-496
-608
-651
-618
-517
-355
-159
39
214
329
371
327
207
25
-187
-395
-569
-676
-705
-659
-545
-389
-214
-45
88
171
187
137
29
-124
-300
-476
-629
-728
-771
-733
-637
-480
-294
-106
69
184
244
220
142
16
-121
-238
-322
-344
-315
-231
-99
58
235
408
568
695
774
798
750
636
466
264
65
-106
-213
-240
-180
-39
150
349
520
620
637
569
422
222
-3
-216
-396
-512
-553
-519
-411
-250
-49
153
331
455
506
477
380
225
43
-132
-272
-355
-361
-295
-171
-6
177
345
481
568
594
552
454
303
120
-74
-250
-384
-458
-452
-374
-232
-49
144
311
426
469
432
322
165
-21
-202
-348
-437
-457
-400
-276
-101
101
305
482
606
663
639
530
361
149
-68
-258
-384
-437
-405
-295
-136
47
219
351
422
420
350
221
50
-141
-324
-480
-586
-628
-601
-507
-355
-172
24
197
322
376
354
261
109
-70
-253
-405
-508
-540
-499
-395
-242
-64
113
265
362
392
345
223
44
-170
-386
-572
-702
-754
-725
-620
-460
-273
-88
62
157
185
142
35
-120
-299
-477
-630
-731
-765
-727
-616
-441
-229
-3
214
388
500
535
485
362
189
0
-174
-289
-327
-277
-139
64
301
527
710
820
835
760
612
408
183
-29
-197
-304
-331
-284
-176
-19
160
329
467
552
567
510
392
228
38
-144
-291
-389
-414
-367
-257
-101
81
259
409
514
558
528
432
284
98
-100
-274
-407
-479
-470
-384
-238
-52
146
313
425
466
420
299
124
-80
-283
-449
-549
-581
-530
-406
-233
-33
173
350
471
530
513
423
278
106
-71
-221
-315
-342
-296
-181
-14
177
362
517
608
628
573
447
268
66
-134
-309
-428
-479
-459
-370
-228
-55
119
271
373
402
361
248
79
-122
-318
-487
-601
-637
-595
-482
-309
-110
86
251
364
401
364
260
102
-89
-276
-436
-549
-595
-562
-467
-317
-134
50
202
306
337
287
167
-6
-210
-409
-570
-677
-711
-664
-553
-393
-203
-19
138
240
281
249
152
11
-162
-335
-483
-584
-619
-582
-466
-293
-73
167
383
550
638
633
538
368
165
-43
-215
-317
-335
-264
-119
76
282
470
611
687
693
627
501
332
146
-36
-191
-296
-340
-314
-223
-77
101
280
431
532
562
520
411
250
65
-122
-274
-375
-410
-374
-276
-125
57
244
410
526
578
548
443
274
65
-152
-344
-476
-529
-496
-382
-211
-11
183
340
435
459
403
283
115
-73
-255
-402
-497
-524
-480
-367
-201
-3
198
370
490
539
510
409
254
72
-109
-258
-354
-382
-342
-237
-84
97
275
430
533
569
528
417
246
44
-165
-344
-471
-524
-497
-396
-240
-54
129
280
379
407
359
247
84
-108
-296
-453
-556
-592
-547
-433
-263
-64
135
301
411
448
407
294
131
-65
-259
-423
-534
-582
-555
-461
-316
-144
35
183
282
312
264
145
-29
-231
-431
-597
-699
-730
-678
-557
-385
-192
-2
158
265
307
280
190
50
-117
-286
-432
-530
-564
-524
-410
-236
-26
196
390
529
596
574
472
309
112
-84
-245
-344
-370
-313
-187
-12
185
377
533
628
652
606
489
325
137
-51
-212
-316
-352
-315
-210
-51
127
308
460
554
579
535
425
262
78
-107
-271
-381
-426
-400
-307
-154
28
214
376
490
531
495
387
216
12
-188
-362
-480
-519
-479
-370
-202
-6
186
345
452
486
444
336
177
-11
-194
-343
-440
-467
-417
-304
-141
50
239
397
502
544
510
407
255
72
-115
-277
-389
-435
-408
-310
-158
27
215
375
482
519
477
361
188
-12
-217
-391
-508
-554
-523
-418
-256
-69
117
276
380
414
373
266
102
-84
-268
-423
-524
-553
-508
-397
-231
-36
154
318
428
467
428
322
162
-33
-228
-394
-512
-558
-527
-430
-278
-95
89
241
344
377
334
223
61
-133
-328
-494
-606
-650
-614
-505
-340
-143
57
226
339
384
349
245
90
-90
-272
-418
-514
-543
-503
-396
-244
-60
127
297
418
480
465
379
227
43
-156
-329
-449
-486
-438
-302
-106
119
334
507
611
639
588
475
312
136
-34
-175
-266
-295
-262
-169
-22
158
336
496
604
643
606
497
327
123
-81
-255
-374
-417
-385
-290
-138
42
219
371
475
509
466
356
192
-9
-208
-380
-497
-540
-498
-388
-221
-26
166
322
431
468
428
322
167
-20
-204
-360
-463
-502
-460
-350
-180
17
219
386
500
541
504
394
233
40
-147
-307
-408
-445
-407
-303
-145
38
225
382
486
517
474
361
195
-1
-197
-368
-481
-529
-497
-398
-243
-59
129
291
398
434
394
280
115
-79
-269
-430
-532
-565
-523
-409
-246
-57
131
291
397
436
401
296
134
-56
-250
-417
-530
-576
-545
-443
-284
-97
91
249
351
382
338
226
59
-132
-321
-481
-584
-618
-577
-469
-305
-112
80
250
361
406
376
276
124
-58
-238
-393
-496
-527
-491
-386
-224
-37
153
324
443
489
462
361
194
-4
-196
-361
-459
-477
-412
-283
-101
100
286
438
537
565
532
441
303
131
-38
-188
-301
-347
-317
-224
-72
122
316
481
599
639
594
480
313
107
-92
-261
-378
-424
-386
-284
-128
60
246
397
496
526
476
359
195
3
-187
-346
-451
-494
-463
-363
-211
-28
162
324
434
479
446
335
170
-24
-221
-385
-491
-523
-481
-365
-196
-2
192
356
463
503
468
362
201
14
-175
-333
-434
-464
-420
-307
-145
42
224
377
476
510
473
372
216
31
-160
-328
-446
-494
-467
-366
-204
-13
180
345
451
483
440
324
156
-38
-228
-389
-493
-528
-489
-379
-217
-29
157
314
416
449
409
301
140
-49
-238
-402
-514
-562
-535
-437
-285
-98
89
252
357
391
343
226
57
-138
-327
-484
-588
-621
-578
-464
-297
-103
91
251
362
405
376
275
123
-59
-244
-401
-504
-541
-502
-391
-222
-30
171
337
448
491
462
357
195
4
-190
-350
-433
-441
-375
-239
-70
110
278
425
518
554
534
452
316
150
-38
-212
-342
-398
-375
-275
-102
90
288
455
564
592
543
421
244
44
-145
-309
-417
-450
-413
-306
-144
40
215
364
462
496
462
367
214
31
-155
-321
-442
-496
-474
-376
-215
-14
186
353
460
490
440
322
150
-42
-229
-380
-475
-506
-465
-361
-204
-15
179
346
456
500
468
366
212
28
-160
-322
-429
-468
-433
-326
-163
30
230
400
511
545
497
378
203
7
-186
-349
-455
-492
-455
-353
-199
-20
161
319
426
466
427
320
157
-34
-223
-385
-493
-533
-496
-388
-225
-31
162
327
438
477
435
319
151
-46
-238
-394
-496
-534
-500
-400
-252
-73
112
265
369
408
367
255
88
-111
-313
-478
-583
-620
-577
-465
-304
-115
77
243
354
400
370
266
114
-69
-254
-406
-506
-537
-498
-389
-231
-51
142
303
414
458
422
310
138
-60
-259
-421
-516
-542
-480
-351
-176
23
225
401
521
578
553
448
290
111
-68
-213
-302
-329
-289
-185
-35
142
321
481
588
635
600
482
301
91
-115
-290
-397
-436
-402
-299
-141
38
214
365
461
494
458
352
193
6
-181
-339
-439
-472
-438
-333
-174
15
208
377
490
530
493
382
211
8
-194
-360
-462
-494
-451
-344
-189
-9
175
334
440
479
446
345
188
1
-189
-352
-458
-494
-452
-343
-181
9
202
369
484
524
486
372
208
15
-176
-339
-449
-488
-454
-351
-195
-16
165
323
430
471
433
324
154
-41
-236
-402
-511
-549
-510
-400
-234
-41
150
312
424
465
432
325
164
-26
-212
-365
-464
-497
-460
-359
-201
-16
174
335
442
478
434
321
148
-51
-246
-413
-520
-559
-524
-423
-267
-82
106
272
378
418
384
278
118
-69
-256
-414
-516
-544
-505
-395
-233
-43
151
317
431
466
424
313
143
-53
-246
-414
-532
-578
-551
-461
-313
-137
47
238
400
501
502
400
203
-35
-247
-395
-458
-434
-336
-193
-25
149
311
442
551
607
601
516
357
150
-60
-231
-344
-395
-377
-295
-148
49
255
434
540
567
499
352
159
-52
-242
-376
-440
-450
-408
-325
-199
-37
158
340
477
542
520
416
247
43
-169
-342
-450
-481
-434
-322
-167
18
207
368
466
488
429
309
152
-19
-187
-339
-446
-498
-474
-382
-226
-34
174
362
491
534
485
355
179
-13
-190
-336
-432
-463
-427
-324
-172
7
184
341
449
494
458
349
181
-16
-211
-381
-500
-554
-525
-417
-245
-41
152
310
409
436
395
286
129
-53
-230
-377
-480
-520
-494
-393
-231
-31
174
344
455
493
454
347
180
-17
-214
-380
-485
-523
-486
-386
-228
-42
145
299
395
423
385
288
137
-47
-241
-411
-524
-560
-519
-402
-234
-37
158
325
429
465
427
322
168
-19
-212
-383
-497
-541
-505
-403
-252
-81
93
244
354
404
391
325
204
37
-162
-361
-503
-553
-483
-322
-111
113
306
457
544
575
540
441
302
138
-45
-209
-337
-394
-368
-258
-99
77
252
411
525
582
554
430
234
7
-204
-374
-470
-487
-433
-315
-152
14
177
323
437
498
494
406
244
39
-162
-328
-438
-470
-433
-323
-155
39
227
381
479
510
463
354
183
-13
-199
-349
-445
-481
-456
-368
-221
-29
178
354
477
517
473
357
188
-6
-193
-342
-433
-463
-425
-326
-174
17
212
374
480
509
462
352
193
7
-188
-356
-478
-528
-495
-395
-231
-40
155
313
407
433
385
280
129
-49
-233
-399
-512
-554
-514
-398
-231
-36
160
324
433
473
437
334
180
-6
-196
-364
-479
-522
-483
-373
-212
-30
149
302
404
441
403
294
133
-60
-253
-418
-530
-569
-528
-416
-250
-54
139
308
421
462
422
314
153
-34
-219
-376
-480
-520
-485
-381
-224
-38
150
303
406
438
389
269
102
-87
-268
-424
-529
-558
-496
-363
-182
-1
175
321
445
514
514
434
284
91
-106
-265
-364
-399
-348
-223
-57
135
305
444
541
589
554
445
264
61
-143
-298
-401
-449
-431
-345
-197
-9
184
347
453
492
456
336
163
-33
-218
-364
-449
-482
-449
-355
-198
-5
198
366
474
508
473
362
197
1
-195
-356
-462
-501
-470
-370
-212
-19
176
340
438
467
428
327
173
-12
-204
-367
-476
-510
-468
-354
-173
54
283
479
578
588
519
406
267
106
-62
-223
-347
-407
-392
-298
-146
43
238
399
498
509
442
315
156
-35
-232
-408
-531
-570
-520
-403
-241
-64
109
262
375
426
400
303
152
-36
-230
-400
-509
-534
-476
-347
-183
-4
172
319
425
469
429
314
144
-53
-250
-421
-540
-590
-553
-441
-277
-87
103
262
370
416
385
286
131
-50
-229
-382
-487
-527
-491
-377
-211
-13
184
348
459
496
455
337
169
-29
-217
-376
-484
-531
-506
-416
-265
-80
115
286
402
443
400
287
129
-47
-216
-363
-464
-500
-459
-335
-153
63
272
444
555
596
565
466
317
139
-46
-209
-325
-374
-342
-229
-62
127
305
448
539
568
527
415
242
37
-171
-349
-468
-512
-478
-373
-214
-32
149
303
412
456
427
324
162
-30
-220
-376
-473
-503
-461
-354
-191
0
193
359
470
513
475
366
199
6
-186
-345
-452
-491
-460
-358
-204
-15
173
334
439
472
431
322
163
-21
-177
-301
-387
-437
-446
-358
-189
57
294
470
564
563
501
386
245
75
-104
-267
-389
-455
-442
-356
-188
17
222
357
438
449
412
318
167
-34
-249
-429
-540
-566
-518
-408
-258
-74
110
270
379
433
413
318
151
-51
-257
-411
-503
-523
-476
-375
-231
-52
139
305
415
453
412
300
134
-68
-260
-420
-516
-551
-514
-413
-252
-59
140
304
410
442
400
294
135
-50
-237
-394
-503
-544
-517
-414
-248
-47
153
313
407
432
389
285
126
-66
-262
-433
-543
-566
-495
-352
-174
-3
155
300
423
499
502
421
259
52
-155
-315
-400
-405
-347
-226
-69
107
282
440
564
620
587
469
287
89
-100
-252
-357
-405
-386
-298
-142
48
238
392
487
510
459
341
179
-3
-185
-352
-470
-523
-490
-377
-202
-1
193
347
444
478
444
342
185
-1
-190
-352
-465
-504
-466
-357
-194
-4
187
348
456
494
454
345
178
-14
-201
-358
-464
-506
-472
-369
-206
-9
195
366
476
506
466
365
217
37
-146
-305
-414
-453
-412
-299
-136
52
238
399
508
545
503
390
220
22
-175
-338
-444
-482
-448
-349
-197
-14
173
338
448
486
442
327
159
-33
-221
-378
-482
-521
-487
-384
-222
-31
162
326
432
467
429
324
166
-26
-223
-391
-498
-530
-489
-383
-227
-43
144
306
418
461
426
315
149
-45
-232
-388
-491
-528
-495
-390
-228
-33
166
331
438
470
424
312
150
-33
-214
-372
-483
-530
-499
-390
-224
-29
163
322
428
465
427
320
153
-41
-233
-389
-490
-525
-489
-388
-230
-42
152
317
431
469
434
332
174
-12
-200
-355
-455
-485
-439
-329
-163
31
224
390
501
545
510
406
245
55
-136
-300
-406
-440
-398
-293
-134
50
237
397
505
545
504
394
228
37
-156
-319
-427
-466
-428
-324
-164
24
214
375
481
517
479
372
210
20
-171
-336
-445
-485
-447
-338
-178
11
197
354
459
498
464
357
194
0
-191
-349
-454
-493
-460
-357
-192
3
198
358
461
494
454
348
190
3
-187
-352
-465
-509
-474
-365
-199
-7
182
337
436
470
432
327
168
-25
-219
-386
-498
-538
-499
-391
-229
-39
149
306
410
446
409
302
138
-55
-247
-407
-514
-555
-522
-419
-258
-64
130
294
398
431
389
283
127
-56
-240
-404
-516
-558
-512
-397
-226
-29
157
324
431
481
447
344
182
-5
-196
-359
-465
-505
-464
-356
-196
-11
179
335
444
483
443
322
159
-43
-232
-393
-493
-518
-455
-327
-160
10
179
349
483
555
534
423
249
44
-149
-300
-385
-405
-362
-266
-118
59
246
412
529
572
523
403
225
31
-156
-313
-422
-462
-433
-328
-170
20
206
361
467
506
469
367
206
17
-176
-343
-447
-481
-432
-320
-161
25
206
363
470
509
476
366
200
2
-195
-359
-469
-507
-470
-368
-208
-21
166
327
432
469
432
329
170
-20
-208
-371
-480
-517
-475
-362
-195
-3
187
353
471
517
482
366
210
28
-146
-301
-409
-452
-416
-306
-143
47
230
372
463
488
450
351
207
37
-139
-287
-390
-423
-390
-289
-148
14
169
298
382
411
375
283
147
-5
-157
-283
-369
-401
-375
-290
-169
-24
118
233
305
321
286
201
86
-48
-182
-296
-373
-403
-376
-303
-196
-73
48
148
213
236
213
144
45
-70
-184
-273
-329
-344
-315
-247
-154
-47
59
148
205
228
208
153
68
-26
-121
-194
-242
-252
-231
-181
-109
-24
63
136
185
197
175
123
55
-22
-89
-147
-187
-202
-187
-148
-85
-15
53
102
135
142
128
97
52
-1
-54
-103
-134
-138
-116
-78
-34
17
57
92
115
126
120
101
58
20
-19
-43
-60
-60
-51
-31
-7
21
46
69
84
88
79
64
44
28
14
6
-3
-1
8
13
29
38
46
48
50
48
46
44
38
37
36
36
35
34
32
27
25
21
20
19
21
15
12
8
6
7
7
5
3
1
-2
-2
-1
-1
-3
-3
-6
-7
-6
-6
-8
-10
-13
-15
-16
-16
-17
-19
-20
-24
-26
-27
-27
-29
-31
-34
-35
-36
-35
-35
-34
-35
-37
-38
-38
-36
-33
-32
-33
-34
-34
-35
-35
-35
-34
-35
-36
-37
-37
-38
-39
-41
-40
-38
-38
-41
-45
-44
-43
-40
-37
-35
-37
-40
-39
-33
-25
-22
-27
-36
-31
-22
-9
-9
-16
-23
-27
-24
-19
-10
-3
-11
-26
-37
-35
-26
-20
-22
-28
-30
-23
-10
9
24
25
16
7
18
38
56
65
60
53
49
53
66
78
87
83
69
63
59
64
70
70
64
53
44
42
40
44
46
41
38
29
29
26
24
20
16
15
16
13
16
12
9
8
9
13
15
15
12
5
0
-1
0
4
1
-3
-10
-16
-19
-17
-15
-15
-19
-24
-28
-29
-26
-24
-22
-21
-22
-23
-20
-16
-13
-11
-9
-10
-7
-6
-2
1
0
-1
1
4
8
10
10
6
4
3
6
11
13
11
5
2
1
3
7
8
8
7
2
1
1
4
6
5
3
1
4
7
7
6
5
6
6
6
6
5
6
5
2
-1
-1
-3
-5
-7
-7
-9
-10
-13
-15
-16
-17
-21
-25
-29
-31
-30
-29
-29
-30
-30
-31
-33
-34
-33
-31
-28
-29
-30
-32
-34
-35
-32
-29
-28
-27
-28
-30
-30
-28
-28
-30
-28
-26
-28
-32
-35
-34
-28
-25
-23
-27
-27
-29
-28
-23
-17
-14
-18
-23
-22
-20
-16
-15
-12
-7
-6
-6
-9
-10
-5
-2
-2
-4
-3
-3
-5
-2
-1
3
2
0
-5
-3
-2
0
-2
1
0
-2
-4
-5
-4
-3
-1
-2
-2
-4
-5
-6
-3
-2
0
-5
-8
-11
-8
-5
-2
-4
-7
-7
-7
-5
-3
1
0
1
1
2
5
8
10
12
14
18
19
21
19
20
24
27
29
30
30
28
26
26
28
31
33
31
28
27
25
26
27
27
26
25
21
18
17
17
17
16
13
10
9
8
4
1
-2
-4
-7
-9
-11
-13
-16
-19
-23
-22
-21
-22
-23
-27
-30
-30
-30
-29
-30
-32
-35
-34
-34
-34
-33
-33
-34
-33
-33
-33
-33
-32
-31
-31
-31
-30
-29
-26
-23
-22
-25
-26
-24
-19
-16
-15
-18
-15
-14
-13
-11
-9
-8
-7
-7
-7
-5
-4
-2
-3
-2
-5
-5
-5
-4
-5
-5
-8
-9
-10
-7
-9
-11
-14
-15
-14
-14
-15
-18
-17
-14
-9
-6
-4
-6
-5
1
7
11
15
15
13
13
17
23
28
29
27
27
29
29
31
36
38
36
34
33
33
35
36
37
38
37
35
35
36
35
35
36
34
31
29
28
30
29
28
25
23
22
20
18
18
15
12
9
6
6
4
1
-5
-9
-12
-13
-13
-13
-14
-19
-24
-26
-24
-22
-20
-20
-22
-24
-25
-23
-18
-14
-13
-13
-13
-13
-14
-10
-4
1
-1
-3
-2
-1
1
2
5
7
8
5
4
5
7
7
7
6
7
6
3
1
1
2
1
-2
-3
-4
-6
-10
-12
-14
-19
-22
-24
-24
-28
-33
-37
-40
-42
-44
-44
-45
-49
-55
-57
-57
-54
-54
-56
-58
-62
-66
-63
-56
-54
-57
-60
-60
-60
-57
-52
-48
-48
-50
-53
-49
-44
-38
-35
-33
-36
-38
-36
-30
-24
-20
-20
-26
-28
-26
-19
-13
-11
-14
-17
-22
-22
-15
-4
4
10
11
9
2
8
19
29
34
32
26
22
24
28
36
44
44
35
32
32
34
37
42
41
39
35
32
30
33
39
40
39
37
36
36
34
32
33
34
33
30
30
29
27
26
27
28
29
25
21
19
17
14
14
11
10
7
5
1
-4
-6
-7
-7
-7
-9
-10
-12
-19
-21
-18
-11
-11
-12
-13
-15
-19
-18
-15
-10
-9
-11
-14
-14
-16
-15
-12
-9
-8
-10
-11
-12
-10
-8
-6
-7
-5
-7
-7
-7
-6
-5
-2
-2
1
1
-1
-3
1
5
9
9
8
7
4
5
6
11
11
8
4
3
3
2
2
6
5
1
-3
-2
-1
-1
-1
1
1
-3
-6
-6
-2
1
-1
-5
-7
-5
-4
-4
-4
-5
-6
-8
-7
-5
-4
-3
-3
-5
-5
-3
-1
1
1
2
0
-3
-2
-1
2
4
3
-2
-4
-2
-1
1
4
2
-1
-4
-4
-4
-3
-2
-4
-5
-8
-11
-11
-11
-12
-12
-11
-14
-17
-20
-21
-22
-20
-19
-21
-24
-26
-28
-25
-23
-24
-24
-26
-29
-31
-28
-28
-28
-28
-29
-30
-32
-31
-30
-27
-27
-27
-26
-24
-25
-24
-22
-21
-21
-20
-16
-13
-12
-12
-12
-10
-10
-9
-6
-2
-2
-3
-3
-3
-2
2
6
8
7
6
5
7
9
12
14
13
11
9
10
12
14
14
12
12
11
10
12
12
12
9
9
9
11
10
7
3
3
3
3
4
3
1
-3
-5
-5
-2
-2
-4
-6
-6
-8
-9
-10
-8
-6
-6
-9
-11
-10
-9
-9
-9
-8
-8
-8
-9
-10
-9
-8
-8
-8
-8
-7
-8
-8
-10
-10
-8
-7
-8
-9
-11
-13
-14
-13
-11
-10
-10
-14
-16
-15
-14
-12
-11
-12
-15
-17
-17
-15
-13
-12
-13
-16
-17
-17
-13
-10
-10
-12
-13
-14
-12
-10
-8
-8
-8
-9
-9
-6
-4
-2
-4
-6
-5
-3
-1
1
2
2
0
-1
3
7
10
9
8
8
10
12
14
16
16
13
13
14
17
19
19
17
16
15
16
18
18
17
16
16
15
15
16
17
14
13
14
15
15
14
13
11
11
10
12
14
12
10
8
8
10
11
11
10
9
6
5
6
9
9
8
6
4
3
4
4
4
6
4
3
1
2
2
3
3
4
4
2
-1
-2
-2
-1
-2
-2
-4
-6
-7
-8
-8
-8
-9
-11
-13
-16
-17
-18
-18
-19
-19
-21
-23
-25
-26
-26
-26
-25
-25
-26
-29
-31
-31
-30
-29
-28
-29
-31
-33
-33
-30
-27
-25
-26
-27
-28
-27
-26
-24
-23
-23
-23
-22
-22
-21
-20
-18
-17
-16
-14
-13
-12
-12
-11
-9
-8
-7
-5
-3
-2
-2
0
2
5
6
8
8
8
10
10
10
10
12
13
13
13
11
13
12
13
14
15
14
12
10
11
11
13
13
11
9
7
8
11
13
12
10
9
8
8
11
13
12
9
6
6
7
10
11
11
8
5
4
6
8
10
8
5
2
1
4
7
6
5
3
2
1
2
4
3
1
-2
-3
-4
-4
-5
-6
-8
-9
-10
-12
-14
-15
-16
-19
-20
-22
-23
-24
-26
-28
-29
-30
-30
-30
-31
-32
-33
-34
-33
-32
-33
-34
-35
-36
-35
-34
-32
-33
-34
-34
-34
-33
-32
-30
-29
-28
-28
-28
-26
-24
-22
-19
-18
-17
-18
-17
-14
-12
-8
-7
-6
-7
-6
-3
-1
0
2
3
3
3
5
7
9
9
10
11
12
12
12
12
14
14
14
14
15
14
13
13
13
15
14
14
12
12
12
12
12
13
12
12
10
10
10
11
11
10
10
9
8
8
8
8
9
10
10
9
9
8
9
11
11
12
11
10
9
11
11
11
11
10
9
10
10
10
9
9
8
9
10
9
9
7
6
5
6
8
7
6
3
1
-1
-1
0
1
-1
-4
-7
-8
-9
-8
-7
-8
-11
-14
-16
-16
-16
-15
-16
-17
-19
-21
-21
-22
-21
-21
-21
-22
-23
-24
-26
-26
-25
-23
-22
-23
-24
-26
-26
-24
-23
-21
-21
-22
-23
-23
-21
-20
-16
-13
-13
-14
-15
-14
-12
-10
-8
-6
-6
-8
-7
-4
-2
1
2
3
2
1
2
4
6
7
8
8
5
7
7
10
11
12
13
11
10
10
11
13
13
13
13
11
10
10
12
12
12
11
11
9
8
8
8
9
9
8
8
7
6
5
6
6
5
5
4
3
2
3
4
3
2
3
3
3
1
1
2
2
2
2
2
1
0
0
0
1
0
0
-2
-3
-3
-3
-3
-2
-2
-3
-5
-6
-6
-4
-4
-5
-6
-7
-8
-9
-8
-8
-10
-11
-12
-13
-14
-15
-17
-18
-19
-19
-20
-19
-21
-22
-23
-24
-24
-24
-24
-25
-26
-27
-28
-27
-26
-25
-24
-26
-28
-29
-27
-26
-23
-22
-22
-23
-24
-23
-20
-18
-16
-17
-18
-18
-18
-15
-13
-11
-11
-11
-11
-10
-8
-6
-5
-4
-4
-4
-3
-2
1
1
0
0
1
3
4
6
6
5
5
5
7
8
7
6
5
4
5
6
7
8
6
5
4
4
5
5
5
5
4
4
3
4
5
4
5
4
5
4
3
3
3
4
4
4
3
3
3
3
3
4
5
5
4
4
4
4
6
6
6
5
4
4
5
6
6
5
5
4
5
5
6
5
4
4
4
4
4
4
3
1
1
1
1
0
-1
-2
-3
-4
-4
-5
-6
-8
-8
-9
-10
-10
-11
-11
-12
-12
-12
-12
-14
-15
-16
-16
-14
-14
-15
-16
-17
-17
-16
-14
-13
-14
-15
-16
-16
-15
-13
-12
-13
-13
-13
-13
-11
-10
-8
-9
-9
-9
-8
-6
-5
-5
-5
-5
-4
-3
-1
0
-1
-1
-2
0
2
4
3
2
1
-1
2
4
5
5
3
2
1
1
4
4
5
3
2
2
2
3
3
3
2
2
2
1
1
1
1
1
1
2
2
1
1
1
1
1
0
-1
-1
-1
-2
-2
-2
-2
-2
-2
-2
-2
-2
-2
-3
-3
-3
-2
-4
-4
-4
-3
-3
-2
-2
-3
-4
-4
-4
-2
-1
-2
-3
-5
-4
-4
-3
-3
-4
-6
-8
-9
-8
-7
-6
-7
-8
-10
-10
-11
-9
-9
-9
-10
-11
-13
-12
-13
-12
-12
-12
-12
-13
-14
-15
-14
-15
-15
-15
-15
-15
-16
-17
-16
-15
-14
-13
-14
-15
-15
-15
-15
-15
-14
-15
-15
-16
-16
-15
-14
-13
-13
-13
-13
-13
-12
-12
-11
-11
-11
-11
-11
-10
-10
-10
-10
-9
-9
-9
-8
-9
-9
-10
-9
-8
-8
-8
-8
-7
-5
-5
-5
-5
-6
-6
-5
-4
-4
-4
-4
-5
-4
-4
-3
-3
-3
-3
-3
-3
-3
-3
-2
-3
-3
-2
-2
-2
-2
-2
-1
0
1
1
0
-1
-1
-1
0
1
1
1
1
1
1
1
2
2
2
2
2
2
2
2
1
2
2
3
2
2
2
2
3
4
4
5
4
3
3
3
4
4
3
3
3
4
4
4
4
4
4
4
5
5
4
4
3
3
4
4
4
3
3
2
3
3
3
3
3
3
2
3
3
3
2
2
2
3
4
4
2
1
0
2
2
2
1
0
-1
-2
-2
1
2
1
1
-1
0
-1
0
1
3
3
3
1
0
-1
1
-1
0
0
1
0
-2
-2
0
0
-1
-1
1
0
-1
-1
0
1
1
0
-1
0
-1
0
-1
-1
0
0
-1
-1
-2
-1
-2
-3
-2
-1
0
1
1
0
-1
-1
-1
-1
0
-1
-1
-2
-3
-3
-2
-2
-2
-2
-2
-2
-3
-3
-2
-3
-3
-2
-2
-3
-3
-3
-3
-3
-4
-4
-4
-5
-5
-5
-6
-6
-5
-5
-5
-5
-6
-6
-6
-6
-6
-6
-7
-8
-8
-7
-6
-6
-8
-8
-9
-8
-9
-8
-9
-9
-10
-10
-11
-10
-9
-11
-11
-11
-10
-10
-10
-10
-11
-11
-11
-11
-10
-11
-11
-11
-12
-11
-11
-10
-11
-12
-12
-12
-11
-10
-9
-10
-10
-11
-10
-9
-8
-8
-8
-10
-10
-10
-8
-7
-7
-8
-8
-9
-9
-8
-8
-8
-8
-8
-8
-7
-7
-7
-8
-7
-7
-6
-6
-8
-7
-8
-7
-7
-6
-5
-6
-6
-6
-5
-5
-5
-5
-5
-6
-6
-5
-4
-4
-4
-4
-5
-5
-4
-4
-5
-6
-5
-5
-4
-4
-3
-3
-4
-3
-3
-2
-3
-3
-3
-4
-3
-3
-3
-3
-3
-3
-3
-3
-3
-3
-3
-4
-3
-2
-3
-3
-3
-2
-2
-2
-1
-1
-1
-1
-2
-2
-2
-1
-1
1
0
0
1
0
0
-1
0
0
0
0
-1
-1
-1
-1
0
0
0
-1
-2
-1
-1
1
1
1
2
1
1
0
1
1
1
1
0
1
1
1
1
-1
-1
-1
0
-1
-1
-1
-1
-2
-3
-1
0
-1
-1
-1
-1
-1
-1
-1
-1
-2
-3
-3
-3
-3
-3
-3
-3
-3
-3
-3
-4
-5
-4
-4
-3
-4
-4
-4
-5
-5
-5
-5
-5
-5
-6
-6
-7
-6
-6
-5
-5
-6
-6
-7
-6
-6
-5
-6
-6
-6
-6
-7
-7
-6
-6
-6
-6
-6
-5
-7
-7
-6
-6
-5
-5
-4
-5
-5
-4
-4
-4
-4
-4
-4
-4
-5
-4
-3
-3
-3
-4
-4
-2
-2
-2
-3
-3
-3
-3
-2
-1
-1
-3
-4
-4
-3
-2
-2
-4
-4
-5
-5
-4
-4
-5
-6
-6
-6
-6
-5
-6
-6
-6
-7
-7
-7
-7
-8
-8
-8
-9
-8
-7
-8
-8
-9
-8
-8
-7
-8
-8
-9
-9
-8
-8
-7
-7
-8
-9
-9
-9
-8
-8
-9
-9
-9
-9
-8
-8
-8
-8
-8
-8
-7
-8
-8
-9
-9
-9
-9
-9
-9
-9
-10
-10
-9
-9
-9
-9
-9
-10
-10
-9
-9
-9
-9
-9
-9
-9
-9
-10
-9
-10
-11
-11
-11
-11
-11
-11
-11
-10
-10
-10
-10
-9
-10
-10
-10
-9
-9
-9
-10
-10
-9
-9
-8
-8
-8
-9
-8
-8
-7
-7
-6
-6
-7
-6
-6
-5
-6
-5
-5
-6
-6
-5
-6
-6
-6
-6
-6
-6
-5
-5
-6
-6
-6
-6
-6
-5
-5
-6
-6
-6
-6
-6
-6
-6
-6
-6
-5
-5
-5
-5
-6
-6
-6
-5
-5
-5
-5
-5
-5
-4
-4
-4
-4
-3
-4
-3
-3
-3
-2
-2
-2
-2
-2
-1
-1
-1
-1
-1
0
0
0
-1
-1
-1
-1
0
-1
0
-1
-1
-1
-1
0
0
-1
-1
-1
-1
1
1
0
0
0
-1
0
1
0
-1
-1
-1
-1
0
0
0
0
0
0
1
-1
0
-1
-1
-1
-1
0
0
0
-1
-1
-1
0
1
0
1
1
1
1
1
2
1
1
1
1
2
2
1
1
1
1
1
0
0
0
0
0
0
-1
-1
-1
-1
-1
-1
-1
-1
-1
-1
-2
-1
-2
-2
-2
-2
-2
-2
-2
-2
-2
-2
-3
-3
-2
-3
-2
-2
-2
-2
-3
-2
-2
-1
-1
-1
-1
-1
0
0
1
0
0
1
0
1
1
1
1
1
1
1
1
1
1
1
1
1
0
0
1
0
-1
0
-1
-1
-2
-1
-2
-3
-3
-3
-4
-4
-4
-5
-5
-5
-5
-5
-5
-5
-5
-6
-6
-7
-7
-7
-7
-7
-8
-8
-8
-8
-8
-9
-9
-9
-9
-10
-10
-10
-10
-10
-10
-10
-10
-11
-10
-11
-11
-11
-10
-9
-10
-10
-10
-10
-10
-11
-10
-10
-11
-10
-10
-10
-10
-10
-10
-11
-10
-10
-11
-11
-11
-11
-11
-11
-11
-11
-10
-11
-10
-11
-11
-11
-11
-11
-11
-11
-11
-11
-11
-11
-10
-11
-10
-10
-10
-10
-10
-9
-9
-9
-9
-9
-9
-9
-9
-8
-8
-7
-7
-7
-7
-8
-7
-8
-7
-7
-7
-7
-7
-6
-6
-6
-6
-6
-6
-6
-6
-6
-7
-6
-7
-6
-6
-7
-7
-7
-6
-7
-6
-6
-6
-6
-6
-6
-6
-6
-5
-6
-6
-5
-5
-5
-5
-5
-5
-5
-4
-5
-4
-4
-4
-4
-4
-4
-3
-3
-3
-3
-2
-3
-3
-2
-2
-2
-2
-2
-2
-1
-1
-1
-1
-1
-1
-1
-1
0
-1
-1
-1
-1
0
-1
1
1
1
1
0
1
1
1
1
1
1
1
1
1
2
2
2
1
1
1
1
1
1
2
2
2
2
2
2
2
2
2
2
2
2
1
2
1
1
2
2
2
2
2
2
2
2
2
2
1
2
2
1
2
1
2
2
1
2
1
2
1
1
1
0
1
0
0
-1
-1
-1
-1
-1
-1
-1
-1
-2
-2
-2
-2
-2
-2
-2
-2
-3
-3
-3
-3
-3
-3
-4
-4
-3
-3
-4
-4
-4
-4
-4
-4
-4
-4
-4
-4
-4
-4
-4
-4
-5
-4
-5
-5
-4
-4
-4
-4
-4
-4
-5
-4
-5
-5
-5
-5
-5
-5
-5
-5
-5
-6
-6
-6
-6
-6
-6
-6
-6
-7
-6
-6
-6
-6
-6
-7
-7
-7
-6
-7
-7
-7
-7
-7
-7
-7
