468
-434
-22
410
-149
433
155
-479
13
-298
441
-296
-121
294
-213
-233
-143
-372
204
238
303
416
12
263
-44
-29
-200
112
-426
-2
-281
-459
65
199
451
417
130
106
438
-358
308
377
-154
-314
171
135
-47
-473
263
-344
265
65
-429
-225
-173
27
246
126
-361
320
-376
-141
361
189
-444
312
105
187
-84
43
329
-277
-81
-325
-91
-411
310
363
-383
73
-482
383
-362
-410
-342
-34
119
406
-407
260
227
-281
-381
89
410
-322
-99
16
366
320
-440
198
-454
-18
376
-42
76
189
-176
197
-235
-154
82
-94
-60
244
376
-437
154
473
327
-117
-305
451
477
-391
-367
-118
129
-495
-293
194
207
-243
-318
88
221
262
-219
-451
-37
51
-100
-450
463
347
301
345
416
-40
323
249
349
-476
206
331
-361
345
-280
275
356
-67
-25
69
197
164
-337
-75
-68
-49
-20
404
-491
389
462
478
244
269
330
166
-264
161
-78
-407
194
-366
433
340
488
-340
123
351
101
-394
-73
-194
278
100
238
-281
-442
-273
-370
-425
-376
-400
-438
376
377
401
50
-380
70
479
-278
-230
-378
-339
-382
-383
-171
249
476
438
362
-90
-250
148
-484
-504
374
-418
-269
-489
-336
-138
-383
-267
-256
-500
-360
300
-372
216
286
-144
493
415
24
-383
-462
360
372
-480
304
242
-63
-440
-103
-39
-435
-224
49
-198
-206
220
171
-82
460
421
-75
-395
227
59
328
19
421
326
-61
-51
449
-18
-186
326
7
-378
73
449
-312
473
-86
-245
-247
466
62
51
189
-266
471
151
-343
-104
258
386
457
87
-94
378
-86
347
-171
-136
-171
144
-309
337
267
265
287
456
238
-300
-289
492
-334
273
41
355
-493
11
5
-337
407
-238
-452
363
348
-46
240
-239
-202
-432
125
128
210
315
-37
-24
78
-253
-70
-186
-53
141
-197
113
-88
344
-34
-83
-147
471
81
-241
-268
129
-379
-421
-417
362
-158
-119
429
466
-492
139
282
-28
-385
-140
222
47
176
-330
-312
481
284
103
326
-249
-478
-320
-277
104
-59
-44
-266
65
38
-182
-74
381
201
-143
350
212
-503
133
-315
-385
494
408
164
172
-421
355
155
366
-41
-18
-381
-18
166
-156
-411
-391
304
-175
176
-156
147
-395
-272
-149
-35
-419
-434
-33
218
-244
86
217
-332
-247
-107
-247
-387
-447
-377
78
42
-253
-434
-288
98
-339
-173
-92
-7
-489
260
-352
-377
-505
8
97
-416
82
-428
311
347
167
37
-476
429
439
-213
-448
-499
-81
139
52
176
214
274
-217
384
-390
202
-112
-369
-30
46
-236
-26
-437
371
69
155
452
-111
11
127
434
44
66
382
338
125
391
-235
-228
-50
449
493
-269
-261
385
-151
448
-220
-13
-76
333
259
405
401
135
-20
62
92
375
-423
-276
314
126
296
201
-32
-75
95
239
202
-450
192
199
-214
436
89
141
389
373
-367
-183
211
396
-274
117
36
212
-317
-368
91
-235
-139
-91
397
-340
-386
-131
91
214
-387
-204
269
311
-501
-441
251
93
205
143
-29
342
464
-315
241
-306
306
-220
409
491
-86
2
-241
277
413
-342
440
-471
29
33
245
146
331
15
-43
333
76
-290
-73
-218
355
399
-376
319
-415
367
-485
392
-354
425
384
61
-73
-357
-161
-158
-197
-221
-128
334
313
-382
-20
144
135
439
-22
-288
-351
407
-5
-495
307
121
326
394
-11
342
287
137
267
171
-302
-304
316
39
40
-381
319
414
454
133
-467
-65
-222
169
-125
258
382
26
167
-122
33
-25
-498
-141
-130
-9
-298
-342
-371
471
332
-170
-332
149
370
210
270
191
125
226
-174
159
-337
105
-171
40
-135
-287
-432
-467
94
103
10
97
464
382
-410
-334
-460
-278
-362
374
53
-192
23
-75
-481
-207
-384
146
-481
-57
-195
-316
-451
136
226
-84
352
296
-49
-54
-101
462
-455
-135
346
-362
34
389
-138
175
264
419
487
-210
-154
-491
86
-34
158
110
414
467
298
468
108
29
-111
-36
-172
345
416
233
313
467
-398
164
-390
142
58
-22
-178
-174
-97
-185
122
255
-170
-286
-273
493
329
-354
467
133
-381
81
-335
15
-450
-1
-135
471
-263
-318
443
-155
350
-442
491
-89
43
-182
242
449
138
-132
209
471
87
440
469
-80
-410
439
-444
-286
24
-274
233
77
229
-399
53
471
-213
0
-181
-359
63
-186
57
-392
137
-197
-439
-221
177
275
-245
-231
221
-271
194
318
-326
257
-462
206
491
279
-209
228
389
352
207
-315
-140
-465
-164
433
-141
402
-449
-494
-284
-377
-204
404
410
63
-317
141
304
389
-30
490
156
20
207
158
-190
-492
-104
-291
371
-387
-97
-260
-343
248
-318
25
158
-260
39
381
-131
341
290
-216
-93
477
429
-287
368
-100
-296
25
421
411
-319
-271
417
74
-66
284
183
332
-482
333
74
-307
-150
-276
-76
381
-405
285
212
376
-441
-391
343
479
-187
201
-131
9
-285
-219
-90
-113
1
-182
454
429
-405
130
255
-391
-41
-174
-201
308
48
224
189
145
12
-96
25
76
19
-126
62
341
-416
442
-140
-189
-265
284
213
252
-383
183
197
-270
-169
-29
-141
311
317
180
140
-114
-74
-149
-445
461
280
105
60
-177
504
-353
-312
-388
-387
74
-52
-128
-120
-316
-355
18
388
363
269
-261
-150
-356
-435
-318
337
216
80
-229
-426
141
-266
354
-257
291
-330
-263
425
-157
-168
518
394
256
-139
-258
408
-28
225
257
-208
-52
448
94
41
460
222
-179
118
-258
33
132
322
207
-74
-494
-60
41
-310
-186
337
-23
-211
191
-304
118
403
-424
-435
106
315
-159
-459
254
-570
81
215
159
413
-151
421
-29
-490
278
-282
-20
332
211
-424
-420
-414
-523
125
-55
239
394
-363
218
-454
-221
-100
440
200
23
275
212
-315
75
-44
-316
-491
-36
243
-393
-172
-455
172
-257
338
328
-99
500
378
-404
12
181
552
207
-47
-351
534
399
-369
271
-46
436
9
160
24
473
347
30
-75
70
110
220
76
-266
409
-148
496
-263
-226
292
-250
199
-118
-291
-189
241
-238
-251
43
-203
425
402
-362
-161
-32
71
-279
-274
-486
62
216
49
-289
-276
221
-438
22
164
-251
249
-91
-48
-99
247
117
168
-58
336
374
-556
-406
261
310
-300
-429
-246
252
-223
-32
259
338
-313
-186
-441
-75
-449
-361
-533
238
-87
243
-324
-601
-320
-539
59
-605
-43
-49
332
-33
119
170
-140
-595
332
208
254
-290
-217
126
-333
92
-435
-145
-349
-245
140
-233
-360
-299
-340
-33
-251
-14
74
450
19
-339
30
-24
252
-234
-241
-280
-226
-310
523
619
-15
-119
308
204
515
406
578
-332
-357
184
-113
-281
303
-53
73
427
297
499
221
-345
500
-412
-31
91
-305
75
161
-176
122
43
-196
473
296
487
53
189
272
15
247
308
-408
-470
432
306
-106
-72
165
-367
-121
-153
-242
-146
-84
213
430
97
-228
76
405
375
-403
-316
320
364
-359
-159
20
380
323
-267
157
388
-262
68
178
122
-511
-162
255
-131
190
-481
232
-386
243
176
230
-463
-222
165
-550
-81
-601
328
-154
-388
-251
-545
-413
-327
-204
364
-308
177
78
-479
-41
240
44
-94
-196
-70
125
-260
249
68
610
170
292
69
7
409
651
65
389
140
311
-237
215
513
43
610
460
302
340
81
354
-194
-197
-143
154
29
187
-345
125
-225
50
50
250
-361
417
-441
351
371
-69
57
-161
-421
163
404
448
-433
383
285
251
105
-250
-7
308
-46
255
-132
396
-142
-53
-50
74
448
466
-199
-425
379
-135
439
265
309
0
-397
381
-351
-515
298
-321
326
38
384
-120
234
-179
-368
-367
-479
-51
-522
-164
-641
-97
-611
294
-139
-312
-631
-261
53
305
-498
-138
-192
-389
-245
-22
-370
-399
219
-474
221
197
15
75
-354
285
357
-170
-88
-474
367
-23
145
487
14
-244
-74
133
247
-269
189
495
334
-263
-159
-183
435
182
122
347
392
12
196
47
-286
458
-69
652
-153
376
-313
-292
-170
284
-387
235
410
-113
-307
-41
-99
150
-293
-522
123
-216
-462
-195
219
-81
425
-98
237
-58
279
291
-249
-431
314
-19
337
399
92
577
105
137
252
-41
476
405
382
-153
28
-430
-185
-351
-139
-127
-11
-370
346
-37
72
111
416
-160
-132
-392
-171
-416
-20
-451
364
-548
-493
-151
-33
138
190
-173
-72
-35
78
-627
-30
-652
-504
-678
-281
-12
-545
-432
-549
22
168
-646
-643
-456
-511
-267
-301
66
-97
-295
181
91
252
-140
-48
178
442
-347
-70
310
-180
-300
467
133
-165
-14
-92
71
330
126
-152
251
232
-50
535
454
415
-41
235
17
339
61
-271
187
493
223
-128
401
302
199
89
474
215
-165
-142
285
41
-29
-456
-449
276
-426
-15
-302
-266
-247
405
414
-15
-67
-253
-335
353
-159
225
230
464
513
59
203
156
598
142
-148
-73
506
653
501
20
-255
-391
-139
-110
165
121
175
456
59
117
-40
-511
339
83
286
-391
-285
-103
-575
-444
270
-69
7
159
-633
158
-607
187
135
229
-443
242
209
-202
-469
-199
-624
184
-246
-44
-157
-721
25
-230
-49
-97
-23
-729
-587
26
-535
-658
-360
182
235
-235
121
-570
-232
79
495
180
192
582
-154
580
241
90
635
-153
-133
279
-82
681
822
625
328
533
621
456
261
-217
486
576
615
335
-78
286
285
185
-184
182
-296
303
33
-199
105
-551
29
-136
-576
31
276
-530
-148
264
284
-610
32
180
160
-368
319
15
607
362
-200
-17
93
531
616
370
186
-203
151
696
88
-231
-319
-332
196
-324
284
64
-253
-259
-73
-376
-297
-503
304
330
-427
30
-296
-513
-343
-255
-301
-37
-527
-500
-480
-140
-484
-88
-185
-113
-11
-174
-91
-442
-101
-384
67
102
-184
-536
217
38
-500
70
-79
-363
-315
-763
-246
-17
-369
113
-375
-199
-673
-125
-595
-390
-426
24
313
393
-302
79
-185
475
585
786
480
296
137
584
225
519
516
986
976
14
20
510
763
404
360
109
-96
372
-350
-44
-399
-204
-487
399
-372
-386
-160
-240
-659
-387
-310
-60
16
-96
-437
262
-555
123
314
-494
251
492
224
272
191
-75
769
530
767
902
-28
857
202
-4
758
323
85
69
567
-76
193
-224
398
-235
264
-429
-351
-667
322
-419
-561
142
-407
131
-174
139
343
-189
-171
223
-207
-139
118
29
-90
-34
-513
177
266
340
-553
-131
-422
-652
173
-597
-506
-597
-687
-614
-453
-695
-937
-342
-56
-602
-679
-174
-250
-313
-406
-893
-861
-676
-239
-328
-77
-98
-469
-100
-17
-251
-427
401
-32
643
721
407
36
74
854
622
383
917
297
356
306
526
16
848
-13
354
649
-235
288
5
20
-227
-539
112
240
8
-609
297
-150
-226
343
-53
-508
-406
147
430
292
595
375
568
-87
669
144
36
680
367
712
727
585
496
282
222
-72
397
-58
-270
-55
-124
-431
301
105
332
-340
30
-615
279
-64
155
365
-199
208
-247
-69
-208
191
-58
419
112
-146
170
-262
221
440
-279
-279
-456
-334
-74
-273
-392
-324
-650
-484
-46
24
-454
-137
-436
-723
-217
-102
-30
-46
-817
-918
-533
-536
-155
-86
-348
-627
63
-653
-657
-651
-333
-478
-318
-704
-18
47
-261
98
328
-520
-49
-232
289
498
41
79
438
104
169
761
284
666
200
72
511
750
282
335
785
260
288
50
384
-431
-72
-80
164
244
-351
180
421
261
-457
249
258
51
-257
16
356
-7
-227
598
625
-47
654
122
-297
-17
586
-275
582
285
232
441
348
686
-72
106
513
115
-239
363
-205
-267
51
-518
190
173
-122
-49
-388
131
33
-303
508
88
208
592
437
122
588
236
586
-16
-146
133
-117
3
-527
-334
-552
-355
-494
-248
-93
98
-214
-340
-161
218
115
-107
-272
-518
-106
-475
-161
-650
-654
-490
-271
-777
-918
-299
-360
-600
-665
78
14
-531
-557
173
-171
-332
-337
-516
-489
195
-126
80
182
-167
-128
-142
290
-199
473
250
231
815
718
911
964
637
337
280
-276
382
59
392
-492
198
320
109
-371
-255
368
-65
-259
23
-261
581
438
149
-103
81
163
453
357
403
258
19
228
187
-287
-296
-343
-344
380
103
504
360
-218
350
53
19
-328
-52
461
-65
490
-309
-59
297
184
176
-290
-338
-74
355
360
502
-294
-70
52
-200
35
113
-151
-192
-368
-205
-385
-165
-466
46
253
-370
409
101
-76
247
149
227
-110
-336
-276
-85
-377
-66
-443
-714
-236
-403
-462
128
-280
-79
-390
-67
-921
-407
-898
-900
-132
-893
-346
-322
-657
-303
-566
-52
-351
-701
-127
215
-385
252
-210
-100
-156
49
-5
-439
-275
-323
-147
629
822
708
759
982
236
673
815
783
412
68
60
-617
-547
240
146
-10
-497
31
210
79
192
-113
864
884
682
454
-105
752
394
-77
436
146
474
1
-56
575
609
-221
475
237
166
-46
156
250
-103
36
-29
101
-269
-195
745
400
63
856
427
818
328
302
523
-328
204
5
-38
-69
-631
372
52
-408
-179
223
527
655
-204
240
399
119
-366
-327
-523
-419
-333
-602
156
-80
465
-188
-10
83
445
-112
175
106
-626
-366
-460
-763
-519
36
-774
-362
-462
-22
-517
-476
-562
-843
-1005
-500
-663
-931
-224
-214
-714
-270
-563
-597
134
-27
-15
33
-721
-396
-279
-543
273
453
-38
58
825
537
977
485
450
238
684
496
-25
272
-324
130
277
-538
-28
-337
338
565
154
429
360
881
186
369
193
535
360
-71
404
684
244
340
184
80
638
435
145
220
-62
260
-228
29
-55
-244
321
-205
264
420
16
977
286
647
933
370
792
-159
-383
-110
-439
-99
-419
-40
-442
235
-373
-134
381
491
797
9
404
169
578
-177
338
261
-65
-124
-101
108
-55
241
-193
-44
-262
-207
83
-243
217
300
-594
-404
57
-282
-502
237
-6
132
-173
-233
61
-837
-1060
-250
-769
-333
-448
-1146
-654
-677
-161
114
-710
-732
-395
-503
-523
60
-401
-925
-105
-186
-222
268
-126
540
679
1010
788
503
580
441
137
-2
-223
136
-367
-518
253
293
152
470
801
774
903
341
1009
20
61
362
-68
-214
-95
325
576
249
240
423
166
691
474
305
-200
-539
-655
-167
50
-366
174
344
65
393
684
471
516
729
772
297
349
325
121
-163
-159
-52
-752
-394
-531
-165
469
147
58
457
-71
332
422
-145
-176
176
197
-353
81
-279
389
-26
248
-194
492
-204
-40
-129
362
-460
-630
41
-528
-321
-293
-104
284
-278
365
-522
177
-782
-274
-430
-837
-1211
-838
-1069
-874
-1010
-595
-766
-375
-746
-425
-410
-524
-57
-103
-677
-984
-178
-1035
-763
-519
-138
374
874
526
595
227
573
574
571
-323
309
60
-303
-720
-602
27
63
-27
-54
580
780
694
1067
572
329
138
476
215
265
796
577
789
652
792
433
64
559
383
47
-294
-97
-487
-769
-677
-310
-351
451
867
615
1107
802
419
583
516
573
474
239
-310
-563
-586
-441
197
-596
353
69
-95
528
-188
562
-51
20
111
250
151
379
-175
-483
303
-92
132
249
439
236
-444
-186
-99
-597
-288
-520
-131
193
51
-37
339
-29
426
-520
-365
-655
-804
-165
-274
-237
-404
-594
-339
-77
-589
-569
-724
-33
-885
-797
-224
-667
-250
-556
-516
-861
-504
-152
-136
-742
-272
199
110
-73
489
748
344
556
156
445
-243
-676
-443
-736
256
171
-29
-148
514
567
546
588
950
165
907
352
292
454
347
302
661
759
951
1121
818
194
227
367
191
143
-99
-704
135
-497
-169
740
906
900
425
854
456
617
-14
-75
304
-579
-64
-526
-70
-601
-168
-395
96
-375
482
-323
-244
-125
-564
-492
-204
316
-108
-49
-418
191
-133
413
-208
-134
-153
-50
-606
-36
-731
-630
272
176
-249
9
279
207
121
-230
178
-18
-92
-546
-567
-43
-398
-181
-243
-121
-888
-307
-572
-637
-446
-204
-45
-772
-369
-777
31
-363
-785
-139
-555
-199
-117
-212
-52
-111
452
79
754
-24
-72
415
214
-105
-227
-229
-215
99
-292
538
-151
686
669
-109
-160
118
-27
790
797
404
998
543
1236
650
841
521
546
-92
-27
-353
-490
-202
-702
292
-399
273
292
602
419
861
710
436
446
130
120
102
100
37
-38
72
-444
-54
456
-459
244
-143
-349
-450
-180
-80
-309
-28
-484
-139
34
-308
-573
-590
199
-386
1
-311
-12
-481
20
-568
87
-292
81
-381
-703
147
97
287
233
-97
-253
-519
4
62
-110
-816
-500
-172
-540
19
-905
-477
77
-23
-131
-152
-574
-442
-965
-867
-281
-138
-456
-434
-538
121
122
805
414
198
532
899
170
-175
166
-591
-512
-690
116
56
-404
407
-297
-238
492
599
460
-296
26
508
-124
814
556
795
705
954
416
1001
855
720
-180
-155
170
-92
-155
-231
-4
309
250
131
180
439
51
249
314
513
-172
-78
392
9
577
481
-10
91
7
339
-220
194
122
-529
-38
268
-235
-381
-349
124
-118
-20
-406
160
144
-205
-414
171
81
44
-141
86
152
-485
-577
90
-630
-136
-251
30
-141
147
-208
-478
70
126
-882
-804
-822
-774
-182
-383
-121
-836
-479
-269
-361
-197
-380
-562
-455
-891
-885
-687
-550
-266
-82
437
55
949
623
973
865
846
655
89
258
192
-61
-622
-291
162
297
735
358
-153
363
-220
383
-225
153
-60
134
740
860
985
377
240
582
388
-179
579
-343
258
342
-452
-113
453
-109
-55
693
143
477
294
40
-112
150
564
-9
-177
613
346
-51
-232
-127
-534
-548
99
-374
20
-417
-232
43
-310
407
-238
-360
-361
-566
-370
-312
275
-96
241
-389
38
-717
-108
-277
-591
-28
-309
189
-581
48
-276
-459
79
-685
-403
-533
-800
-372
-180
-698
-454
-864
-491
-252
-834
-255
-930
-894
-639
-930
-539
-865
-934
-895
-344
-620
196
-293
173
202
1170
944
428
691
513
289
-570
147
-442
159
-314
513
817
584
457
-34
128
313
-139
420
414
495
816
815
979
785
348
912
810
338
664
448
-170
-93
133
-357
-277
345
774
235
347
-26
20
244
551
577
350
-30
177
458
540
-362
-85
212
227
-415
-263
388
478
-325
-28
479
446
115
-343
-137
65
-351
-554
-11
43
-46
122
221
-718
-240
-147
-281
-138
-739
-481
-169
-605
-16
-320
305
246
-3
147
64
-55
-623
-164
-245
-62
12
-777
-331
-626
-637
-711
-14
-126
-965
-107
-116
-490
-530
-623
-762
-237
96
461
634
460
264
653
182
581
200
-280
90
286
-550
21
564
-171
488
229
-6
475
169
-221
361
395
-47
602
269
805
221
599
352
801
203
815
33
237
499
350
82
54
544
-154
45
646
361
-69
741
39
430
65
-81
7
112
417
393
2
-157
428
-522
-231
-217
-312
-444
55
-318
-244
-530
350
321
-151
-300
146
-85
-77
-24
-582
-13
-222
-523
-596
-167
-544
-431
-763
-732
-554
-219
-288
-499
-113
54
-227
-20
-20
-763
-854
-703
-681
113
-771
-254
-629
-48
-737
-55
-429
-663
-402
-903
-339
-56
-96
138
-385
395
-173
503
479
470
524
-360
-253
-231
286
-398
-52
458
41
431
738
289
52
-150
-96
49
-298
638
727
690
23
515
626
811
483
914
719
495
400
83
-81
115
-25
37
232
-295
191
-217
-216
744
632
838
276
-9
29
601
407
-18
350
153
635
292
574
104
-21
-100
-64
-339
446
435
-186
-557
-374
-35
-255
160
-23
191
168
-57
64
-105
-183
-648
-148
-177
-4
-559
-878
-236
48
-794
-488
66
-215
-32
-533
-803
-905
-616
-836
-478
-537
-602
50
-232
-845
-339
-376
1
-687
-568
-318
-52
-344
-548
-242
-250
148
377
145
755
788
357
207
-192
-246
280
-168
-177
-300
99
401
242
498
373
-211
339
-246
337
515
465
205
527
499
742
710
31
239
552
798
444
174
378
796
463
433
-173
68
-322
88
294
272
-62
-124
4
542
-63
730
-247
712
561
347
-131
-74
-292
482
-421
-344
-355
83
422
122
256
-163
-54
-201
-567
-8
190
-558
-576
-242
-90
-522
-325
-60
55
-285
-162
55
-273
-262
-222
-35
41
-162
-206
-16
-131
-121
-482
-190
-482
-679
-792
17
-303
-796
-384
-480
-676
-261
-37
-78
-96
-611
-306
-111
-873
-340
247
354
17
517
463
733
-219
-395
273
400
448
-106
363
94
202
450
-86
-293
474
358
94
-229
248
398
105
508
893
710
136
839
178
187
716
407
686
987
62
409
762
580
151
532
-283
-245
-159
201
490
15
175
196
-292
-335
445
374
311
591
-285
52
141
-141
-99
367
32
502
-374
-509
365
-390
-53
243
-637
-636
71
-554
-548
193
-150
20
-716
-878
-528
-633
-757
-648
98
-142
-822
87
-785
-281
-595
-414
-419
-85
-375
-270
-55
-493
-125
-520
-648
-108
-471
-831
-884
-293
-983
-425
-592
-887
-325
43
-207
419
-68
357
492
-14
108
225
372
304
-209
-13
258
446
653
88
-307
249
319
-88
146
-66
254
500
919
563
236
416
606
-109
361
311
1000
700
829
379
605
819
672
127
382
779
363
-125
353
147
128
234
-304
-254
550
272
139
204
22
170
-333
154
426
253
66
-153
-413
-36
382
135
108
-187
-93
-114
98
-464
-111
-298
-365
-587
38
-119
-179
-89
-111
-289
-413
-535
-709
-53
-107
-753
-562
-291
-47
-9
-878
141
-457
38
-262
-865
-656
-763
-349
-855
-494
-735
-426
-181
-649
-744
-613
-1064
-932
-663
-146
27
327
695
431
326
768
486
-288
570
445
-99
740
20
862
318
-113
-90
289
306
-133
-329
525
540
673
147
35
236
146
103
581
-15
1080
554
1090
604
859
812
74
694
562
777
745
354
760
563
735
-251
-345
246
335
-87
348
351
-129
368
653
-66
557
-249
98
198
-177
141
-386
-360
403
184
244
-571
-107
-114
-683
-215
-552
258
-446
-652
-810
-583
-174
-159
-293
-358
-369
-13
-686
-456
-807
-827
-303
-243
-91
65
-569
37
-784
-627
-233
38
-600
-691
-358
-542
-135
-179
-572
-923
-180
-704
-710
-336
-636
-573
-210
431
704
158
-148
-332
174
519
501
211
689
36
264
831
187
733
551
292
-208
17
-313
711
-57
220
-166
794
519
135
456
846
455
936
785
435
298
798
266
655
494
-32
5
244
-47
165
1
101
-72
-359
-428
15
0
-372
34
223
41
9
109
-357
283
-303
-380
-223
-393
281
25
-304
-115
180
300
-616
193
-621
-237
281
-299
-101
-470
-184
-240
-605
-823
-817
-534
-345
-198
-143
8
-734
-72
-226
-501
-926
-953
-419
-150
-360
-84
-579
-495
-127
-568
-696
-135
-165
-724
-702
-513
-412
-16
-705
216
-453
-141
-19
329
616
-299
177
-133
-272
164
551
-63
285
149
768
821
-92
-37
64
516
187
297
446
171
697
792
653
217
703
-194
270
-10
297
740
653
242
741
187
413
728
543
92
735
817
220
480
650
165
480
-196
-177
-126
329
492
260
204
453
28
-453
285
-36
-74
306
262
-400
-94
-580
287
64
-170
22
-398
-71
-202
-493
-723
-593
-695
-400
79
-652
-279
-674
-899
-330
28
-270
-460
-532
-287
-734
-82
-864
-898
-287
-703
-401
-234
-760
-675
-739
-79
-400
-116
-577
-162
-107
-438
-118
-693
-386
-610
333
275
-235
179
324
414
541
-336
96
-113
720
359
127
562
787
786
297
883
-131
266
510
266
68
-40
177
19
560
48
244
-6
146
202
776
344
698
443
141
680
561
613
883
497
114
28
13
819
743
292
708
693
701
413
154
-82
487
402
6
105
-474
386
254
-135
-266
166
296
-511
-380
-599
132
137
-2
3
-345
170
120
-215
86
-44
159
-112
-229
29
-455
-757
-654
-533
108
-175
47
-890
-339
-254
-588
-145
-610
-778
-97
-362
-688
-240
-489
34
-526
-138
-118
-746
-687
-347
-63
-741
-565
-260
-537
242
243
16
-181
364
-236
-262
366
375
501
-164
320
34
247
434
839
637
159
198
427
325
-222
88
458
37
729
416
319
149
36
531
-28
716
-166
-24
258
-181
22
-9
595
-65
223
240
176
561
651
-84
54
637
-10
443
41
-72
-247
-263
206
-304
298
-384
-119
345
149
-139
108
91
19
-403
178
308
-170
-51
337
80
173
-511
-371
-170
-541
-213
-356
-320
-480
11
-31
-364
96
-494
-339
-253
-485
-18
-426
-814
-602
-735
-113
-948
-476
-263
30
12
-659
26
-217
-768
-737
-827
-165
-503
-247
-703
52
-785
-682
83
-67
513
-316
-318
334
246
700
-80
429
81
173
337
191
788
175
311
867
536
307
560
630
394
525
237
654
58
336
521
81
425
308
628
441
373
610
-16
-216
438
25
354
-311
395
-97
101
385
238
510
277
741
745
735
259
41
200
496
-233
393
28
-464
-267
-284
78
-432
333
-393
316
-542
-455
-72
-317
135
-116
-628
-661
-731
9
-219
-57
-585
-369
-194
-710
76
87
-211
-61
-704
-312
-481
-593
-2
-206
25
79
-370
144
-70
-343
-698
-482
57
-792
-779
-721
-596
-665
108
-33
30
-751
-684
-441
-708
-820
-513
-14
83
-186
-258
-315
290
-227
479
274
782
6
290
581
536
483
10
527
649
198
768
983
421
720
755
220
710
785
470
678
626
609
292
302
-41
504
387
567
533
59
-10
436
166
370
100
-208
-42
222
433
-302
485
236
679
-127
-96
370
34
570
128
516
304
-142
282
-205
397
-493
-402
108
-571
-496
-450
-197
314
76
-482
-251
198
-198
-706
-52
-185
91
-497
-175
-694
-244
-447
-292
-284
95
-333
-504
-533
-506
-132
-535
-381
100
215
-307
248
-597
131
203
138
-665
-337
72
-103
-266
-192
-497
-390
83
85
-351
-448
-668
54
-13
187
-479
314
-500
-133
47
-163
366
17
-98
-116
58
75
766
8
-30
-126
451
818
538
-51
397
825
345
256
665
733
537
723
503
218
567
626
74
546
-78
500
-275
-409
-225
-150
-331
20
123
-354
242
295
-302
-156
240
347
-119
-302
200
224
-70
-162
-51
497
-364
-432
-131
390
417
202
230
-342
36
295
-402
178
-461
-306
-351
125
-199
-659
-146
-75
-396
-494
-324
-119
-401
-720
-467
-7
-382
8
33
-196
129
-544
-250
106
220
-457
337
-158
-551
-425
-313
-322
-29
46
-489
-520
92
69
105
-610
265
-532
-42
-449
-568
168
209
-292
-166
-87
201
-336
73
-349
-520
19
-57
-426
-380
145
-109
40
542
574
-206
762
760
581
514
544
659
483
726
334
746
872
225
694
328
800
325
205
97
-13
404
78
463
-245
15
404
193
188
-273
19
39
-221
18
19
570
-271
-259
380
331
-440
-211
149
-486
111
-46
-36
41
423
335
334
-361
-5
-307
-598
80
71
211
-290
-284
-598
190
211
-366
-342
-325
-360
-186
-161
-557
-422
-147
-289
226
-126
331
-304
363
-92
-336
249
-204
-135
-180
82
-117
-462
-195
-249
-97
178
-193
-252
40
84
36
333
332
-549
-229
-627
-374
214
-336
-576
-343
-432
-292
-374
98
7
-487
-456
-460
25
339
139
273
-156
582
-139
-309
48
258
373
-234
-83
326
723
12
759
771
321
664
143
476
74
473
-60
435
281
627
601
446
-253
166
278
335
-147
509
287
68
537
-353
-388
176
-336
-224
-260
-388
-4
-308
-430
508
-452
-94
175
-195
-445
285
413
20
107
223
-306
105
-333
281
-218
-109
184
-525
370
136
-460
403
-269
-378
-403
-108
-338
29
29
-312
1
52
77
-333
361
148
-521
311
-280
155
121
15
-129
-590
-77
284
-72
-271
375
-93
-536
-496
-107
-229
-298
65
238
-63
-334
-159
201
244
-533
-152
-519
-599
-413
-433
-666
-59
-642
111
-373
-72
234
267
-71
-131
-302
-2
460
-160
172
14
264
516
719
148
114
56
666
-5
-6
-154
583
235
19
-65
552
93
595
618
-119
-138
139
652
620
512
-75
-310
-155
-310
-195
275
-44
322
48
-66
-274
417
244
-348
-318
508
-237
518
-22
10
-327
-249
323
-511
-411
423
-420
-27
342
-512
-210
-412
-487
-7
-342
-285
-322
37
-530
167
-587
-357
34
113
-247
172
79
-19
164
-459
-516
342
-192
335
371
-48
331
-465
-485
265
-380
-92
-543
-266
-502
-289
47
-229
338
100
-483
330
320
127
14
-357
-132
-343
185
-404
-225
-731
-443
222
253
-414
-144
284
-149
111
287
202
-259
468
654
-54
-123
385
393
-123
139
564
-138
123
357
541
431
-93
-95
355
262
443
380
567
409
362
-132
-63
272
292
564
27
-90
676
-174
-144
-119
-70
452
482
21
-186
273
117
178
-117
-75
-116
65
97
496
-428
-216
112
368
410
-318
442
-446
166
-47
351
-560
124
306
-433
310
-456
-122
165
-549
338
-579
163
-108
33
-525
243
341
-38
-235
270
-23
3
-151
-173
-87
50
-194
21
-214
346
-33
-166
87
-106
21
14
55
-487
-216
98
-566
-214
-163
-101
-612
-120
-292
-706
-592
46
155
6
-300
-323
-475
-686
-545
83
117
28
202
-151
613
37
483
358
759
233
559
218
-5
655
670
510
237
742
76
650
-229
254
488
721
47
-42
164
314
-10
283
1
653
-205
639
-119
-263
-36
616
320
-85
26
51
313
212
-101
179
-70
362
166
263
269
190
-232
-1
150
39
178
-475
-437
382
19
-221
256
53
-324
-585
94
-40
-626
-226
253
-205
237
-7
-557
-431
-401
-208
-654
180
-527
36
-209
-337
-534
-613
167
127
-586
253
50
-6
-391
-100
-338
-83
-43
-604
-484
-31
-190
-592
-604
-337
6
-562
-169
203
-173
-224
-18
-93
-563
-566
-733
-366
-433
203
-445
-189
320
475
-325
-220
211
161
499
-52
313
748
635
819
845
716
183
568
-115
754
522
487
335
347
252
627
607
323
33
-86
219
205
269
-6
72
282
60
538
-341
-244
-335
140
-321
482
164
-267
404
543
486
473
479
176
105
-64
-373
461
-330
350
-84
-144
450
350
314
10
-331
-257
-339
111
-339
-293
258
-292
223
294
-465
-275
-642
265
-413
161
63
-596
-302
-448
-253
-246
-532
-99
-389
-92
294
-398
-199
146
142
-1
-579
-657
-337
-354
-370
-481
-17
-498
-524
190
-102
-490
130
-841
-652
-133
-747
-237
-839
-209
-667
-529
-435
-174
303
-220
354
19
-195
368
-138
52
524
311
482
916
589
221
175
851
205
886
183
170
899
402
917
25
-9
858
530
-42
-85
582
207
556
-386
-221
-259
-411
315
-233
-169
20
288
526
152
100
-66
491
65
206
411
246
345
262
584
206
262
-412
145
-68
-235
343
-146
376
336
-52
-356
-439
6
-617
-272
182
-293
-715
-64
69
-417
68
-230
-121
-459
-515
-529
-723
177
-482
-32
-66
-394
-394
-642
-146
-582
-323
-317
-779
110
-159
-666
-302
-150
-281
-425
-713
-242
-721
-867
-868
-838
-240
-101
-399
160
-711
-164
325
-195
-195
217
368
348
496
125
631
31
656
697
-13
333
892
574
102
542
73
310
231
301
389
281
318
939
-97
603
710
-259
-88
409
-111
-5
-109
-491
-424
-363
-137
439
-116
-276
364
75
252
384
-286
382
-86
-242
633
59
-43
-68
275
263
-89
280
33
-165
297
257
-387
-405
-311
-41
-459
-300
18
-181
-444
292
-85
248
-330
-549
-101
-358
68
40
-378
-79
-664
-164
-864
-79
-567
-602
-425
-140
-344
-695
-442
-291
-659
-295
138
-627
-84
-307
-234
-917
-369
-636
-948
-945
-406
-236
-433
-394
-163
-755
-405
244
157
-132
278
-329
280
-225
454
-197
-46
-116
378
222
521
490
585
454
253
415
592
862
699
513
775
162
114
138
500
630
52
-224
505
-201
126
167
-181
-345
179
454
-390
300
-555
101
-403
83
-248
331
666
41
743
233
864
385
648
519
427
688
622
-29
429
-147
-5
208
-30
454
-250
181
506
318
-3
-514
-6
-138
27
31
-632
-832
-269
-618
-489
-276
-204
-496
-784
-456
-858
-196
-553
-956
-877
-728
-659
-404
-24
-201
-504
117
-671
-654
-208
-283
-735
-724
-852
-1055
-952
-670
-1032
-339
-408
-583
-641
-563
-21
-425
-8
84
-553
-477
208
-341
-214
592
252
763
402
729
925
727
1053
642
345
281
901
502
170
865
725
81
521
324
457
725
494
35
-131
-43
548
-326
-290
2
-500
-285
-160
3
-216
-543
-96
-247
171
-53
348
479
107
109
-154
212
-5
653
403
592
46
-125
336
569
-55
286
616
-352
176
-349
105
224
4
-422
-163
325
-487
177
-553
6
-639
-15
-340
-334
-651
-206
-813
-353
-274
-159
-533
-18
-91
2
-251
78
-453
-321
120
-820
-172
-271
-117
-706
-239
-810
-895
-212
-97
-887
-598
-1063
-139
-111
-511
-845
-287
-212
-52
-480
-332
-596
-445
-363
421
282
-361
-17
17
-153
243
903
676
219
241
399
290
258
1119
176
318
473
87
212
472
651
379
35
153
-105
54
230
-342
-75
139
396
-489
85
-318
-231
168
57
-295
-240
137
-149
91
418
78
201
596
440
727
719
664
142
301
-53
129
498
-19
434
30
-3
-247
590
-139
-269
166
20
-24
-200
-449
189
88
214
-484
-417
-39
-133
25
-217
-491
-51
-316
-632
-681
-751
-387
-246
39
-131
-552
-663
-838
-451
-689
-561
-285
-78
-49
-784
-726
75
-9
-32
-83
-851
-764
-406
-205
-902
-665
-603
-750
227
-157
-453
-606
-557
350
449
303
-241
-182
575
403
234
68
200
185
963
262
297
979
316
383
949
446
554
500
232
609
705
358
460
449
707
530
363
-346
272
151
176
176
87
-167
-299
-612
-90
-169
-513
-141
125
-162
-181
351
88
629
-298
595
164
-26
255
-128
335
-201
480
316
631
160
286
240
-290
-72
-44
376
343
205
278
-234
-449
302
120
115
-498
-761
-258
-136
-834
-259
-258
-450
-101
-837
-394
-542
-792
-663
23
91
-227
-377
-310
-138
-67
9
-384
-308
-297
-557
48
-138
-637
-178
-347
-407
-198
-830
-722
-73
22
246
-355
-92
-737
78
347
-406
-437
501
-270
364
135
356
196
27
439
848
686
1003
156
746
973
639
523
429
972
148
561
281
1048
398
110
143
709
-156
-250
612
-130
-348
312
-289
154
-440
250
-555
-417
-439
162
240
-376
425
-19
473
-139
297
-203
-162
556
480
198
589
-194
340
-147
-187
521
-51
-245
-289
5
542
2
-251
-323
-232
-312
-217
-105
-536
-389
41
-680
-69
-178
-509
-411
3
-303
-580
-322
-924
-798
-249
-310
-662
-185
-557
-472
-154
-515
-102
-233
-143
5
-175
67
-775
-786
-394
-670
-548
-727
-706
-911
-143
-376
-382
-37
-463
272
-368
-610
-852
-768
264
-176
385
-203
269
38
128
91
-126
180
321
771
98
233
778
662
704
330
882
828
184
658
433
864
474
649
545
517
584
397
532
423
555
38
285
-66
300
-295
312
311
-187
-611
-75
-113
-201
-165
-482
291
-107
268
104
245
52
649
46
365
170
657
189
168
438
-33
-214
215
370
598
-211
312
-108
-412
103
205
-418
-324
-283
-100
-68
-373
-416
-736
-673
126
-135
-346
-15
-856
-699
-509
-861
-216
-98
-227
-24
-24
-666
-281
-62
-530
-621
-816
-520
-21
-40
-345
-768
-766
-897
-252
-457
-548
-171
-314
-498
-221
-481
-434
-301
-516
-226
-81
-410
30
-136
424
-249
-68
47
799
638
707
1067
937
327
691
513
656
1141
690
343
448
895
1035
102
398
587
229
401
-128
408
-111
349
269
124
391
-25
188
-396
262
40
150
-230
-15
195
272
-163
-386
-324
-328
133
49
241
180
78
293
397
561
544
1
-232
224
132
308
-242
587
96
231
329
283
41
-130
-30
350
436
-283
172
-187
-121
-618
-59
-588
-224
-412
11
-721
-753
-273
-864
67
23
-789
-371
-512
-166
-312
-638
-776
-765
39
-114
-336
-676
-702
-520
-774
-510
-835
-403
-27
-817
-798
-941
-374
-457
42
61
-61
-392
-226
-388
-448
283
595
191
-34
-22
335
149
347
585
210
76
788
285
370
974
890
650
634
811
720
700
795
339
223
645
1018
715
889
591
57
-16
165
-143
507
531
227
114
-170
-342
-316
-10
-287
-446
412
120
-544
103
-409
-34
-121
339
-295
-300
-371
-179
201
-363
-314
344
467
-82
537
-131
58
365
-176
-169
40
189
-39
218
-294
233
359
-304
-55
397
350
21
-209
-305
-124
34
-127
-70
-728
-541
-65
-699
195
-188
-374
97
15
8
-230
-829
-823
-822
-267
-463
-180
-153
-836
-420
-11
-385
-478
-72
-746
-94
-810
-306
-346
19
-269
-26
-779
-817
-97
-666
286
-232
478
119
-479
163
303
-191
447
108
433
271
895
522
775
937
161
389
912
441
238
988
49
814
856
496
457
775
494
28
626
78
95
544
649
7
-68
78
-63
432
199
381
-249
214
-102
-533
-32
-98
-258
-196
334
-34
-191
342
-299
-480
-202
234
467
494
432
319
-201
-249
117
-209
261
602
391
-323
484
110
-426
-193
-98
87
-74
455
-468
125
-238
411
-323
137
267
-150
76
-525
-505
-8
-580
-642
-288
-424
-548
-826
-278
74
113
-532
116
-32
-66
46
-812
-746
-438
-469
-818
-366
-795
-519
-446
-557
-670
-227
328
-696
-221
-739
-16
325
-44
-216
-302
71
-185
482
263
-42
-37
413
52
926
423
139
126
1027
763
467
737
950
800
180
348
1133
784
386
58
332
464
694
85
664
-125
325
239
-20
-79
-410
88
-35
24
144
-37
-484
222
-64
-654
-138
315
1
-258
81
148
2
20
-242
375
209
266
-48
4
507
-190
88
96
455
587
525
477
77
-44
44
-209
506
152
-350
91
74
34
-101
-345
413
-390
364
-72
132
-402
-237
-200
-630
223
-723
-710
-588
-280
-255
-771
-314
-349
82
124
-51
-544
-759
-174
21
-663
-636
-459
-165
-255
-306
-237
-118
-347
-504
0
259
-14
-784
-872
54
-232
-329
422
209
138
-403
-28
-141
721
152
-77
292
391
709
225
736
136
932
758
969
549
341
747
242
849
574
169
494
626
64
121
731
56
71
518
617
-129
-408
-377
-253
-196
-419
98
307
310
190
-130
296
55
-447
174
-439
-126
-147
-360
-486
365
-80
166
109
44
413
37
317
-283
-120
401
115
-52
431
291
272
613
-13
188
528
-155
-306
386
437
-183
212
-352
295
-356
-134
-656
-509
232
20
150
-194
-104
-407
-484
-10
-150
-719
-527
-817
96
-868
-220
10
-556
-655
-47
-271
-515
-211
-401
-272
-526
-214
-393
-284
-614
-143
189
-592
-658
-192
-35
443
-312
-482
195
218
-339
-289
495
-132
-61
387
-31
357
686
852
123
267
803
892
1087
231
521
554
942
932
296
850
964
400
392
532
235
406
536
-32
57
405
-234
-335
405
-233
78
405
208
-233
116
135
-147
-172
-54
-151
-15
-609
-688
-208
168
-459
-315
239
49
153
-90
488
-192
-313
-252
283
617
35
402
477
325
85
489
160
481
285
-46
-57
-301
495
447
338
510
346
-294
231
-601
-143
-51
-45
-479
-680
-147
-293
-647
-64
-704
-706
-687
48
84
-102
-632
-170
-635
-812
-524
-321
-488
-451
-437
-639
-640
-410
-758
-400
-638
-676
-674
276
131
-601
64
-313
191
-273
-304
285
-303
-163
396
-93
-150
-130
821
308
36
233
981
621
939
648
1051
316
201
207
810
520
513
971
481
213
57
313
520
679
296
591
474
419
-339
-53
411
-317
-92
236
-25
-19
-465
-119
-558
-692
-548
-538
-450
-447
-379
352
71
38
218
-420
405
502
56
85
405
-354
-26
204
487
194
-272
406
351
152
257
-29
-224
421
506
-111
362
536
-82
524
-247
164
424
341
-273
183
-601
-423
129
-79
112
-60
-70
-584
-538
-275
-85
-497
-561
-442
-69
-42
-177
23
-273
-332
-733
-526
-363
-378
-570
-155
-709
-588
-221
-374
-722
37
178
-638
-376
-212
-70
-462
538
-378
252
202
-126
-353
-127
27
840
862
172
529
422
396
93
293
176
607
121
418
940
807
988
185
679
862
119
-62
393
680
-31
172
589
649
-176
-198
407
-251
-88
300
-378
87
-108
142
-568
-182
235
-512
-589
352
-104
322
115
-144
-536
-231
-203
-247
-51
379
-397
166
-117
578
172
132
-96
174
446
352
16
672
74
554
472
156
55
341
247
22
264
-240
-41
-48
135
-87
201
-627
83
-432
171
108
109
-607
-24
-447
-197
154
2
-489
-225
-717
-571
-927
-914
-796
-435
-513
-99
-791
-76
-408
-599
-640
-923
-870
-100
-100
-827
-196
-540
359
-288
108
-629
-407
-44
454
-182
-199
-254
501
125
332
818
481
710
380
766
473
615
936
294
1111
218
225
77
994
65
230
644
147
60
848
-36
117
-21
166
-265
91
330
-191
-210
-433
218
-395
-73
-148
36
-127
-595
-482
-447
-525
-440
-179
-226
-314
-185
-215
-154
425
50
136
545
219
417
-244
-266
576
259
494
-144
585
611
647
-221
168
121
389
607
124
597
-152
232
-304
160
507
-68
-464
-155
279
-614
264
-233
-691
-120
-413
-568
-70
-591
-81
-338
-465
-208
-461
-585
-211
-77
-215
-534
-145
-761
-616
-968
-136
-473
-294
-128
-50
-260
-739
-136
-198
-756
-591
47
165
6
224
-308
101
130
-359
-92
71
116
153
-284
-40
38
461
164
590
839
-28
163
260
855
277
439
611
381
3
122
470
370
1035
327
858
732
578
504
394
541
-301
-291
-121
86
-379
75
315
88
92
-287
-104
246
56
258
-23
110
-519
-512
-432
-310
-169
175
30
-252
-527
38
-137
470
-59
560
273
-94
619
654
611
-97
331
474
496
-17
-200
64
-102
493
-63
468
198
-5
-479
325
207
-161
-43
-308
58
-110
159
278
-342
-615
149
-721
-360
87
-797
-522
-820
-276
-814
-25
42
-687
-670
-808
-933
-418
-930
-260
-916
-902
-435
-209
-554
-917
-880
-784
-295
14
-691
-670
-524
-517
-592
-223
263
-462
442
-299
516
695
589
360
-222
-123
753
263
869
921
809
593
760
348
530
462
591
610
404
-92
306
491
35
511
547
-24
-227
276
-43
550
309
-294
415
33
217
-548
165
71
-368
-192
-178
-582
-503
-229
-123
40
100
256
-509
-514
344
94
234
517
-385
-214
-397
-363
472
29
673
194
107
464
-331
-141
533
483
561
-231
-139
-12
-201
-6
372
254
582
-9
50
-363
52
-79
170
-367
-251
122
-179
-213
195
-334
106
72
13
-595
-197
30
-381
-367
-268
-652
-434
-179
-360
-256
-780
-594
-622
-832
-200
-114
-656
-566
-608
-905
-344
-216
-94
-797
-650
-21
-138
-500
-5
-340
-392
-430
-334
338
355
498
-280
-81
246
239
581
534
874
192
775
576
897
-5
950
289
95
592
1001
845
595
121
573
122
179
33
268
295
141
415
40
-167
137
-130
-210
-547
299
-379
162
220
-278
-168
-304
-434
-182
-312
-65
-25
293
-87
-185
-64
146
508
212
486
-236
-254
97
272
539
517
479
71
-141
-184
140
-181
81
-78
590
331
300
-116
560
-200
227
85
290
-14
449
-436
402
69
-474
11
-86
-377
86
-654
218
-67
144
-55
-755
-750
33
-325
-658
-632
-171
-833
-35
-568
-597
-87
-355
45
-586
-647
-514
-622
-500
-485
-919
-343
-827
-337
-19
-6
-158
157
-23
14
6
27
38
-99
-344
424
355
594
690
379
12
53
284
730
207
758
79
642
107
572
175
184
190
222
667
-49
11
295
863
667
884
374
116
323
-356
152
119
339
-16
-39
-200
85
94
141
-162
280
-134
-142
-124
-65
-563
63
158
-356
317
-148
-343
434
297
-292
302
400
322
-287
75
390
311
669
203
-202
147
553
477
-116
376
-6
-187
-141
466
302
424
515
-29
151
-306
-217
-521
-176
-323
208
-80
320
-89
-466
-673
-696
246
-41
-739
-298
-22
-385
-528
-307
-254
101
-60
-178
-752
-287
-532
43
-381
-160
-396
-253
-896
-378
-843
-593
-550
-284
-635
27
-61
-566
-833
124
-600
-569
-242
264
-93
125
-116
-398
223
-162
486
534
619
29
675
354
969
303
47
972
820
150
351
283
862
682
221
658
919
123
432
-102
52
647
564
346
165
-166
335
-298
-93
-49
285
-468
-38
-82
-158
-119
187
-138
-178
-2
13
185
286
-127
-137
-480
-432
-121
-204
220
29
127
164
-88
-184
-294
154
601
-111
577
106
-241
-259
-272
369
270
265
179
-274
-326
-244
316
438
-397
-277
-201
-411
-266
89
-236
293
-579
160
-295
-416
247
-296
39
138
-144
-147
-544
-176
-194
-602
-593
-711
-114
-167
-699
-97
-24
38
-230
21
-790
-963
-886
-518
-287
-510
-588
-208
-675
-171
-865
-582
-531
168
-452
279
-56
-82
33
-298
285
441
-3
206
311
360
209
435
592
157
581
837
164
624
238
799
1041
570
499
253
289
505
506
522
338
617
239
617
-208
502
-460
315
162
-254
-309
-382
227
-28
75
-235
17
-511
-594
-17
-50
-457
-239
35
228
405
-535
-292
115
184
431
648
4
-106
543
144
-171
609
44
634
20
411
-70
-78
60
673
340
708
-217
368
331
397
-409
-235
80
414
-286
26
-451
205
-460
272
114
-224
-602
-107
189
-478
-194
-467
-572
69
170
-438
-812
-581
-584
-287
-686
-588
-671
-54
-837
-686
-861
-313
-808
-658
-774
-713
-887
-640
-824
-133
-188
-731
-491
-195
-329
-729
-670
104
343
495
-327
552
-78
102
277
254
546
639
248
795
89
565
655
432
1001
938
745
1100
253
829
833
893
898
115
455
297
73
416
-35
-109
298
-52
-316
415
199
50
-284
-245
-316
-34
-463
-244
-511
137
114
-610
-39
-253
-608
152
-454
244
113
-440
-465
-204
143
-66
564
481
210
266
-144
345
169
570
-51
476
-51
301
140
227
-182
398
115
657
484
-259
40
486
465
117
214
25
93
139
190
-418
-605
45
320
-167
-477
-621
-616
-104
146
-473
-441
-716
25
-93
-271
64
-475
55
-67
-769
-953
-742
-962
-128
-233
-312
-622
-608
-586
-806
-358
-505
-59
-327
52
-792
-177
-746
-22
-108
-259
-486
181
-203
486
-10
-54
97
122
-59
372
201
237
469
148
89
229
579
511
651
762
116
78
588
620
904
532
138
-185
114
579
41
50
108
123
-232
291
225
-24
-525
194
-647
-324
-575
-194
-201
-527
-21
-692
-90
-435
25
5
-351
-338
-276
-288
405
134
-144
-99
131
341
413
720
-36
703
539
729
227
587
515
202
-87
622
723
443
-167
432
472
451
679
153
68
-105
319
243
2
81
-301
151
248
68
-293
-138
-17
-127
-226
-253
-173
-777
-452
-447
-355
-314
-595
-412
-660
-555
-777
26
-878
-839
-534
-478
-572
-797
-765
-40
-125
-420
-200
-158
-612
-735
-524
153
-72
46
-278
-393
169
209
134
-183
-71
608
500
380
170
847
523
401
88
47
964
556
279
211
499
104
718
197
830
-41
297
104
-115
-44
-143
267
182
590
-25
-247
-232
191
-419
434
-310
-164
316
228
230
-595
285
213
-8
-395
-525
-455
-228
255
-178
-311
323
242
-57
388
411
51
-48
-62
36
362
163
311
93
317
334
390
763
272
235
610
296
136
448
-91
362
536
63
-264
390
474
5
267
233
428
87
41
-165
354
252
110
-81
-399
-416
171
77
86
-260
26
-447
-817
-140
92
-421
-421
-722
-778
-601
-372
-749
-909
-585
-416
-294
-975
-576
-742
-416
-153
-741
-460
-293
-33
-35
143
3
-91
101
-374
-165
-435
-273
-384
-403
274
194
-102
534
652
596
868
818
78
506
581
145
950
822
662
693
-67
27
184
648
696
-4
294
231
703
499
621
-208
-287
-317
-222
319
161
-95
30
-77
-448
-96
-275
-394
-620
276
-271
337
128
-540
132
203
-328
-460
105
-358
-178
-303
189
-145
541
151
-4
607
205
171
347
-186
556
-114
282
680
387
630
-70
428
570
312
390
304
345
71
21
490
43
-487
-512
198
-471
-19
355
365
-574
-361
250
-96
79
-139
-21
-122
-18
-515
-215
-398
-643
-35
-717
-816
-463
-55
-225
-804
-644
-833
-908
-164
-842
-904
-408
-706
-280
-380
-648
-146
-15
-654
-477
-156
3
-689
-443
-149
-305
275
406
29
238
-295
249
-183
702
84
73
110
285
175
-54
431
240
483
630
833
-55
795
475
690
-129
706
214
534
653
375
-37
-112
152
-173
319
-269
-178
-200
-261
-337
-29
-135
-199
275
59
-237
-269
345
313
-543
301
409
441
0
355
-407
-1
-119
454
-7
618
-221
254
149
-10
-24
298
250
240
524
429
-244
-49
-186
634
630
212
-6
590
127
27
449
65
-37
-88
-152
-51
282
74
-265
-409
-4
-192
132
-578
77
-624
-8
-407
-116
-218
-714
-95
9
-619
-172
-70
-111
125
-173
-668
-515
-377
-227
-145
-27
-906
-687
-201
-247
-338
39
-576
-828
-104
-407
12
60
-614
-577
-219
33
-397
-395
-22
-64
404
-103
-169
543
743
194
64
403
-9
-77
369
70
203
112
732
745
1
-23
710
661
299
425
392
329
471
-237
-74
607
-137
363
-44
-375
570
49
389
492
367
-463
-49
396
-508
345
-512
-270
-496
291
-433
-378
417
-538
-496
-31
165
198
-374
-16
333
-59
-14
602
-290
355
655
-289
-152
504
678
-286
552
157
660
613
91
-247
-56
197
636
90
387
595
68
375
11
-354
-44
-8
-33
-401
221
213
-562
156
-216
-685
95
-135
59
19
-166
-115
-535
-198
-187
-130
-132
69
-621
-176
-510
-886
-214
-57
-100
-759
-928
-623
-209
-366
-393
-326
-461
-229
-414
112
-105
-490
-187
-194
-599
-462
-401
-215
267
352
608
102
404
-22
-67
-95
106
727
844
-15
-61
872
299
636
373
741
113
689
261
411
481
-195
540
-106
181
485
-48
267
-273
-365
-13
-338
20
-367
-151
112
-344
40
-98
-443
77
-113
-515
-556
-388
-30
321
-112
-140
-181
-425
-358
-50
466
-92
531
370
285
234
534
357
669
643
-167
-233
-39
438
-77
511
-130
23
155
346
91
189
540
-364
77
-23
28
399
21
112
-243
-137
366
-403
-486
-101
52
250
-558
-94
87
-526
-114
-728
154
78
76
-661
-569
-432
29
-131
101
-77
-130
-447
-711
-696
-622
-238
-106
-352
-824
-156
-129
-648
-556
-339
-626
-306
-596
321
45
177
-507
115
178
-490
395
547
24
378
389
107
284
254
659
574
555
12
308
409
601
403
134
319
565
352
728
646
715
-229
563
340
501
586
-37
154
545
-219
83
-86
462
-266
256
-59
144
31
-394
-225
114
-19
248
-214
-531
-510
240
192
33
197
109
57
308
47
-205
235
88
227
-133
112
480
434
505
418
641
227
-162
274
-257
-49
565
395
486
382
-241
535
449
577
290
30
294
-122
-465
7
294
-334
-462
-353
123
-403
-73
-258
157
-433
-702
-48
-38
-674
-554
-41
-443
-675
-316
-606
61
-197
-711
-128
-254
-43
-710
-551
-733
-711
-36
-891
-455
-866
-577
-623
-520
137
-56
-509
-420
145
349
-543
398
-269
366
-97
-3
-11
233
6
-249
483
-150
475
422
129
-103
656
382
804
695
814
784
-66
-43
2
774
555
119
-67
247
5
-105
139
207
-299
469
-403
52
36
-108
66
-253
-72
-314
274
146
-341
-3
-416
-480
-244
-518
-590
-174
-395
-381
-153
459
72
154
119
515
524
-248
217
733
710
305
278
218
670
798
411
62
-59
157
-301
104
-310
-171
185
23
-118
178
429
46
339
-230
-41
-176
279
400
-393
27
-661
-24
-116
164
-627
-736
-503
-826
-782
88
-551
-590
-470
-535
-144
-425
-331
-579
-12
-57
-10
-188
-606
-259
17
-185
66
-154
-197
-687
-439
-127
69
-741
-117
-680
-581
289
-586
-450
295
-214
-113
-248
172
-342
247
-228
28
200
676
-9
-10
60
728
-11
848
760
771
567
-61
146
226
738
114
768
664
107
595
595
174
374
-134
517
-439
472
-422
191
-409
-88
-333
-498
89
-195
-333
-85
-129
-416
-273
-303
225
-231
-12
-372
-280
369
-288
-241
-108
-242
-149
580
679
263
626
767
242
704
444
282
54
537
206
587
-216
341
-8
167
468
287
443
289
-353
27
494
-94
-103
-349
60
132
-308
134
-123
-510
-504
-421
-678
-194
-640
-126
-772
-417
-380
-315
-538
-262
-619
-165
-706
-747
-467
154
-46
-413
-415
-141
-86
-75
-21
-525
-398
-735
-747
-819
-493
-448
-396
-293
264
-121
-498
-600
363
15
-26
-286
-363
233
427
-181
400
-94
-69
320
469
520
188
401
442
154
856
-3
343
-23
-8
627
260
283
-30
90
-302
-30
-18
548
446
415
-302
507
77
-471
-299
-180
-274
-102
347
350
-482
-406
-204
-15
-240
-359
-22
133
-310
90
-79
155
-355
231
-342
-193
702
184
-85
741
188
177
801
790
216
-13
45
359
293
-206
144
244
-152
425
-259
166
-350
323
-89
-52
18
417
-368
155
59
-353
245
-24
-20
245
-245
188
-577
-449
-9
-325
-370
173
-769
158
-742
-292
-220
-487
-436
-41
123
-348
-289
-549
-3
-872
-741
35
-305
-239
-844
-537
-682
-221
-595
-172
-227
-322
-731
-323
280
-180
-247
399
-148
-123
-26
490
238
383
319
264
-23
-6
693
-29
156
3
63
891
789
246
338
57
904
562
664
406
-79
551
623
-288
-151
-152
-415
138
163
-26
42
-181
-245
-282
414
1
-46
286
89
175
308
166
47
70
361
357
149
346
58
1
-11
300
-43
105
564
387
578
780
186
389
363
823
766
642
32
608
52
397
302
-412
17
83
258
-397
-254
241
-401
-469
204
255
100
-306
8
422
87
-223
-63
-270
-439
100
83
-107
-111
-147
-419
46
-350
-105
-243
-677
-95
231
-108
-340
-669
118
-636
-640
66
-47
3
-455
-964
-589
-602
-400
-286
-72
-15
0
-202
-107
-251
-416
-340
250
-463
193
10
145
366
-228
231
107
298
471
196
675
-130
321
714
999
1002
884
502
477
530
219
343
365
2
-126
-59
373
2
77
87
-20
-273
-459
-450
-487
-283
193
35
-610
-10
-497
270
29
-91
19
-3
-138
-165
-580
258
293
-371
-337
-191
-157
-186
93
670
366
808
420
30
227
658
285
401
-11
49
-48
-144
472
-159
521
-100
183
-10
364
-455
368
385
440
307
-354
-293
-320
19
-3
176
9
-430
109
475
-400
285
54
-206
-389
-10
-173
-386
-20
-474
-251
-143
-174
-622
-664
-287
-551
-788
-433
-671
-71
-408
-598
-49
-1043
-267
-527
-662
-260
-921
-620
-35
-953
-828
-455
-504
39
274
2
-102
-350
-408
-397
354
-136
-171
-59
213
14
560
650
62
285
201
185
424
1107
794
869
899
860
151
674
666
45
-124
-257
-424
-413
178
-93
-311
214
-87
-581
-571
100
-272
-43
367
-540
-301
-530
-270
-165
-437
43
-180
240
-197
-339
139
108
577
107
511
-98
415
756
218
332
393
623
245
-4
687
261
643
-112
648
401
-273
-236
319
-76
91
-607
-480
-481
285
0
-168
30
-341
-98
581
549
95
190
378
303
465
-309
-167
-387
-394
-528
-118
-675
-467
-193
91
-317
37
-94
133
-317
-143
-815
-317
-440
-437
-139
-1085
-468
-934
-200
-615
-508
-616
-766
-656
-540
-416
-107
-161
7
230
-392
212
-375
248
125
144
166
-47
209
-234
748
414
581
516
204
667
656
985
985
693
552
612
142
775
840
392
90
436
-119
-340
142
-87
302
216
-363
-105
-207
186
207
-648
313
268
-5
22
-193
164
-390
351
-2
-561
-125
412
-60
-21
263
-5
-318
-273
-136
84
33
747
779
95
702
119
683
148
-90
430
0
661
82
364
65
326
3
171
186
-447
205
-281
-353
-175
334
492
338
464
608
517
-231
-253
273
478
-233
-112
-483
375
-6
-572
-114
164
-642
-669
-43
-104
157
-514
-396
-98
-426
-709
-969
-419
-568
-339
-652
-965
-615
-786
-1170
-524
-633
-421
-490
-260
-874
-264
-109
-50
28
-355
-37
224
-202
-252
-25
-129
181
533
719
766
-60
-6
632
652
910
243
979
582
695
957
145
68
456
465
549
277
-139
22
-283
322
91
131
18
-628
-667
-589
-379
-114
307
-295
-78
406
-267
-496
-19
-463
-411
-254
-88
97
-425
-14
196
190
-252
114
-92
148
787
379
264
647
241
989
682
200
-44
-202
507
-356
-169
-250
402
-41
-297
-137
10
-145
243
-398
-341
509
242
443
228
453
-60
426
-232
-214
-224
-52
317
-102
-174
-82
53
-190
-167
-208
-213
80
22
-294
-416
-705
155
-838
-330
-155
-854
-347
-359
-353
-669
-919
-699
-504
-1223
-592
-309
-959
-81
-364
-375
-508
-640
-459
179
61
179
-208
-43
47
391
471
290
498
625
33
530
45
996
470
980
632
864
575
367
805
1061
47
734
789
434
56
-97
339
72
-468
-156
-283
-198
282
223
-388
148
-122
-528
99
131
96
127
42
-549
-50
-538
71
285
-366
-257
303
-260
-342
386
550
182
-131
554
1
160
126
425
644
52
240
785
659
518
-373
103
8
111
-350
-484
67
146
-409
-198
128
-73
221
62
243
399
-101
149
-161
-92
-250
-173
16
-192
177
-410
-174
-567
-512
-309
249
-509
236
-251
139
-559
-157
-230
-891
-99
-26
-421
-873
-537
-1124
-427
-952
-1030
-1045
-812
-759
-868
-490
-183
-424
-613
-826
207
-346
-500
-259
-268
-196
-221
327
-163
157
137
577
301
185
829
219
645
607
434
581
1021
690
735
326
969
828
679
543
103
-284
297
-171
-167
270
51
70
-421
333
-97
-118
-71
-558
-157
-454
-183
-285
-277
352
183
-55
-348
-95
376
209
115
316
109
9
188
646
242
116
169
826
119
916
574
334
836
-4
666
142
-225
-175
22
-61
-70
166
-230
-346
-284
97
264
-195
20
68
-247
708
576
370
671
26
591
-132
-162
-331
-282
352
-29
-429
-557
-180
-3
-423
74
-499
42
-435
-758
-630
-258
-581
-124
-634
-484
-860
-356
-549
-982
-609
-988
-1069
-268
-1014
-761
-917
-759
-379
-837
-20
-17
-581
-378
-197
-201
-533
76
-346
-98
235
-16
625
699
8
251
543
498
242
340
855
956
621
975
795
613
133
687
576
417
458
109
-92
333
180
170
-372
177
-222
-196
-444
-536
214
-424
485
432
-97
9
-177
-10
150
432
-313
-468
221
369
135
456
277
33
283
228
742
-141
282
643
708
567
443
63
-106
459
-75
458
358
-264
226
-355
163
-493
154
-119
-426
-470
114
504
584
-113
558
387
381
217
-98
311
173
234
-19
-115
-192
435
-5
-192
72
184
-396
-174
-626
-680
-7
68
-644
-349
-593
-669
-473
-189
-911
-678
-1118
-1184
-1118
-548
-739
-925
-875
-142
-196
-333
-621
-686
-143
162
-72
-260
170
353
372
328
-534
208
300
-212
-141
-262
228
593
860
684
279
1088
832
478
831
303
678
980
86
314
382
126
240
-207
-185
-352
-5
-539
-504
-95
354
-470
-338
165
-210
-38
296
334
-262
212
-25
-97
156
-384
157
-244
-277
-294
-296
-121
200
366
390
-106
-286
-159
220
412
-28
363
-62
-97
409
60
467
562
333
75
216
420
-309
-381
-192
397
-164
-365
-143
267
47
230
-223
-180
102
604
57
59
594
367
528
-401
-267
-522
-470
229
-326
211
79
-636
-311
-258
-737
-112
-129
-431
-262
-888
-446
-96
-357
-182
-689
-414
-204
-415
-614
-899
-1041
-637
-92
0
-453
-696
-807
-159
-674
-320
-128
226
-145
364
-248
-87
97
532
456
-147
-309
132
-26
664
319
647
588
440
525
232
701
563
583
494
344
-198
413
124
182
237
259
-503
-60
-390
401
263
102
59
309
24
353
410
469
501
112
-257
38
-438
-11
342
-414
-473
-200
148
118
363
272
-72
-58
-8
-207
-135
178
376
79
164
180
664
655
-127
40
314
-425
-176
169
110
15
-304
233
-384
-284
529
-141
233
353
595
155
117
-44
441
362
-101
387
604
325
490
-199
-443
257
-387
-349
-408
-704
-355
-139
-72
-756
-628
105
-87
-631
-842
-270
-534
-411
-745
-774
-1091
-458
-632
-405
-765
-331
-565
-648
-419
-403
-113
-93
-351
326
-596
82
438
-149
-254
176
-61
18
256
-110
451
532
-177
235
511
465
800
728
291
417
491
581
51
793
709
308
-24
163
-240
138
-43
-394
-308
-89
5
24
-318
-467
-412
440
-127
468
324
-66
-217
-184
310
-534
393
416
-301
-264
-85
-251
-373
-152
388
19
471
660
-259
54
-78
76
553
471
605
714
455
604
522
-330
394
199
-17
-391
493
-198
-369
485
-137
23
-80
476
438
162
-113
329
624
729
288
590
-64
307
-244
-430
-129
-541
-601
-520
274
192
-526
28
-217
-132
58
-300
92
-911
-451
-726
-605
-289
-1036
-970
-949
-975
-454
-1116
-1003
-872
-165
-640
-73
-856
-453
-523
-657
-272
-234
-563
-244
83
303
370
-223
187
-69
-197
281
543
158
-199
456
424
200
866
757
1007
983
946
261
833
218
3
698
412
47
572
-355
289
458
-167
-178
254
-267
172
19
230
504
-186
239
101
-22
-56
-347
217
-215
339
125
-366
151
279
-586
400
408
345
126
-154
368
283
-287
438
752
174
276
22
-153
-228
700
-244
-72
247
159
246
-435
212
-100
-173
95
-369
108
-70
610
226
14
650
150
670
-38
-101
250
-107
491
101
140
-186
164
46
-328
-13
-27
-168
-472
-525
-543
-507
110
-208
-248
-396
-218
-817
-171
-352
-374
-973
-532
-1049
-112
-356
-906
-563
-90
27
42
-377
-507
-71
-551
-22
-245
281
-309
165
-378
-7
489
-449
-393
106
87
386
332
-30
143
160
302
-39
419
442
815
711
1032
789
667
894
151
810
389
75
235
569
-247
295
89
-225
-248
98
-131
-92
-238
524
-144
-389
-29
397
67
464
443
-490
-116
202
110
-210
-100
-240
-242
195
-200
467
-309
535
596
71
499
386
511
-150
47
-80
262
240
-207
399
120
43
97
508
-146
-52
-512
292
-230
275
-192
412
-231
277
278
194
295
425
83
154
666
-320
-421
176
-497
-404
95
-199
-67
54
-560
-634
-534
-41
-667
-188
-600
-704
-459
-428
-69
-336
-759
-90
-883
-312
-720
-397
-669
-368
-899
-577
-185
-735
-732
68
-321
227
-240
-476
198
117
-216
-465
-77
-57
154
138
98
-381
-310
38
312
40
156
726
29
687
536
549
497
745
959
158
770
-100
812
-71
532
-42
-184
78
401
-54
30
-191
423
-261
-473
125
-27
-194
-300
-223
241
156
-318
359
-130
198
-165
238
-171
-272
-581
-311
-207
-515
-19
-209
-31
381
501
50
35
196
466
18
469
494
576
-209
587
562
-136
143
36
-99
-81
391
-337
366
296
205
-173
443
589
270
528
104
500
-164
-267
170
-12
-195
360
-575
-196
-166
-50
-533
-225
-237
-677
-10
-701
-203
-641
-308
-356
-555
-548
-696
-29
-454
-35
-248
-997
-310
-936
-267
-198
-855
-677
-713
-478
-662
-549
137
26
284
-481
-263
-10
-238
-386
147
398
-204
-353
-137
106
17
118
44
-434
171
-27
-205
57
187
643
-30
413
971
140
708
2
205
385
481
-105
278
-427
217
367
-449
-212
248
-129
-19
-325
-439
-403
376
153
-351
-63
431
-342
142
-297
337
87
63
266
231
-157
398
-361
-496
252
-15
297
397
-187
316
619
246
168
56
770
354
75
748
60
546
-275
332
314
-257
-125
485
-394
536
163
526
449
-315
581
707
-237
354
135
419
27
145
-132
-279
422
42
-221
199
-575
-75
74
-331
-282
100
-654
-572
-728
-332
-642
-688
-378
-84
-806
-610
-110
47
-646
-90
-334
-222
-339
82
-631
45
-611
-545
-172
-29
-490
150
-169
-465
-231
491
-443
13
-218
-341
-521
-63
-204
-27
-238
-94
290
-363
32
-199
705
-193
642
425
-53
21
378
124
181
847
672
176
409
-119
75
527
-309
-37
-79
-67
147
-45
451
-460
-438
-137
86
448
4
535
-420
-29
-467
346
446
-524
357
-172
-346
-370
-167
-442
122
-360
-105
-272
-249
225
368
343
810
122
-127
804
169
-126
36
575
628
350
422
535
-335
352
336
-377
395
293
96
-288
581
564
-141
252
691
164
307
-318
555
-230
62
365
-123
-87
159
62
-142
-676
-167
-248
-8
-370
-292
109
-547
-488
-808
-705
-780
-333
-654
114
-471
-509
-348
-485
-20
-665
-372
33
-329
-674
117
-664
83
159
313
-110
439
95
-434
330
-405
106
226
-194
366
194
-84
-566
-283
120
465
256
-292
222
-182
683
548
457
694
91
519
459
26
164
92
-264
410
-116
193
314
-448
175
-112
332
-434
-141
140
132
-24
539
-108
-23
238
-40
507
298
-192
126
-232
-483
246
362
71
422
-252
476
-454
-408
-140
302
532
78
129
59
11
272
463
655
-162
802
511
20
73
30
273
-118
-319
488
465
-36
555
312
-53
249
340
267
261
374
276
461
-67
-3
-343
119
69
-333
-620
-471
-668
-725
-547
30
-448
-172
-576
-757
172
-407
-783
117
32
-770
-146
-637
-171
-470
-43
-579
-761
-409
-717
-376
109
-468
-599
-93
-13
-372
332
249
-149
-266
218
319
445
486
361
371
-203
272
189
-438
276
-154
-269
-45
304
-282
448
586
306
707
209
392
138
378
-30
737
575
-198
399
-210
-125
-25
465
-318
-144
280
-391
275
222
482
531
232
74
7
-169
-91
150
-360
-195
-326
464
30
75
-378
-530
120
-535
229
196
244
446
562
-233
531
-66
306
468
152
164
259
152
139
-169
515
406
-75
-330
-211
-191
-233
-166
-308
280
425
-107
378
187
-4
206
-45
-227
123
-90
-168
-135
-10
229
-623
144
-627
-376
-687
-423
-422
3
-768
-181
66
-527
109
-659
-174
-668
143
-259
-322
-63
-684
44
-513
-395
152
-28
-76
-566
-661
-518
-695
-555
-587
-485
-52
-359
40
471
-429
163
146
453
406
-26
-533
-126
-46
295
-668
-618
-13
-540
318
466
111
496
437
17
-64
771
424
49
-81
477
159
400
566
586
227
504
128
-241
383
4
299
497
-417
-13
518
-316
150
294
-152
42
224
339
-128
-96
493
-174
-341
-91
-89
-362
-536
206
262
365
201
-47
388
-108
360
439
552
266
483
674
749
451
700
164
-33
-232
435
407
317
542
-374
198
-167
-217
-347
342
55
-230
178
-98
-329
-145
290
408
4
-189
-53
-371
113
-564
-710
-135
-66
108
-802
134
155
-10
-24
-40
44
113
-320
-597
-594
-190
174
-147
-55
-304
97
-50
-108
-244
-216
-617
117
-667
-312
-24
-418
-161
-277
-581
-154
-175
433
-154
-390
152
-497
312
-110
-197
-644
-26
-672
268
-394
125
-87
-274
108
-182
470
-113
200
541
86
640
183
276
45
415
145
290
-372
-15
-430
-291
-360
-357
-332
252
214
-218
-8
310
-166
336
55
235
437
480
307
82
430
-508
-410
-479
194
-129
-68
426
-433
454
171
-299
-32
321
27
243
565
226
-15
234
451
350
-163
507
-119
114
-6
586
-143
-403
34
-243
-371
204
-123
436
-288
459
495
-146
404
99
-63
-305
-350
109
33
289
-596
72
-425
-84
-464
-407
-314
-270
54
71
-230
-574
203
-671
-317
-688
2
12
173
94
-192
-2
-705
-417
-519
-355
-261
-333
-642
-561
-323
-469
-666
118
349
-233
-413
-112
334
-541
-272
-184
-460
-451
-235
-128
-455
-534
-407
-537
-616
319
457
-300
-82
-65
337
660
580
616
-82
-18
804
-145
660
659
82
-325
-35
-150
-402
195
217
-241
428
-284
375
-276
-60
-269
-63
-8
612
-175
35
-192
-18
517
-479
-447
113
-541
-388
42
-516
-505
-8
-59
-383
454
328
-213
235
129
90
172
311
-102
289
588
-92
440
-217
-257
533
102
-153
-164
12
-152
-59
-275
-77
178
397
47
300
-33
497
360
-196
144
393
223
-596
-416
-525
-203
-435
-141
-488
-335
-432
-390
-240
-514
150
91
-169
-325
-566
236
-165
-220
-175
-389
169
-556
-93
17
188
133
-372
101
-64
-312
-597
188
299
-176
-73
-305
362
345
130
-97
-432
-29
-356
11
248
-301
-104
-250
167
-535
179
229
-150
58
237
23
181
-159
81
10
335
214
-144
246
588
283
390
370
49
-42
-253
124
496
20
-172
476
478
510
15
424
701
-141
224
14
287
-259
257
-403
-365
340
-404
-9
-397
-445
-618
-602
113
120
189
-360
-387
496
331
659
53
673
603
-55
539
-66
624
454
-14
58
-298
521
81
293
528
195
177
-274
-174
447
-47
-120
497
-315
569
188
-251
-473
-35
301
350
130
63
33
149
-309
96
-31
-606
-623
-627
-501
-645
-63
-700
-601
-359
-37
-417
-96
-185
-85
136
-354
-72
45
205
86
26
-324
-34
25
-480
-199
-110
-451
-607
-108
420
-322
127
-399
-62
193
201
-147
190
-558
-575
-613
-16
-72
49
-66
-564
-113
-81
600
-51
-85
241
-164
807
554
360
363
709
310
747
588
426
318
-353
-153
52
447
362
-59
631
567
129
421
267
-89
14
280
280
323
194
455
385
503
312
204
74
-281
-363
-94
203
-374
-199
7
398
-48
390
-10
-53
298
449
59
289
-38
-201
-175
96
19
309
582
566
-242
348
322
-301
170
97
405
554
427
8
456
-262
459
53
-349
-141
-177
-46
49
309
-450
217
-316
-405
129
-345
-127
-624
-754
-197
-660
-546
-360
183
-310
-652
-192
-400
-618
-313
34
233
-206
-146
-345
-165
133
-55
-690
-242
-117
-450
-271
-624
-6
-266
-77
-234
-9
34
402
124
226
-269
-47
-468
-333
-666
-294
-360
-363
-608
-435
174
37
53
-128
53
-109
67
672
600
409
149
669
38
458
128
305
-69
632
179
544
377
473
106
567
-161
175
30
240
566
149
493
367
-259
28
639
111
158
-120
-94
-161
350
104
-436
-543
-326
-144
-17
-116
-178
-443
-134
-328
521
476
-263
-162
96
172
439
-27
591
168
552
533
395
408
-115
-167
-377
188
127
479
-144
310
-400
222
-126
296
-200
359
466
220
509
382
7
-520
-617
212
-272
-117
-745
-589
-809
7
-792
-77
-175
-425
-712
17
-645
20
96
-202
-104
233
-478
235
-37
-269
-17
-193
331
-107
-381
-181
-87
-387
-286
-607
320
-153
-273
-545
-196
-131
272
-529
227
282
151
190
-133
-220
-491
285
-450
-414
110
140
-10
-195
-301
108
503
136
-253
241
565
241
379
586
757
728
622
113
129
411
103
-110
255
-154
-299
-219
321
-74
-204
599
235
605
404
-153
-28
599
386
-153
54
394
302
-210
-218
-187
-482
-300
-278
339
41
123
61
-510
384
-291
-262
485
-111
451
-207
37
370
335
-71
47
438
161
-86
100
302
288
-154
-11
-494
107
334
-405
418
-299
-406
124
472
275
183
356
425
308
179
-402
-5
189
-155
-413
-237
45
-65
-465
-426
-740
81
-647
50
-547
-108
123
141
-189
292
113
47
400
-278
-29
111
340
-224
5
148
-497
202
-200
-597
-191
182
-22
-326
-64
317
27
-56
116
69
-345
211
-411
-604
-39
12
301
-305
-317
340
72
331
140
105
-191
-142
-16
50
-216
499
153
281
349
-221
592
-95
707
227
467
450
-66
-229
326
200
-153
-32
-123
-201
290
162
707
-121
-38
276
385
142
460
-338
457
498
404
-153
17
-13
-135
-145
159
-151
372
-82
-401
-392
-5
235
108
131
481
260
209
39
-313
182
194
-62
-245
-110
406
-436
-66
282
-483
-172
-352
80
380
88
514
101
474
392
496
-480
407
-141
95
-161
318
-96
-565
-131
-701
-502
-554
-96
-139
-359
252
-255
-296
-295
-443
-242
69
-263
364
-42
313
350
-477
253
211
-503
274
151
-68
-14
-357
-71
-408
-203
-471
-379
17
-316
220
-438
2
143
-27
-634
-494
193
-207
244
-402
-173
-117
-392
-117
114
-438
-199
328
560
-328
-33
244
2
577
507
460
-246
-238
110
78
629
326
-263
436
-28
-217
620
-169
221
491
37
628
-86
133
-41
444
85
118
90
-67
59
318
435
313
142
186
24
162
229
425
-465
156
56
-412
-88
343
-328
-173
467
185
-395
-222
84
-208
193
335
531
-417
-222
-22
-80
279
-225
-138
128
480
-375
-269
209
397
-326
237
18
162
223
306
-130
257
-508
-306
-197
-530
-141
291
-324
-522
68
-332
-450
-645
173
4
170
-515
-606
-188
-543
-512
-5
110
330
117
-195
-168
-200
-410
-262
300
-497
-89
-306
21
96
262
11
-538
-571
-236
-186
-343
-204
-330
353
-335
-148
-555
182
34
-325
-77
-112
-252
-204
458
347
350
-216
-192
360
-10
403
719
655
134
615
303
235
683
-291
703
6
175
33
2
465
497
38
199
35
166
543
311
275
-342
51
-120
257
85
-68
-144
312
-416
-156
256
18
-233
-125
-417
-208
-69
-375
126
422
-30
435
184
-251
-260
-349
56
186
476
-343
-226
-510
116
106
233
-287
-420
-342
-391
-255
62
396
267
306
-284
259
-525
5
235
-50
-227
-451
-267
315
-328
-136
-630
146
-513
310
295
-226
323
-68
-600
70
149
-542
178
183
-384
-351
-8
-698
-608
180
77
-572
-220
-63
32
233
187
-525
258
-437
36
320
-602
207
308
369
-338
322
4
-237
97
-133
-35
42
-169
364
474
615
473
678
595
327
-139
111
-19
587
7
-194
680
-128
-31
314
-213
-31
136
-274
-24
430
667
585
-208
345
-3
251
-175
224
-22
-374
126
-309
518
-79
220
-418
238
415
400
-497
-495
388
-299
-182
61
-138
164
565
-58
481
328
-69
371
404
542
-369
-76
-353
144
207
-388
-342
345
-376
111
125
-209
-49
148
-214
17
174
-350
153
385
65
336
-151
-69
-413
-352
-413
-137
-612
-617
-181
-555
-252
-74
75
-539
57
246
309
172
-166
-111
-610
181
-593
-462
-433
-33
-398
173
-146
-772
125
-635
-146
-566
-242
195
45
-123
291
-440
10
-283
156
-257
-162
-113
-309
-131
-208
272
-468
-2
305
-188
411
-253
662
-100
-204
366
-58
699
480
510
-192
-125
316
453
345
196
602
-57
520
384
339
14
-88
643
474
278
460
496
-306
112
-396
366
85
453
419
23
-29
-470
-90
-341
281
4
-140
-49
-172
-415
540
-169
-66
450
574
598
-236
-223
524
504
306
231
267
302
-317
253
93
248
251
109
-101
-134
288
459
155
155
-13
472
506
163
357
304
216
-499
-23
49
-598
84
209
-652
48
8
87
-175
-182
271
-431
-619
-45
223
-138
207
-580
-539
-37
-125
-56
-679
-232
-74
18
-274
-99
-33
5
-326
-185
199
-471
-240
235
218
-625
-88
-368
-211
-199
-136
-105
-464
-87
-376
-343
300
87
634
176
2
-103
855
800
739
345
416
378
-10
710
-201
-204
-138
200
699
-236
272
326
117
-213
-181
610
236
-166
-59
211
-242
424
404
-543
-347
-540
-577
-403
-600
364
197
116
78
564
240
294
-236
466
-189
-254
482
316
265
-248
240
230
-447
-284
353
-159
332
-412
-186
337
-308
135
482
-198
384
482
-300
58
29
149
-68
-475
-335
-80
231
-252
-34
34
-579
-376
216
114
309
223
275
93
-520
-9
43
-363
-339
66
86
-556
171
-209
-717
-739
-734
-233
-97
-253
-113
-801
-675
-211
-368
-21
-499
-280
-748
-641
-519
-780
-736
-544
36
-490
268
-35
62
-155
-50
78
250
86
813
457
245
-25
120
30
603
875
108
818
538
599
631
868
155
702
25
387
616
-45
470
260
19
212
-376
414
356
-166
-299
-227
47
-370
344
-614
-298
-442
-446
-523
-403
-184
431
299
-386
268
373
-44
144
590
549
8
-194
291
562
137
-140
575
-28
-313
-85
217
27
532
436
-30
542
-228
128
-353
-253
199
-72
-384
-103
-102
200
-425
154
-352
-528
9
-26
-400
-377
-140
63
-171
-207
-607
-135
39
-62
232
-73
-246
-415
-148
-80
128
-43
-843
-155
-567
-659
-664
-52
-822
-423
-224
-483
-259
-523
-797
-919
-117
-131
-34
-436
-439
295
369
524
143
523
373
808
-2
106
625
55
11
751
877
444
1127
253
412
282
766
1100
679
349
386
632
143
-61
153
-258
85
233
473
-168
67
-137
-473
-465
-281
-450
-361
-663
-419
-350
128
-489
151
299
-193
-383
621
606
-256
322
1
189
71
310
349
516
394
-160
202
352
200
-195
-244
279
-114
33
379
82
-57
-468
305
-359
-394
16
-544
-114
51
-561
-189
61
-1
23
-550
-717
-435
68
109
-695
-710
-299
41
-142
-153
115
-574
7
-584
87
-596
-262
75
-752
-10
-649
-28
-827
-31
-266
-700
-566
-564
-37
-834
-344
54
-409
-348
181
-27
-3
-118
-70
-259
572
-161
-72
326
54
891
658
777
983
978
897
451
1009
1022
293
577
1139
522
809
865
480
252
734
-127
644
588
388
90
-227
-490
-73
-617
-616
-101
-248
-506
-143
-431
-500
63
-344
354
379
472
168
426
-160
144
-122
-352
118
537
183
203
784
183
50
385
495
120
276
-113
33
273
469
-450
-416
147
-147
-296
-316
-128
-666
-718
-407
-215
62
-167
-632
-594
-15
-7
-572
-441
-534
-612
-131
-359
-67
-406
76
-396
-65
-390
-576
-20
-268
-442
-370
30
-326
-270
-624
-416
-314
-270
-794
-353
-469
-407
87
-486
-450
-559
-57
-173
-422
-412
329
441
177
410
61
154
55
509
100
673
902
530
482
354
68
745
913
791
523
144
403
939
548
190
56
587
23
370
-226
-10
393
-473
-139
-40
264
171
237
344
-353
270
-79
-556
-282
380
-156
-130
211
-169
-308
-270
-51
41
603
462
246
-244
234
526
472
429
-33
342
428
274
-266
102
-142
-584
-89
4
215
-636
-27
-569
201
-767
-317
-240
-601
-300
-192
-311
108
-192
-429
-222
-23
199
-334
-191
-14
10
-449
-157
-248
-212
-506
195
-183
17
-190
-365
-6
-600
-286
-118
-615
-773
-455
-246
-60
-620
-514
47
104
-106
-414
-86
-34
210
-277
-33
267
303
809
969
965
141
966
566
947
568
73
882
971
790
710
227
807
-41
642
319
-122
603
-189
448
-81
-145
-241
248
388
-284
403
-245
69
269
-223
104
445
-228
-300
424
365
-231
289
319
538
-13
557
370
42
339
-117
146
165
-56
-130
401
155
25
72
-32
177
-109
158
-312
-404
-629
190
-598
-532
-799
139
-828
-679
-222
-168
-829
74
-292
-132
-544
-611
89
-56
-99
-591
-766
-237
44
-245
-661
-462
-510
-180
-691
-182
66
-649
-298
-821
-438
-320
-847
-356
-24
-41
-479
202
43
155
-86
289
408
-60
248
358
383
501
99
356
165
301
751
503
964
908
176
928
202
826
1007
606
279
917
-32
-21
553
120
723
48
-309
1
-283
459
282
291
84
-118
-54
261
303
145
-424
27
-390
-478
-43
-186
473
170
616
439
-291
-118
392
-199
42
156
151
-22
440
117
305
540
0
40
289
-468
372
-302
269
129
263
-780
-489
-776
-880
-133
-550
-16
-623
-637
-317
-640
-449
-586
-481
-55
-85
3
-745
-286
-486
-5
-304
-14
-459
-460
119
-475
-132
0
-740
-249
-104
-471
-195
-101
-662
-763
-72
-213
-307
-349
80
88
-128
-488
50
-86
659
417
652
109
263
195
-35
733
704
1018
147
399
867
304
1081
662
675
663
349
786
697
-3
218
-94
52
-347
322
327
-390
-138
-304
-369
491
432
-260
-220
-306
-188
-399
462
-129
-230
-148
-308
-15
-189
251
-410
506
-324
527
367
-177
-155
331
-37
-314
-26
-274
-205
316
-165
-232
129
-390
-99
-675
-259
141
-651
-390
-584
-498
-164
-539
-175
-20
49
-199
-84
-824
-250
-349
-684
-101
-689
-322
54
-200
-51
-599
-328
-677
-306
-668
-504
-792
-664
-24
-874
-528
-608
-604
-97
237
-89
-195
214
-145
-609
-75
-60
180
-294
370
121
-40
-81
28
660
819
420
291
1028
917
404
349
1025
661
209
967
897
372
137
586
312
663
-151
-99
-135
-359
326
335
346
479
25
-361
464
-49
-253
300
-19
314
-317
31
228
46
324
180
-353
514
189
632
-25
429
311
360
126
184
362
211
168
117
-34
-134
-178
173
-294
-399
-470
-88
-650
-109
-452
-697
-813
68
-315
-113
-368
-307
-251
-815
-281
128
1
-615
-163
-510
-11
-294
-724
-239
-589
-204
169
-236
-461
-493
71
-163
-793
-795
-517
-502
-688
-403
-383
140
-387
333
-241
170
255
320
294
388
-148
207
-162
699
740
-57
362
68
685
407
653
-13
702
558
702
733
547
-90
-19
639
289
338
374
370
-7
450
-107
-268
311
-265
560
478
120
502
258
-16
-368
-173
228
430
309
-66
466
24
490
135
-226
101
190
-75
-98
607
340
325
42
483
48
316
-366
-242
373
-551
-547
-258
-733
102
139
-708
-736
-345
-22
-165
-134
-247
-809
-302
-772
-710
-874
-242
-433
-614
-284
-741
94
-818
-767
-329
55
-572
2
7
-533
65
-587
-538
-49
-641
-442
6
-201
-630
-225
-276
296
176
-385
-407
365
-480
139
-96
53
107
353
206
204
417
685
125
766
670
100
142
541
251
343
271
418
683
37
-50
832
570
412
712
192
323
561
-133
260
220
293
-253
609
-216
-1
-139
303
-112
204
256
-362
323
396
200
603
-238
486
44
522
640
165
519
359
-313
318
-347
189
172
-79
-110
-194
-444
-81
-321
-356
301
-26
-611
-424
-498
-77
-516
114
-376
6
42
-286
-191
-608
-459
-240
-119
-610
-549
-96
59
-516
-488
-307
-99
-72
46
25
-579
-694
-734
-651
-37
-603
-271
-711
137
12
-760
-307
89
-522
-356
71
-146
7
-412
-378
475
268
764
683
757
176
215
517
25
248
549
389
405
588
524
179
836
50
228
686
813
253
159
587
235
142
-123
333
492
-73
442
364
427
323
124
316
-320
530
-29
-273
-290
416
83
195
141
704
365
-137
-360
571
-333
682
47
-16
338
330
244
464
42
184
-184
-145
-115
-401
-419
-561
346
-366
-709
-400
-324
-630
-580
151
-109
-175
88
-481
20
-874
-499
59
112
-187
-678
-213
-446
15
-301
29
-365
-11
-583
109
-785
-383
136
139
-136
-869
-470
-606
-652
-253
-673
90
-423
-416
-146
-212
-288
144
-456
-386
-14
80
671
705
104
234
529
561
151
979
732
355
451
632
245
135
634
631
319
725
129
439
609
438
587
-156
464
521
312
460
-324
-201
-101
511
-510
-69
-261
163
-261
113
228
404
336
581
12
602
-247
659
247
93
446
492
-322
208
58
371
186
-256
252
-37
-316
348
83
-145
151
-28
291
-560
-373
-589
-166
105
101
-476
97
-470
-482
-817
-515
54
-397
-685
-45
-324
-126
-659
-592
-522
-434
-829
-37
-228
55
-391
-768
-163
-769
-816
-60
-448
-662
-416
-492
-716
-67
-551
-289
-525
-252
381
-331
335
-480
357
-163
400
-133
463
17
426
513
787
25
449
358
258
246
463
234
962
825
409
352
99
421
56
336
-86
211
603
666
129
195
-493
-88
516
343
95
136
384
-500
-345
275
-300
249
-302
-82
425
117
138
390
-69
528
-237
98
72
-21
589
142
321
329
-13
-271
-75
-21
134
-123
-321
-457
-652
-534
-473
-494
211
-392
70
-811
-179
-180
-352
-688
-442
-80
167
-356
-652
-414
-24
-712
83
-332
31
-493
-136
-571
-29
-502
-167
-768
-334
-159
-642
-159
-18
-777
-843
-173
-759
-180
-530
-307
-45
-71
-344
276
-236
61
-299
417
42
-327
187
259
327
64
588
117
337
248
252
1007
1080
499
616
783
497
623
475
538
170
645
-21
-95
334
265
622
368
509
-437
138
-1
-312
-328
475
99
-272
27
216
169
451
601
199
431
5
-231
227
520
389
-298
101
659
501
266
-255
23
-303
564
-362
-443
-408
314
97
-231
387
-76
218
-471
-551
-45
185
-719
-139
-363
-23
155
-273
-457
13
-552
-442
-575
-572
-595
49
-475
-225
109
-499
-129
160
-403
-320
-239
-111
-348
-693
-222
-142
-565
-598
-289
-579
12
-845
-786
-26
-346
-482
-207
-1
131
370
-412
553
189
-252
-39
164
317
11
462
925
607
27
587
38
211
337
886
572
538
368
772
387
344
738
80
705
51
686
497
-174
486
338
-485
-109
-595
-79
-495
61
146
29
-6
-276
67
-338
-114
393
1
-283
-99
569
168
737
-34
475
507
162
428
-137
154
202
-99
-140
-193
-190
288
-168
377
362
386
-69
-210
-185
142
-632
-71
-572
95
-742
-529
-700
106
-124
-724
-670
-339
138
-123
-525
-645
-646
-21
-411
-390
254
-72
-555
-370
-186
-691
-454
-669
-235
57
-805
-169
-329
-691
-383
-348
-481
-302
-462
-839
-299
-406
-386
-258
-497
176
164
-251
-147
338
14
-1
345
617
713
107
781
1030
210
349
975
364
1113
511
432
504
-26
815
18
236
643
391
596
61
-88
-295
-376
264
-444
-344
-101
-4
68
-480
-285
-300
-485
-552
-139
6
72
-42
269
-22
325
703
649
510
694
759
-194
436
376
-268
-115
-323
-260
-201
266
-227
91
-122
-555
-280
-158
-435
-118
-74
-378
276
284
-130
-647
-286
145
48
-202
74
-277
-404
-31
-210
-576
-184
-39
-325
-218
13
-130
-456
-653
-495
-80
-750
-293
-677
-531
-687
-31
-237
-819
-185
-767
-773
-694
-815
53
-207
-110
-639
18
-433
-47
-673
345
-77
16
19
-365
445
146
-225
-40
196
135
701
469
473
777
169
989
846
945
180
948
51
154
782
611
-271
-188
306
57
-431
394
6
-127
-412
106
-362
-737
-412
-228
-500
-49
-81
110
323
405
70
744
548
-117
595
705
-42
834
45
-114
607
-34
-59
251
438
-17
104
-184
175
41
-609
-541
34
-298
-167
33
66
198
-365
-89
55
19
-142
-242
112
-304
-244
345
-231
-37
353
-481
172
-328
224
66
44
-341
216
-379
180
163
-335
-211
-591
47
-606
105
-97
-323
-361
-447
-709
-880
-16
-899
-480
-591
58
-128
-53
21
48
-179
-578
38
-321
293
590
-144
-94
636
-239
207
213
146
369
748
284
256
316
762
576
392
749
502
446
126
664
241
-258
423
25
-483
-116
67
187
169
-60
187
318
-24
-44
215
-618
412
-433
-52
248
-150
145
530
707
-88
145
600
526
720
-111
409
164
-121
112
528
-243
392
43
402
71
429
2
-202
-150
-482
-364
-122
-474
-262
294
178
-15
-204
67
10
-19
-558
-208
-326
324
-115
314
-280
-16
-363
-499
67
-580
-21
-86
-46
-141
-610
232
230
-522
-535
-292
-426
-240
-458
-683
-702
-109
-78
-164
-572
-62
-766
-305
-150
-318
-439
-872
-767
-206
-748
-58
-80
-8
-317
-290
-309
-47
-115
-50
387
263
463
834
-14
40
209
285
940
102
76
214
815
72
716
521
597
37
369
513
569
343
162
98
-126
364
295
58
-307
489
191
261
-101
-210
218
-32
-38
551
356
-65
655
507
325
743
-184
249
465
645
572
102
446
446
-162
36
-16
146
-198
-277
-355
-69
-359
253
-339
50
-398
418
-480
12
363
265
292
347
40
-127
323
88
323
-40
-85
120
345
-348
-138
-527
21
240
61
294
-543
207
-259
-393
-42
-105
172
75
-179
-822
-460
-358
-94
-699
-543
-597
-374
-756
-4
-525
-227
-523
158
-332
-327
-420
-263
-656
-510
-469
-590
-168
-317
110
341
493
-127
465
590
734
657
132
395
582
421
765
895
-46
-48
780
248
461
-6
181
-64
443
454
313
425
-363
539
468
-18
-360
-41
-305
461
91
357
242
28
201
481
461
-178
-10
370
-160
23
410
-198
573
241
136
11
398
-177
-236
77
-368
-184
61
-433
243
107
-102
335
22
-514
186
-272
-33
-131
-268
-45
174
137
-294
392
-441
505
558
453
48
-30
-271
-299
64
-185
157
108
39
-400
44
-325
133
-609
-532
-388
-663
132
-192
-242
-572
-55
106
-7
-530
-802
-202
-549
-850
-195
-657
-358
-765
-435
-124
-129
-26
-347
-388
-349
-104
-694
-10
-265
-555
277
268
-200
497
137
543
-198
-48
528
746
398
734
595
917
-48
371
153
405
413
524
78
48
234
466
430
644
105
390
241
422
423
96
182
-353
-75
-343
506
23
-177
203
-61
418
148
-314
444
196
191
-235
-240
-252
432
45
70
-13
-138
-153
16
353
617
599
86
383
105
-234
548
519
-135
456
-25
148
136
401
52
-197
-392
10
462
241
216
-319
444
69
115
-103
459
382
113
-221
3
3
-301
446
-243
166
-422
-332
50
-218
-571
-665
-742
-64
113
-322
81
64
47
-104
-355
-427
-106
-553
48
-558
-218
-72
-736
-642
-786
-212
-82
-504
-133
-653
-667
106
-345
46
-425
-178
123
-394
-438
142
314
-221
367
454
653
-123
-155
363
188
-190
-189
29
829
90
302
839
605
-81
13
130
-114
-40
-140
211
-317
106
-354
385
254
-267
-16
-57
-199
-415
-355
-277
-261
-258
319
146
-220
338
347
-240
-410
-152
-160
447
4
101
-154
209
416
61
-240
445
534
-181
291
292
100
-144
-188
414
-117
-185
519
73
105
445
-171
466
312
-331
-341
299
-115
-122
154
319
400
405
-75
231
-102
111
68
-216
268
-301
420
-316
-144
-495
-586
79
-322
264
-547
64
-14
-419
-179
-397
-437
-182
-733
-184
47
-239
-516
-170
-417
-166
-524
-99
-614
24
214
187
-725
197
-522
-233
-618
-428
-446
-200
-402
-211
-366
350
134
254
-229
-469
-95
-89
302
21
-199
-108
-158
231
476
20
-146
-377
-127
-26
780
115
56
1
499
-26
100
587
321
253
-48
586
276
-231
484
-360
-131
-43
97
-346
362
199
-164
541
-168
-261
-16
86
-267
193
327
-278
491
-404
14
343
-51
468
264
601
76
579
535
-319
-323
380
-268
-18
-224
273
98
-360
7
459
-333
297
-353
116
-122
-116
-179
-282
113
-197
-242
518
491
49
348
139
52
-186
103
-36
-123
174
-277
-9
-464
-100
-322
42
-75
35
-163
-81
-326
-165
-612
-96
72
-435
-31
-474
-307
60
-610
-455
-509
124
76
-59
-644
-381
-644
-313
243
-458
155
276
-30
-622
-111
-513
24
-653
35
-673
-174
98
-79
-381
-616
-386
-140
-222
-621
-72
10
-464
-268
-214
220
-85
309
-448
580
466
-102
412
331
429
384
-107
-310
280
166
640
439
712
339
-103
-167
258
100
336
-243
236
61
549
527
520
20
397
5
-193
319
-118
-436
-458
-309
342
440
-476
-370
431
-1
-88
144
-450
-187
-230
-195
34
411
254
-319
430
-278
-31
226
552
-155
-355
372
278
-111
139
-390
-98
125
-251
-276
89
-150
-49
122
428
407
-221
438
-358
-73
-391
48
-274
268
132
549
369
472
141
280
-329
136
9
326
419
-446
350
-251
118
-445
-85
-377
-229
198
66
-467
-29
238
-599
65
-367
-524
-449
-231
126
64
-275
-65
10
357
-286
180
-21
197
-39
-148
207
-205
114
-140
-104
-424
34
223
-669
-342
-687
-133
-530
-691
-452
-275
-590
-287
103
131
-645
-597
-362
-47
-638
-17
-192
76
-6
-345
-133
135
324
-233
-323
-163
-72
331
-246
64
-105
40
913
275
155
143
594
113
414
319
-45
582
609
516
443
-179
285
-40
537
-161
101
-181
344
-216
-39
441
71
362
236
245
-233
362
420
-258
-312
-331
61
558
128
-138
260
424
-283
69
102
326
106
-321
-332
92
6
265
395
-196
-530
-247
-370
-61
-471
306
-354
-222
165
-423
40
361
-275
519
283
165
-327
-153
-61
-182
418
617
745
115
-172
-123
615
227
555
485
583
-346
-79
-88
275
78
-217
423
328
398
454
-189
207
-390
-241
-92
184
-166
135
-507
-16
-144
-634
-42
190
-565
121
146
49
84
38
8
76
253
193
-372
-350
-641
-488
-506
-689
-481
-156
30
-376
96
-561
-654
-494
-801
-502
171
-260
-451
-200
-402
-367
-436
-625
-691
-714
58
-8
50
41
-49
-499
-430
232
-42
-5
435
314
619
206
666
472
456
-106
-77
631
360
7
204
650
469
407
-129
642
443
-93
-302
292
-337
468
-16
199
483
-11
-196
-251
253
-520
294
118
-53
253
-105
-293
415
26
479
-139
93
-247
-376
-247
437
-146
-191
304
160
-140
-98
107
-380
219
-301
565
-273
56
-128
522
47
-352
104
457
369
-521
-340
288
11
-361
-365
-427
-148
-293
-235
-286
-32
-40
393
497
194
-319
14
247
350
172
259
496
613
483
359
8
519
-106
-53
411
-85
147
212
406
230
268
-600
-486
-568
-356
-279
-109
79
-442
-202
-345
-396
169
260
318
-291
-116
184
-304
-242
-44
139
-270
312
-448
-402
-322
143
258
-449
-126
69
-469
-8
110
-224
292
-437
-592
-593
-58
-328
-349
-231
-408
-385
96
68
-630
-644
-606
-102
76
-292
-210
198
-136
23
-101
-299
189
-569
-519
-517
233
434
110
364
-195
295
520
486
-287
-56
68
162
455
77
137
697
252
291
305
6
667
-226
-88
272
569
595
-256
492
-296
-174
491
367
-385
-98
6
-301
495
-146
538
571
153
-77
3
-188
153
257
-384
541
-263
172
-146
-245
314
122
355
171
-30
336
-93
-52
-519
-230
-268
-455
135
198
-313
57
-536
-376
26
24
-35
-540
283
-422
186
379
-395
408
32
-66
-372
-198
518
454
464
9
336
-65
531
391
264
-198
459
-98
498
-353
472
489
-184
56
68
331
50
-139
402
-288
-297
-544
-436
170
-187
-396
368
-291
-585
177
49
76
-563
-92
-198
45
65
-379
317
-53
-337
199
-138
-79
-295
393
-276
235
-257
-374
-541
-29
-378
-422
-296
11
-240
-348
300
-238
-581
-50
-543
-512
-501
-97
169
186
130
79
-283
-628
-136
174
-99
196
202
266
68
-421
-482
151
187
-207
420
-368
-409
4
121
-282
557
287
379
-307
452
570
316
380
549
254
253
27
339
-220
-173
-152
577
638
-263
281
-140
-105
58
-354
257
5
-243
277
385
209
297
237
-196
6
287
-371
-49
-40
332
-225
440
-219
-6
-3
-174
136
206
-216
155
300
388
302
456
-294
233
38
85
400
-249
-88
46
471
-442
248
-128
244
291
250
-356
71
-522
-462
310
-68
1
-400
-471
-342
-169
127
401
-325
-90
373
-72
-291
-18
567
-362
236
-34
167
203
40
-43
-365
-151
-195
426
5
366
375
12
145
-215
-508
221
-222
-403
-517
325
-587
-430
-352
198
-96
-243
-425
-136
-206
221
257
401
-128
-256
-200
-55
27
41
-185
-507
-114
-310
22
-447
-5
29
287
287
152
308
169
136
-545
-606
-93
-70
-282
54
-620
109
-117
245
110
-663
-448
-540
-172
133
73
237
241
-409
-436
-103
-225
184
-449
-301
136
398
-261
66
314
-17
244
-10
-335
-300
-225
-227
545
398
-238
399
478
45
575
4
-149
294
-134
-300
483
16
181
-167
-226
303
95
454
219
311
-42
-68
-337
551
271
-312
-371
442
-135
567
212
-32
279
-23
293
135
279
464
-223
509
-462
-371
-120
55
-211
-25
-321
216
-224
262
-90
131
-401
-16
99
288
91
147
149
377
145
-196
-196
-103
271
-411
524
33
529
-234
1
529
-135
368
91
174
-127
300
-90
156
57
303
-237
136
-223
360
-70
381
17
-422
244
-365
-163
-509
-35
-464
-492
-77
10
-517
138
-542
-544
-558
260
-25
40
-441
-293
396
173
235
179
423
-141
445
268
274
308
-228
345
56
-79
-292
79
422
-220
128
-115
331
153
-431
341
164
-426
167
-290
189
302
-12
146
26
-235
-141
-19
159
-158
-203
-14
-295
122
-117
306
-415
138
-58
-426
-496
-335
64
435
417
220
361
172
409
168
-447
286
167
229
107
-158
-374
-414
455
438
118
-33
155
543
-219
-316
458
-54
394
-31
110
497
244
-224
522
225
540
410
-78
466
94
-20
246
-264
-328
-200
20
-259
-164
-74
-373
382
286
136
249
379
135
39
-321
-108
375
143
-282
-80
197
-491
423
43
251
-301
-125
-288
36
-527
-204
61
-366
201
204
-110
-444
268
-293
288
-144
429
156
500
-25
347
-100
-143
-11
127
290
-285
175
268
306
-31
495
-300
192
46
-314
507
-378
-164
213
331
224
261
81
415
24
413
309
-359
363
-264
-560
-283
46
-118
291
-216
42
-87
-504
-200
342
-543
-29
8
-25
125
-17
72
-556
-311
-95
175
-542
-503
102
-1
-571
-64
173
336
223
166
-395
-180
-403
-551
162
202
-70
232
-423
-153
263
117
-583
-199
-193
-32
-551
-173
235
-73
-421
274
11
274
-131
40
-186
-357
-29
-369
404
177
66
-364
277
-117
495
-149
-261
-314
310
-372
447
402
112
-66
33
189
357
-164
-328
499
-312
285
378
162
-89
-250
335
396
-116
244
90
476
407
-108
-129
398
228
96
562
16
192
462
-154
-283
-206
268
298
553
510
378
452
-421
21
175
75
265
268
-236
18
-485
371
462
340
131
-293
-427
-97
320
55
-144
-273
-359
-276
-8
-210
-38
-284
-453
-22
-305
399
-93
-238
-84
-418
339
-317
350
-396
210
387
506
211
266
167
435
344
-436
247
-97
-56
512
92
213
34
391
-331
232
417
133
420
316
-458
-319
-281
-398
-511
-131
420
-436
-450
276
-462
225
3
168
126
-184
204
-154
190
-384
-176
-250
300
337
-372
-542
60
-467
75
-38
336
109
147
-435
226
148
-55
156
228
21
-34
306
-212
-490
16
-541
-125
-230
-146
-381
-57
247
-60
-184
156
141
-153
-206
259
-486
358
206
237
124
390
88
-100
-23
-108
-223
-364
486
-292
70
-330
419
222
213
-187
-348
382
298
451
-100
-278
235
-331
172
590
440
176
431
137
-69
80
62
545
502
534
-88
-261
-375
-143
-78
158
-29
-242
-229
-433
-38
-171
356
-333
-314
-345
-219
308
-301
328
278
531
-109
90
45
193
-446
-490
155
477
465
480
-374
-496
-239
-19
111
202
219
365
246
-359
-351
68
-206
-160
235
87
-352
428
-97
410
444
285
1
2
-1
76
24
-339
66
9
-331
220
33
-55
-293
-349
-346
433
-478
407
-415
-320
-26
-134
-1
-312
437
136
-398
-180
16
-486
-426
-513
-14
44
34
-520
177
-435
-51
304
247
452
-276
431
-424
-148
345
-408
-238
436
-225
234
-202
271
-576
-258
-79
-452
88
-536
-417
177
-541
80
-257
30
106
-535
135
-415
295
-93
-434
-441
-110
-298
-21
-197
-142
301
-201
199
98
168
41
89
-515
-456
232
176
-383
421
-50
-323
100
301
333
-153
429
139
106
380
-311
312
-424
215
-355
165
-393
84
46
-9
-132
-273
-273
460
355
-267
518
106
436
-321
80
-61
-111
-301
-245
-270
62
-310
364
-356
536
500
379
-487
97
402
67
103
-120
497
464
102
-429
-462
-97
269
-380
-217
-256
437
-160
199
-246
120
295
-92
254
-235
27
68
-127
24
27
-289
1
-396
-394
-434
212
-4
-426
180
-407
-373
193
-23
386
305
252
-387
219
-430
295
454
169
65
-155
-86
333
370
474
-308
-122
-9
-103
374
87
-2
445
-190
-496
-478
-521
-419
-369
157
45
-497
-48
-209
-385
-331
-150
391
-398
-500
-53
-61
-95
-234
-200
-118
-29
196
385
371
74
-19
-111
41
316
-84
83
317
17
235
-1
-406
280
-504
-71
429
-309
304
346
-174
337
-175
296
-225
125
-375
179
-390
333
83
-496
-69
-417
-88
-507
425
364
109
272
-88
-122
-191
50
-297
-153
-481
-327
80
362
-442
-549
290
41
469
-205
-156
-328
463
-89
-495
129
83
147
412
640
205
334
457
-212
130
-42
286
548
572
518
-78
-363
-245
572
-436
-109
-368
475
532
-370
-268
-215
-291
-372
162
-293
263
-248
329
92
-266
-171
-284
-459
22
291
-66
-283
219
-132
-414
478
-157
-294
463
-135
76
-447
-232
12
-404
-81
231
-242
30
-84
29
-138
200
-158
400
381
136
-383
435
-316
437
-111
-108
108
173
-112
26
-497
113
11
-123
-325
42
112
145
88
-505
-132
380
77
330
-80
422
-1
229
297
-143
-142
426
-172
84
381
200
431
-62
-154
-186
-524
-140
438
-4
237
-403
-499
-191
218
99
-160
-372
7
431
463
437
363
-29
176
183
377
-402
176
-249
212
79
-519
178
-444
-137
-463
-405
298
-458
130
49
-357
154
398
417
-199
-223
-430
331
-281
-462
267
-408
36
-21
312
-71
85
-8
201
-180
-405
192
-495
-330
-396
-380
-132
-467
-185
-346
196
1
291
70
-48
-291
519
192
-347
-206
235
414
-109
-203
-54
-218
315
600
302
18
-81
431
-221
7
-324
-44
209
137
52
523
214
-368
-60
-19
240
442
211
227
49
236
366
-369
36
-310
-97
447
-114
-424
377
-464
-27
-296
376
168
143
503
-427
-221
35
7
-302
-313
112
137
181
-128
96
-110
-438
-425
-436
410
-261
156
-355
139
60
-35
154
-111
-30
-382
99
-143
282
-295
-198
301
-49
324
-202
136
490
398
-224
183
-231
350
-469
-204
410
-398
-277
-343
264
-147
265
-219
279
-99
180
-223
38
-235
95
-228
-64
388
-428
385
205
-137
19
198
-234
301
-112
49
166
-64
362
93
70
-375
293
-137
-3
82
184
-165
-453
-79
160
125
228
-201
-557
-289
-270
-438
-357
-519
-34
205
219
271
30
-382
-176
-295
76
-282
335
-325
-137
142
58
390
-239
-219
-234
-154
238
-547
-497
12
-176
-468
312
141
-306
-426
245
248
318
-36
40
-84
205
498
232
-154
-258
82
48
146
-224
-327
108
102
-12
386
455
-227
425
557
354
-208
-384
216
491
-152
275
177
-459
72
-343
98
474
310
15
103
-459
143
-415
11
-268
-207
77
194
238
436
-3
133
-364
-170
96
413
58
151
60
-21
447
-192
-358
480
371
-203
86
360
-391
-413
-41
-325
276
92
209
-499
365
-225
204
125
-255
-243
-162
-23
142
418
-189
-372
55
422
185
56
-260
300
-8
-427
-430
-433
440
-297
-319
-106
-162
399
452
-458
410
312
-206
92
-66
44
317
177
363
-201
-17
-375
-96
-504
-526
-516
-68
-408
179
360
-358
259
429
-452
392
-470
-100
-262
469
-117
-203
397
-271
141
33
192
-290
-109
-62
-338
284
-498
-145
-248
-438
-109
-206
60
58
-448
-22
227
306
-99
288
234
-17
-261
-487
-14
159
-158
-84
423
-460
-473
211
-163
-15
-304
45
-177
-224
-502
179
-65
-38
-475
-463
-429
-354
93
370
-494
-469
200
294
84
507
362
-396
188
-268
61
167
-168
143
-82
198
-347
154
-194
62
515
-138
-235
-44
340
-173
39
439
-33
-402
264
-69
-405
-75
-325
107
-162
424
91
412
-450
-446
-28
-243
54
246
325
100
-195
-469
-456
-302
-220
-282
84
-440
-10
-433
451
415
-364
203
-148
-252
-352
41
366
-1
-8
-6
-46
79
72
443
355
-347
226
246
346
-370
326
354
-249
-452
-387
438
-286
136
452
-426
-30
-428
306
369
-157
444
-135
-352
-118
333
158
390
-66
-282
282
-234
-114
53
-488
-345
58
231
-515
334
303
-457
154
375
61
33
423
-468
97
180
309
323
32
-361
-506
461
-510
121
284
-109
354
121
212
-228
-311
246
-35
306
46
31
215
-82
138
-66
-132
-210
-439
-135
-137
180
-424
-276
79
178
-80
105
157
-82
-253
-19
374
-329
-334
124
-37
-124
-89
-502
-243
-480
69
-492
-4
-188
87
509
186
161
-144
-429
-64
84
-43
-368
-183
386
248
529
-81
-368
135
-132
-164
306
511
362
-216
29
437
81
82
60
176
-340
410
-264
-397
55
407
5
155
-178
512
-499
-153
-247
349
-427
-266
-332
-438
213
-100
-195
-43
-149
-430
104
230
380
-407
-264
-137
179
-202
-325
335
-159
182
197
302
-202
492
301
-200
-153
-438
-357
-94
-208
-172
4
-463
248
310
-13
-401
406
-364
373
305
-269
-389
-314
440
-59
-113
290
290
-426
-2
105
-119
-13
-98
182
340
-33
327
-258
249
-362
236
288
399
59
-221
485
-64
-119
334
-266
111
428
-120
-6
-191
216
-256
-436
250
187
106
-429
-376
465
210
419
-114
-6
-369
-382
121
347
376
-9
-104
-338
-11
341
47
-178
-422
-328
-223
-4
202
115
-269
-534
207
-482
192
-155
-386
340
-161
364
303
268
-115
447
393
-481
330
324
70
-233
-494
-429
-370
96
-50
-234
313
262
291
49
-83
-439
48
-351
-389
-220
45
-229
-348
405
-353
-526
199
74
466
141
141
341
1
-259
-356
57
-126
-164
-296
368
140
-442
172
-27
153
-367
85
-251
-171
233
58
400
537
255
350
-275
256
71
316
246
-263
-24
99
240
219
238
-213
-425
-449
-33
412
155
-15
41
-417
-412
120
111
-220
394
-211
286
235
-237
-27
22
-69
-321
-456
-305
369
-278
120
-72
431
-196
-373
-322
-154
-348
120
-274
271
-425
248
345
-350
-155
-76
-101
-286
197
-327
440
446
126
-66
-151
285
-30
46
156
188
-353
-440
101
-54
-307
282
287
-173
-116
-498
-402
-40
249
436
102
-415
-148
-503
-201
-452
-334
-270
-512
295
177
-149
85
-356
393
-252
354
-427
-162
-25
32
46
-215
-138
427
219
-96
-446
-283
-298
-447
386
-154
-37
434
212
78
-327
-495
130
-475
238
-463
171
452
-501
485
361
-377
-128
-103
223
-512
231
-377
438
-11
75
-439
280
368
-291
246
-247
164
175
496
-178
433
556
457
433
272
493
141
280
543
143
131
-362
503
530
387
526
294
523
467
-209
122
-435
-401
-13
-262
301
215
407
-30
176
-341
-179
161
-435
-283
-102
507
278
-420
454
-148
159
-455
-204
113
344
-266
-162
322
-331
97
-105
-323
142
335
-117
-85
23
-238
360
-319
-94
-334
328
-45
-128
-283
-46
-354
-213
-110
-30
418
-83
257
28
-242
486
369
-414
-339
-41
-21
-153
-363
-150
255
54
371
526
-59
-406
-26
139
439
436
520
-328
-85
-308
-22
318
159
-107
-271
-80
426
-6
-101
272
48
30
-289
-496
343
-199
-197
55
317
-365
32
-293
-326
456
302
-423
356
279
-299
-282
424
145
-490
62
-488
-288
-547
414
190
-160
178
-268
366
391
-256
221
-299
54
-218
-469
212
349
-227
424
339
-393
-467
234
434
-210
-488
417
-514
-425
33
-437
-140
65
-447
-376
473
299
-70
421
275
253
212
-463
-133
-441
-359
-348
475
-33
-381
354
120
-299
139
94
23
174
35
40
288
-390
140
-328
186
206
-177
201
46
286
136
-172
45
-131
-102
451
-47
51
-396
-57
-463
-249
-177
178
-36
470
-219
503
167
342
59
-40
450
-303
139
152
411
461
-157
-57
235
469
268
-232
-178
-357
-307
260
174
-222
-324
188
3
-27
-162
436
-88
90
409
-453
-97
-65
-27
-185
97
-423
433
-26
501
-268
379
193
-338
109
422
-57
208
-428
-342
-155
-187
-206
-510
273
228
-207
181
-388
357
63
-368
-267
-520
92
37
64
156
-43
-468
154
191
413
-154
350
19
-228
-199
-262
-146
-37
87
173
268
89
-38
10
397
-344
138
272
241
293
-470
248
-84
96
-162
-399
-413
-90
298
320
-141
-323
203
421
2
-446
-304
377
43
323
112
-134
-48
-407
394
-125
-210
85
-294
-423
-97
-258
339
357
395
-265
-500
-485
183
352
408
-374
-396
158
-438
123
256
-166
83
-150
-325
-312
219
156
-167
173
573
134
-257
-243
216
179
47
90
46
-64
325
60
-19
35
-77
-126
120
-10
504
171
-413
212
440
103
499
-437
238
162
145
490
-249
142
61
-69
330
-301
-472
-198
229
23
193
-3
-474
-387
479
-91
-46
69
363
-81
-295
428
-381
-362
19
-392
-316
-254
266
332
-264
-488
-38
287
-66
-205
493
-32
99
218
494
-198
-266
-458
-68
-276
-41
401
318
-146
-147
-454
-203
-13
-296
343
124
-84
-393
-101
-247
-151
-78
231
-354
360
-478
-363
-167
128
357
-179
422
-419
-146
-153
-200
310
-258
-395
-354
80
-358
-63
-440
-161
-232
173
242
-136
-435
-510
206
-27
203
338
-174
225
-527
153
-155
322
467
-243
395
-183
105
-306
-378
339
-207
-237
-81
-58
213
-9
290
-513
-329
44
-132
-248
52
-404
252
-220
456
-398
-463
468
296
-87
318
289
203
251
-352
-151
480
-206
-288
-196
99
170
283
-152
-303
107
-136
-106
-320
266
183
261
387
-39
-429
379
99
-356
375
-82
77
216
-266
-189
-10
-98
175
-14
215
404
308
-170
92
106
186
291
-285
-445
-305
-97
329
378
-339
208
-161
-260
98
443
-120
-35
-142
464
-313
102
-220
182
-497
457
-326
228
373
494
-434
-27
108
262
-231
328
326
-26
-259
160
-140
-90
-125
204
156
480
157
-454
-52
517
509
136
118
-209
-182
119
-260
-21
-169
-402
-40
-118
50
-459
-383
295
344
411
-267
-452
34
57
-76
377
-273
-455
316
346
-442
-264
335
-464
339
-81
-202
-369
-487
15
88
-178
94
-469
191
-368
-437
298
419
403
209
-346
458
-250
221
-106
-358
468
-35
-514
336
42
-258
200
115
-380
-351
443
-218
-303
-7
409
59
-375
476
-218
-208
-425
-382
-255
-487
357
-70
-501
-361
-319
-77
-195
-329
406
-186
-468
-28
74
245
-401
210
412
-446
-499
-377
68
431
199
203
415
493
-488
511
-374
-232
-472
486
206
-459
-357
404
-27
-45
-417
-109
281
-368
383
-127
389
492
-408
317
-434
-385
457
143
-451
156
-150
470
148
-145
469
256
103
477
228
-209
496
339
-340
-64
-238
-290
295
508
-200
131
-165
-351
85
-110
421
102
-44
332
-296
-29
-49
14
-105
-448
328
-169
283
-94
-220
-24
163
-253
-203
312
172
45
-496
-52
36
-205
-421
380
-52
162
-233
-127
-224
240
-278
0
-271
188
-472
145
267
383
501
69
-192
-199
-434
491
67
-121
317
-251
433
330
207
-24
-373
282
-154
67
-63
111
435
204
-164
-359
-312
51
320
-291
-314
69
-427
-328
-367
-122
-31
-308
-139
-475
65
-318
-213
7
-488
-506
-511
-346
298
-134
252
-240
-505
214
-497
-117
408
-257
-521
268
-5
-280
-95
142
-40
90
-434
-521
348
4
-415
-20
239
-85
-464
312
-13
-390
-452
-149
30
340
159
89
129
231
522
68
496
-471
-124
40
-200
322
-301
268
-74
-209
277
-199
315
374
289
62
-198
345
-105
303
458
-69
-361
-25
-234
287
-459
366
-16
530
-96
-46
-468
249
456
-211
29
-381
519
413
-132
251
-332
-363
83
416
160
347
217
-494
103
133
-101
204
-431
128
-52
-433
-47
409
-423
334
-169
-423
50
-245
-161
-441
-142
-160
450
205
-427
-396
334
154
-480
-9
-4
237
3
-392
-118
413
325
-41
52
-211
49
-476
-287
141
375
60
234
-60
333
-407
21
-292
-53
-18
423
33
101
275
-299
130
-232
201
-127
280
317
263
201
145
-279
-248
439
278
-217
-344
-79
-346
209
-350
99
48
-258
-393
241
179
85
162
-292
-323
-76
-106
298
190
-404
-329
-31
410
427
-335
57
-344
-77
-1
435
204
151
-146
366
-129
13
-37
411
253
76
163
-59
-333
-174
145
-156
253
-453
-350
-53
-355
-181
412
-448
-253
-421
109
-98
1
-398
-172
-300
251
183
-435
-381
-310
24
-474
443
-397
192
-119
-234
-486
-476
112
272
-423
265
-280
-276
-413
-359
-213
-151
-264
412
265
253
-468
-386
476
309
321
-437
454
-458
120
-489
-489
249
229
-80
-457
280
-18
186
78
85
-21
332
348
107
-492
-334
481
-230
-393
279
-446
-331
416
-453
496
259
-365
469
315
265
488
336
23
229
-233
70
6
247
-240
-412
-167
234
410
-329
-167
413
-169
-192
-331
-78
-431
-288
81
476
-254
63
219
-135
13
21
-380
-6
-155
127
-293
100
-312
206
-161
-61
284
165
-331
191
335
1
100
-337
310
273
91
380
485
-327
362
-261
241
84
108
-242
-390
237
263
-34
-130
473
-430
69
190
-79
-483
-21
-411
-309
-322
436
205
289
-396
16
65
205
-88
66
388
-223
309
137
375
-65
413
-501
-319
184
-22
70
179
66
-350
-122
-502
-316
378
-391
-106
-430
-444
-389
378
-314
150
-40
402
-427
-460
308
-131
367
-45
-249
-192
-120
-235
2
-428
246
-428
253
-183
-269
-364
-184
-86
512
-76
307
-417
-21
414
452
157
57
-95
49
117
-70
-160
472
-216
285
-293
73
-357
-46
-441
-298
-316
-386
434
-21
-176
-445
285
226
-451
-312
12
-387
154
-87
-447
-205
454
-60
329
58
361
-340
20
-367
432
214
193
-436
-342
241
-245
-170
343
-323
301
-340
-277
76
374
-239
254
-123
-134
-99
285
-87
190
233
346
12
-215
203
171
303
333
97
11
22
161
173
-233
419
-497
-390
-402
314
-217
-162
-98
-331
109
-331
65
-504
93
-129
-71
-196
-373
-199
344
-57
-466
43
-226
398
-328
318
-49
366
24
251
317
63
400
452
-91
-287
-180
343
-85
460
-460
508
482
158
-99
-65
487
54
259
348
-487
310
-92
-197
222
93
-369
-321
-35
162
440
-212
-273
338
-264
133
-449
58
-27
-42
6
2
-47
-20
-346
349
402
-379
-117
146
462
-111
-53
-145
173
-352
434
296
-177
-110
-57
-257
159
158
-424
394
-216
-387
-66
242
60
434
-263
-495
-102
-126
338
-212
-12
-287
425
-65
88
-144
279
-249
-4
202
-467
305
-421
-33
-459
232
-384
-393
118
-106
-284
-452
-368
272
-522
-132
277
-125
243
116
168
-265
339
101
180
-66
-532
-27
202
-16
-303
260
-187
-200
-248
-117
-434
-96
27
219
331
275
303
-499
90
320
-93
-99
-270
-313
-443
438
-40
432
76
-325
-99
82
188
-362
-401
416
429
-59
-256
-293
351
-166
133
-105
-429
-20
-314
386
-8
286
213
407
-310
447
-406
-251
385
55
-323
-43
225
72
-470
-96
203
-381
-192
118
47
40
312
-117
362
-68
268
418
398
439
291
-121
213
-8
-228
391
-76
-146
-371
-201
397
-207
242
110
355
263
503
47
371
-200
-344
-89
332
457
284
181
-121
43
92
-233
-31
-132
131
-332
348
393
-452
-242
-270
-341
42
-385
-56
-225
213
-218
-479
201
319
385
-507
464
-217
313
410
-442
-12
-217
95
-428
44
-442
-65
-329
-274
-215
-433
-223
47
-200
-58
-404
-75
398
-117
-350
-308
-81
368
-471
-175
385
-484
130
216
447
212
-270
-244
-167
-173
323
-86
290
-475
173
-397
-381
474
173
-57
-57
299
397
-134
-296
-434
81
146
460
134
492
360
163
133
88
123
-141
330
389
199
-340
216
-384
456
244
291
-444
360
260
225
-203
-301
19
-311
58
214
-252
-371
-150
-304
253
-170
-457
-98
452
118
-488
-201
-64
388
485
86
94
-410
29
-174
370
75
-326
121
-210
-38
310
300
143
-141
7
382
-20
349
-429
-273
-326
-389
125
-379
224
133
-83
-342
19
-103
239
-393
-17
-235
-69
-150
335
99
466
-379
-442
272
418
197
-371
-79
80
111
-229
151
337
-55
263
-35
71
-11
-400
-512
151
125
-106
-101
241
384
168
-322
-255
20
295
-272
155
366
-485
93
87
-331
-462
-314
299
-170
363
165
306
154
-345
-99
-331
-214
-78
352
441
344
-224
208
257
476
417
-471
18
233
-219
-301
126
-179
313
-270
7
369
-63
-175
-285
-188
500
-469
477
-330
-54
-344
-39
370
-490
-95
219
-209
-384
-24
-235
-470
6
284
262
285
478
-117
-400
285
107
101
147
-462
420
356
-156
416
382
-185
-421
-178
-33
37
-312
-27
438
404
262
-450
-125
-479
-424
377
303
336
158
275
-287
254
57
319
-148
-301
352
-232
-448
-307
-320
431
3
-246
-254
466
285
-71
-67
216
-175
-314
259
193
-300
328
63
-505
156
-287
265
363
463
-184
176
-192
9
21
71
58
212
248
-16
-289
-501
230
-322
288
-338
113
4
-11
304
-230
-308
-486
-394
263
-481
273
490
300
150
465
-373
-161
-211
155
378
377
-274
105
142
231
336
159
-24
-473
-40
155
159
483
-341
-26
-238
-138
4
-114
-360
34
-334
-365
-160
328
-388
-21
-327
-95
-364
-445
-212
-131
165
431
-401
-1
90
76
27
-450
-272
-318
-469
-114
156
-208
246
-345
174
382
186
337
-485
-476
161
-377
-1
331
27
134
384
312
-501
46
240
-403
-456
-173
170
68
-123
400
252
-94
-216
-96
197
-471
62
-128
412
-254
-294
426
-229
370
-448
272
200
76
-97
85
-109
-92
-367
-368
3
-325
-40
-323
249
342
-421
-1
-254
-137
407
448
-104
-30
-180
-192
218
29
-263
-508
-99
-208
268
-392
375
-322
199
-227
94
341
-87
-395
-475
384
-208
283
235
-120
-207
-508
255
-288
453
-335
196
-214
-14
-73
331
239
-64
-252
-455
-281
-129
438
-86
-414
-275
-478
442
154
-357
481
52
-51
279
-199
346
-413
-191
118
-184
-221
297
-475
78
-205
-35
-78
-453
414
181
-397
-358
-437
-448
68
-341
-213
99
-390
450
251
-399
10
-291
388
321
-437
483
-363
189
-194
-76
-9
-164
-495
290
306
-68
343
225
-382
450
371
-315
-496
-58
-152
-206
-457
-40
-253
298
63
259
-492
-48
83
-426
-64
220
263
243
-356
-245
-419
-350
-456
387
82
388
112
199
336
-20
383
340
422
-270
-367
464
189
-121
260
-249
-365
265
201
215
338
-364
-68
98
375
74
349
453
221
391
337
-202
275
-56
495
107
420
374
-56
340
-399
73
297
284
447
54
-468
-422
-186
228
287
-354
362
-281
244
234
288
89
183
6
-23
20
305
-249
459
294
353
378
165
-206
214
265
366
9
46
312
-438
77
388
-124
-195
177
24
-334
396
-233
400
184
356
83
-310
-169
-401
492
81
-442
286
-68
436
-51
226
149
-286
95
-339
264
-94
-278
-160
-206
99
146
473
-378
311
366
-113
210
51
-256
-207
241
77
-107
232
-343
-48
18
91
-111
470
-181
-461
-315
414
-302
448
-182
-80
-213
112
-482
432
85
-357
245
-47
32
-45
-494
279
251
248
-144
-356
-19
16
100
-497
-392
489
474
-71
-470
-338
-156
-269
-389
165
155
-98
-217
180
-161
372
328
-411
-169
-134
50
-158
-351
-195
-404
13
-44
85
-466
-438
94
-349
-441
76
87
-403
247
442
-160
369
116
-496
-219
410
196
132
293
32
229
-369
410
-208
-14
-430
107
92
92
-426
-312
138
-353
293
300
-283
-119
-102
-175
-362
-151
176
-483
474
190
-194
393
-106
449
195
437
187
335
355
488
-171
433
102
429
32
183
-374
-321
339
427
486
-438
-186
-109
-105
-42
246
-423
-17
229
276
299
128
-324
253
-171
-382
-55
-331
477
-63
3
414
-456
-62
-48
232
68
136
75
-1
126
142
318
-479
-459
-219
274
-375
270
7
404
72
-362
-419
-174
-32
-297
275
143
-315
-285
-352
-398
-238
89
57
496
-341
-305
73
161
324
-284
-19
349
-239
264
122
-113
35
-368
-206
-392
-228
-123
-64
241
82
-288
-116
267
-73
32
369
190
-379
-76
185
-221
120
-242
441
-57
-25
-80
-210
236
-314
417
-375
221
-452
-82
330
-181
294
-236
-442
-127
-25
-59
-360
402
473
-492
91
-407
-69
-226
-128
-449
34
-187
-5
-492
234
287
245
421
204
370
142
252
-213
-28
-428
-417
239
-367
-41
-286
78
102
-380
54
113
213
150
-454
491
-474
-398
28
-156
102
42
-418
-108
-210
-492
-397
-334
158
362
-41
-365
440
49
380
-421
-486
-400
163
122
-272
-276
-260
446
380
-206
445
413
-98
-23
-239
-491
-475
-147
-90
-180
-136
16
-9
-473
-117
455
-335
-175
7
-452
-91
24
-349
-426
-353
-118
-199
-109
-169
-317
186
-224
-402
-409
257
-139
-399
283
215
14
-394
-418
-469
100
-389
-82
59
-220
246
-432
-168
-341
99
-10
-261
251
376
45
-352
-287
235
340
-5
339
439
-240
-292
-452
-449
432
70
-335
-479
108
273
-361
-467
-162
-73
287
-86
267
455
-480
-234
-299
280
-351
255
436
-128
-2
285
377
-155
231
-355
61
287
-297
-2
-138
-124
28
479
-343
176
-480
5
-388
317
430
390
280
459
-335
491
248
-177
254
192
206
-238
-14
92
116
-274
247
-312
-477
462
199
-104
-152
-263
-113
16
425
-82
-469
-454
-256
470
446
-466
437
-381
-467
195
-47
297
-106
-334
-433
389
268
192
-378
21
387
-348
-12
91
55
342
333
449
-136
264
-129
-100
315
121
-125
267
161
-182
393
200
-481
-149
4
-81
25
77
-186
-202
-226
-57
326
-333
101
-182
264
-338
-333
104
-384
38
-128
-6
443
-308
-380
-177
465
286
148
361
-11
170
-284
498
-407
245
78
-91
-455
356
355
372
-476
-43
-308
289
122
-139
-108
238
398
265
-268
341
459
-148
-335
423
-362
312
285
128
-18
-499
126
76
247
-296
485
292
-442
341
165
-417
-202
358
373
419
-281
-233
158
-383
-469
390
459
491
-258
-377
413
-120
435
198
-492
-83
200
135
493
-55
338
477
-263
398
318
403
480
-385
260
352
-467
477
-384
189
-408
-353
78
-450
-364
319
-328
-452
-302
-393
246
-293
24
-54
341
16
393
180
-5
-368
79
-186
-465
61
-70
297
-87
-35
276
32
-343
370
181
238
423
320
59
-403
371
259
-295
119
467
230
-434
310
-252
461
-9
244
-408
-431
-443
-372
128
-14
424
-460
450
198
71
-395
67
-249
342
-13
-431
-101
83
439
-345
287
57
-379
16
122
430
263
83
-80
6
176
-10
65
305
-381
-448
231
-337
-494
-68
239
-384
-497
-508
463
-5
-432
-131
-416
-488
30
377
75
158
-100
-295
95
-329
296
-477
187
-20
22
-242
-206
151
-180
-466
323
-163
-25
71
-37
-12
76
-63
-506
152
315
-412
175
-145
475
-241
-478
-115
-26
128
67
-220
162
-237
271
-307
33
-425
356
364
-380
190
-288
107
-228
187
-394
359
-365
-388
22
461
-290
-293
-173
-303
-23
-139
93
464
-500
-330
-246
173
-57
-465
377
486
-381
241
358
-251
-61
-422
364
219
273
479
86
416
-402
-386
384
-184
-171
-282
20
314
87
-381
285
94
-205
-455
-229
246
-413
-346
238
-287
402
102
-31
-154
187
-160
-427
-34
-174
164
-112
-70
286
-221
252
-379
4
-223
441
-404
-99
231
195
203
281
472
-48
373
-371
-306
-410
-465
301
64
-114
-10
406
-38
460
-265
-371
-150
167
417
132
-80
-460
-362
199
482
-266
-399
213
430
304
-5
403
-242
-132
-467
-48
-42
-431
-247
-479
-46
243
427
417
202
-339
-455
-448
328
461
183
-253
500
320
445
481
-448
-456
193
482
348
-315
383
-397
53
415
54
-490
482
305
-471
-66
47
455
-152
-254
-386
-109
-204
440
-149
478
-316
-153
295
-373
-173
347
-331
-483
327
-486
-299
208
-384
253
121
169
261
102
-27
289
-466
-482
243
-117
-235
358
276
62
299
-373
40
484
-24
-164
-388
305
-316
-217
324
-487
-200
-472
224
-82
284
-153
-410
47
452
67
-162
490
89
-415
-124
356
447
-344
-78
248
-214
466
235
267
-194
351
75
-5
-363
-98
13
-59
-66
-259
363
-279
92
459
273
