-1
0
0
1
0
1
0
0
1
1
1
1
0
1
-1
0
1
0
1
1
1
1
0
1
0
0
1
-1
1
0
0
0
0
1
0
0
-1
0
0
0
0
-1
0
-1
-1
-1
-1
0
-1
-1
-1
-1
-1
-1
-1
-2
-2
-2
-2
-2
-2
-2
-2
-2
-2
-2
-2
-3
-3
-3
-3
-3
-3
-3
-3
-4
-3
-4
-4
-3
-4
-4
-4
-4
-4
-4
-4
-4
-4
-4
-4
-4
-5
-4
-4
-5
-5
-5
-6
-5
-5
-5
-5
-5
-5
-5
-5
-5
-5
-5
-5
-5
-6
-6
-6
-6
-6
-6
-6
-6
-6
-7
-6
-6
-6
-6
-6
-7
-7
-6
-6
-7
-7
-7
-6
-7
-7
-7
-7
-7
-7
-8
-8
-8
-8
-8
-7
-7
-8
-7
-8
-8
-8
-8
-7
-8
-8
-8
-7
-8
-8
-8
-8
-8
-8
-8
-8
-8
-8
-8
-8
-8
-8
-8
-8
-9
-8
-9
-8
-9
-8
-8
-8
-8
-8
-8
-8
-8
-8
-8
-8
-8
-8
-8
-8
-7
-8
-7
-8
-7
-7
-7
-7
-7
-7
-7
-7
-7
-7
-7
-6
-7
-6
-7
-6
-6
-7
-6
-6
-6
-6
-6
-6
-6
-7
-7
-7
-7
-7
-6
-7
-6
-6
-6
-6
-6
-6
-6
-6
-6
-6
-6
-6
-6
-6
-6
-5
-6
-6
-5
-5
-5
-6
-5
-5
-4
-5
-5
-3
-4
-3
-4
-4
-3
-3
-3
-2
-2
-2
-2
-2
-2
-2
-2
-2
-2
-1
-2
-1
-1
-1
-1
-1
-1
-1
-1
-1
-1
-1
0
0
-1
0
0
1
1
1
1
1
1
1
1
1
1
1
1
1
1
1
1
1
1
1
1
1
1
1
1
1
1
1
1
1
2
1
1
1
1
1
1
1
1
1
1
0
1
0
1
0
-1
-1
1
-1
0
-1
-1
-1
-1
-1
-2
-1
-2
-1
-2
-2
-1
-2
-2
-2
-2
-2
-2
-2
-2
-2
-2
-2
-2
-2
-2
-2
-2
-2
-3
-2
-2
-2
-2
-3
-3
-2
-2
-2
-2
-3
-2
-2
-3
-3
-3
-3
-3
-3
-3
-3
-3
-4
-3
-4
-4
-4
-4
-4
-4
-4
-4
-5
-5
-4
-4
-5
-5
-5
-5
-6
-5
-6
-5
-6
-6
-6
-7
-6
-6
-7
-7
-7
-7
-7
-7
-8
-8
-8
-8
-8
-8
-9
-8
-8
-8
-9
-9
-9
-9
-9
-9
-9
-9
-9
-9
-9
-9
-9
-9
-9
-10
-10
-9
-10
-9
-9
-9
-10
-9
-9
-9
-9
-9
-9
-9
-9
-8
-8
-9
-9
-8
-8
-8
-8
-8
-8
-8
-8
-8
-8
-7
-8
-8
-7
-7
-7
-7
-7
-6
-7
-6
-6
-6
-6
-6
-6
-6
-6
-6
-5
-5
-5
-5
-5
-5
-4
-5
-5
-5
-5
-5
-5
-5
-5
-4
-5
-5
-4
-5
-4
-5
-5
-5
-5
-5
-5
-5
-5
-5
-5
-5
-4
-4
-5
-4
-5
-5
-5
-5
-5
-5
-5
-5
-4
-5
-4
-4
-4
-4
-3
-3
-4
-4
-3
-3
-3
-3
-3
-3
-3
-3
-2
-3
-2
-3
-2
-2
-2
-2
-2
-2
-3
-2
-2
-2
-2
-2
-1
-1
-2
-1
-1
-1
-1
0
-1
-1
-1
-1
-1
-2
-2
-1
-2
-1
-2
-1
-1
-1
-1
-2
-2
-1
-2
-1
-2
-1
-1
-2
-2
-2
-2
-1
-1
-1
-2
-1
-1
-1
-2
-2
-1
-1
-1
-2
-2
-2
-2
-2
-2
-2
-1
-2
-1
-2
-1
-1
-1
-1
-2
-2
-1
-2
-2
-2
-2
-2
-2
-2
-2
-2
-2
-2
-2
-2
-2
-2
-2
-2
-2
-2
-2
-2
-2
-2
-2
-2
-2
-2
-2
-1
-2
-2
-2
-2
-2
-2
-2
-2
-1
-2
-2
-2
-2
-1
-2
-2
-2
-2
-1
-2
-2
-2
-2
-2
-2
-2
-2
-2
-2
-2
-2
-2
-2
-2
-2
-3
-3
-3
-3
-3
-4
-3
-3
-3
-3
-4
-4
-4
-4
-4
-5
-4
-5
-5
-5
-5
-5
-5
-5
-5
-6
-5
-6
-5
-5
-6
-6
-6
-6
-6
-6
-6
-6
-6
-6
-6
-6
-6
-6
-6
-6
-6
-6
-6
-6
-5
-6
-5
-5
-5
-5
-5
-5
-5
-5
-5
-5
-5
-4
-5
-5
-5
-5
-5
-5
-5
-5
-4
-5
-5
-5
-5
-5
-5
-5
-4
-5
-4
-5
-5
-4
-5
-4
-5
-5
-4
-5
-5
-5
-5
-4
-5
-5
-5
-5
-5
-5
-6
-6
-6
-6
-6
-6
-7
-7
-7
-7
-7
-7
-8
-8
-8
-8
-8
-8
-8
-9
-9
-9
-9
-9
-10
-10
-10
-10
-10
-10
-11
-10
-10
-10
-10
-10
-10
-11
-10
-11
-10
-10
-10
-9
-9
-9
-9
-9
-8
-9
-8
-7
-8
-7
-8
-7
-7
-6
-6
-5
-5
-4
-4
-4
-4
-3
-2
-2
-2
-2
-1
0
1
1
2
2
3
3
4
4
4
5
5
6
6
6
7
7
7
7
7
8
8
8
8
8
8
8
7
8
8
8
7
7
7
6
6
5
5
5
4
4
3
3
2
1
1
-1
-1
-2
-3
-3
-4
-5
-6
-6
-7
-8
-9
-10
-10
-11
-11
-12
-14
-14
-15
-15
-16
-17
-17
-18
-18
-18
-18
-19
-19
-20
-19
-20
-20
-20
-20
-20
-20
-20
-20
-19
-19
-18
-18
-18
-17
-17
-16
-16
-15
-15
-15
-14
-14
-13
-12
-12
-11
-11
-10
-9
-8
-7
-6
-5
-3
-1
1
2
4
6
9
10
12
15
18
20
22
25
27
28
30
32
35
37
39
40
41
43
44
45
46
46
47
48
48
47
47
46
45
44
42
41
39
37
35
33
31
29
27
25
23
21
18
15
12
9
6
3
-2
-5
-10
-14
-19
-23
-27
-32
-36
-40
-45
-49
-52
-55
-59
-61
-64
-66
-68
-69
-70
-72
-72
-73
-73
-73
-73
-73
-73
-73
-73
-73
-72
-71
-70
-69
-68
-67
-66
-64
-63
-62
-60
-59
-59
-57
-56
-55
-54
-53
-52
-50
-49
-48
-46
-44
-42
-39
-36
-33
-30
-26
-21
-16
-11
-5
3
10
16
24
30
38
45
52
58
64
70
75
80
84
87
90
91
93
93
94
94
93
92
91
90
88
86
83
80
78
75
71
67
64
60
57
54
51
48
46
43
41
39
38
37
35
35
33
33
31
31
30
28
27
26
24
21
18
14
10
6
2
-4
-8
-11
-14
-17
-20
-21
-24
-26
-29
-31
-35
-38
-41
-45
-48
-52
-56
-60
-64
-68
-71
-74
-78
-80
-82
-84
-86
-87
-89
-91
-92
-94
-95
-96
-97
-98
-99
-101
-101
-103
-105
-106
-108
-110
-111
-113
-114
-115
-116
-115
-115
-114
-112
-110
-107
-104
-100
-95
-90
-82
-73
-63
-54
-43
-31
-16
-1
16
32
46
62
77
91
104
114
125
133
138
142
146
149
149
150
150
148
146
145
143
142
140
136
132
128
125
123
117
110
105
99
94
86
79
72
63
56
49
41
33
26
22
17
12
10
8
7
7
8
8
9
11
14
17
17
18
19
19
20
19
16
13
9
6
2
-3
-7
-11
-13
-15
-16
-17
-18
-19
-21
-24
-26
-29
-32
-35
-40
-45
-49
-54
-58
-62
-67
-72
-77
-81
-86
-91
-96
-102
-106
-111
-116
-120
-126
-129
-133
-137
-140
-144
-147
-150
-153
-155
-157
-158
-159
-159
-158
-157
-155
-152
-147
-141
-135
-128
-121
-112
-100
-86
-72
-60
-45
-28
-7
15
36
56
75
96
116
132
146
158
169
176
181
183
185
185
184
182
176
170
166
161
157
152
147
141
133
128
124
119
109
100
94
86
77
67
59
49
40
31
22
13
6
1
-3
-8
-12
-12
-10
-8
-5
-1
3
8
13
20
26
28
31
34
36
36
35
34
29
24
18
12
3
-4
-7
-10
-13
-14
-13
-11
-9
-9
-10
-14
-17
-22
-28
-35
-45
-53
-59
-65
-71
-78
-85
-92
-98
-105
-113
-121
-131
-139
-147
-154
-162
-167
-172
-177
-180
-185
-189
-193
-196
-199
-203
-207
-209
-210
-208
-206
-201
-196
-188
-177
-166
-153
-140
-126
-109
-90
-69
-49
-29
-10
14
41
67
92
115
136
159
179
195
209
221
233
239
241
242
241
239
235
229
221
210
204
196
185
177
168
155
142
129
120
110
94
79
67
56
42
29
18
4
-9
-20
-32
-41
-46
-49
-50
-52
-50
-42
-33
-23
-12
2
13
26
38
52
63
71
78
86
90
94
96
98
94
90
86
75
65
50
37
23
9
-2
-6
-7
-5
-2
1
3
3
0
-7
-19
-34
-49
-65
-80
-95
-106
-116
-124
-132
-140
-148
-156
-166
-176
-187
-199
-209
-216
-221
-226
-228
-229
-229
-229
-229
-229
-232
-237
-241
-244
-247
-249
-246
-241
-232
-220
-205
-185
-163
-139
-113
-87
-59
-25
10
41
68
95
126
156
186
211
227
245
262
275
283
286
291
292
287
284
277
273
268
260
251
237
221
209
195
180
163
144
122
99
81
67
46
23
2
-17
-32
-51
-68
-82
-97
-107
-115
-123
-124
-118
-106
-94
-82
-65
-41
-14
14
39
61
81
102
124
141
152
160
166
169
171
170
166
160
154
147
135
121
109
94
78
56
32
10
-12
-29
-43
-57
-72
-82
-86
-90
-93
-97
-106
-117
-129
-140
-154
-168
-180
-188
-198
-207
-215
-220
-225
-230
-236
-246
-256
-260
-262
-266
-272
-276
-274
-272
-269
-267
-265
-265
-264
-260
-258
-256
-253
-247
-237
-223
-205
-182
-154
-122
-87
-53
-17
25
73
118
157
186
215
253
287
314
329
334
344
353
356
350
342
336
325
310
295
274
260
246
226
205
178
154
134
111
95
68
37
9
-19
-37
-55
-82
-108
-131
-144
-151
-163
-168
-171
-167
-152
-141
-121
-92
-55
-13
22
61
103
147
195
231
255
274
287
298
303
298
283
261
239
217
193
167
138
111
87
60
36
16
-2
-16
-31
-50
-69
-86
-96
-103
-118
-134
-149
-159
-163
-166
-172
-179
-183
-182
-180
-181
-181
-182
-181
-181
-185
-190
-196
-202
-206
-216
-232
-249
-262
-271
-281
-293
-308
-323
-332
-341
-345
-351
-359
-359
-357
-351
-341
-326
-304
-276
-240
-198
-155
-105
-48
8
63
121
184
247
308
356
393
433
471
504
524
525
520
511
497
472
440
405
366
320
275
224
179
137
95
58
12
-27
-63
-98
-116
-137
-161
-181
-203
-209
-207
-203
-198
-196
-179
-153
-127
-92
-56
-16
38
92
147
200
253
310
359
402
429
440
449
445
423
389
340
282
223
162
99
32
-27
-75
-115
-141
-160
-171
-169
-159
-145
-126
-106
-86
-66
-46
-31
-26
-19
-12
-10
-10
-13
-23
-32
-37
-44
-57
-73
-91
-109
-128
-149
-174
-199
-225
-254
-284
-315
-346
-373
-396
-418
-442
-463
-476
-479
-470
-462
-458
-446
-428
-403
-368
-338
-310
-282
-250
-214
-172
-129
-81
-29
26
85
143
198
248
304
375
442
492
517
527
550
571
580
562
508
452
396
337
268
187
108
40
-29
-92
-148
-187
-203
-211
-205
-202
-201
-179
-144
-99
-54
-30
-9
13
46
84
106
124
134
148
173
192
207
233
265
297
318
325
333
340
351
344
307
257
196
144
98
37
-30
-93
-142
-172
-190
-193
-187
-167
-131
-91
-53
-12
33
82
122
142
146
146
148
148
136
111
73
35
10
-16
-46
-80
-114
-143
-170
-194
-216
-235
-249
-263
-282
-305
-326
-337
-340
-347
-363
-389
-411
-422
-425
-427
-432
-442
-445
-438
-420
-398
-373
-344
-316
-285
-257
-226
-194
-169
-153
-145
-139
-115
-78
-27
27
80
132
194
276
362
442
504
539
547
551
550
536
504
449
378
293
211
139
76
29
-19
-68
-111
-141
-144
-124
-91
-61
-42
-22
5
38
77
114
134
140
137
134
138
149
165
171
172
168
167
179
199
216
228
232
220
203
190
176
158
130
90
42
-3
-32
-52
-59
-65
-69
-67
-51
-23
16
61
99
126
150
171
186
199
203
193
169
137
101
64
35
3
-33
-69
-105
-134
-149
-153
-159
-172
-175
-178
-185
-182
-175
-183
-201
-218
-242
-268
-288
-303
-328
-354
-375
-391
-404
-418
-418
-418
-421
-421
-413
-399
-379
-358
-333
-316
-296
-272
-250
-224
-204
-189
-175
-150
-102
-31
33
105
176
279
392
469
505
513
535
552
521
454
360
276
221
156
78
-5
-45
-59
-66
-70
-68
-53
-17
23
60
89
97
115
140
167
179
169
158
153
163
171
156
142
137
142
154
136
108
93
86
74
45
13
-4
5
28
37
29
39
67
111
146
154
151
155
164
168
156
137
118
107
103
91
82
83
96
116
120
109
101
99
99
87
59
17
-19
-36
-48
-65
-83
-95
-96
-89
-84
-84
-87
-88
-95
-117
-154
-193
-224
-247
-273
-308
-343
-365
-371
-375
-387
-406
-426
-437
-446
-462
-481
-493
-489
-472
-453
-438
-412
-368
-321
-279
-253
-234
-215
-194
-190
-208
-228
-212
-147
-48
60
156
252
372
504
610
664
659
607
530
430
306
169
39
-68
-156
-210
-233
-210
-144
-48
50
129
198
266
327
375
387
360
324
289
265
241
216
192
175
168
161
151
141
126
100
64
11
-42
-84
-109
-122
-114
-84
-34
41
131
220
304
374
416
425
403
349
267
171
67
-42
-134
-196
-223
-213
-171
-107
-26
70
164
234
278
290
270
227
162
82
2
-68
-121
-152
-159
-142
-104
-54
-6
28
48
51
31
-10
-70
-147
-225
-296
-356
-402
-428
-438
-436
-428
-425
-432
-449
-466
-486
-512
-533
-556
-573
-556
-514
-451
-379
-320
-273
-233
-200
-179
-182
-215
-271
-308
-279
-192
-69
57
175
308
455
588
661
653
591
490
361
214
58
-78
-162
-197
-199
-166
-91
23
161
292
379
418
435
439
427
394
338
276
236
233
249
273
298
315
324
318
281
215
135
41
-64
-168
-257
-311
-308
-248
-147
-22
120
274
426
557
629
633
571
454
302
125
-58
-224
-352
-428
-445
-399
-296
-152
7
156
275
360
406
402
347
249
131
13
-86
-155
-192
-192
-162
-109
-43
23
77
106
105
73
16
-51
-118
-180
-230
-264
-281
-273
-249
-222
-207
-221
-261
-325
-399
-482
-571
-657
-725
-768
-770
-730
-656
-560
-461
-376
-311
-263
-235
-237
-275
-347
-442
-511
-491
-364
-169
45
206
346
498
641
741
733
619
435
222
27
-137
-236
-273
-254
-203
-116
33
216
403
554
618
604
555
483
418
367
309
257
232
255
323
407
475
489
456
380
269
133
-18
-159
-297
-397
-442
-414
-293
-103
109
308
483
618
711
743
681
538
326
91
-133
-310
-423
-479
-470
-412
-299
-147
17
168
265
300
279
222
146
63
-17
-92
-144
-160
-134
-76
-5
59
97
108
91
54
4
-54
-116
-171
-202
-201
-165
-110
-52
-10
12
12
-20
-86
-190
-316
-449
-572
-665
-727
-748
-738
-698
-634
-561
-482
-414
-363
-340
-351
-384
-428
-469
-513
-565
-616
-612
-482
-247
27
249
374
480
586
663
660
530
332
122
-63
-196
-268
-260
-182
-63
57
177
317
457
570
623
585
490
392
319
313
339
370
414
472
558
646
688
656
549
391
193
-12
-202
-343
-416
-432
-389
-279
-93
149
392
577
676
705
670
581
437
242
34
-159
-304
-379
-380
-316
-223
-121
-29
45
103
131
121
69
-7
-80
-128
-135
-112
-71
-29
13
51
81
88
66
13
-58
-129
-190
-223
-222
-190
-138
-72
-3
58
103
119
96
41
-43
-138
-232
-319
-393
-451
-491
-517
-533
-543
-544
-534
-524
-519
-521
-523
-518
-505
-490
-475
-461
-465
-488
-527
-542
-459
-258
-22
156
218
292
423
583
631
475
263
55
-78
-182
-272
-276
-217
-104
-25
84
250
433
558
543
492
451
457
446
451
480
552
638
671
714
744
739
637
421
181
-28
-164
-296
-383
-394
-310
-111
102
323
517
675
740
702
597
443
289
109
-84
-226
-286
-255
-191
-119
-60
-5
33
26
-11
-68
-116
-164
-203
-218
-182
-107
-24
29
45
45
27
-14
-79
-160
-231
-280
-305
-310
-278
-216
-150
-94
-64
-33
-9
0
-32
-81
-128
-163
-187
-224
-251
-277
-301
-343
-401
-440
-473
-502
-537
-562
-566
-540
-495
-470
-435
-426
-442
-477
-520
-533
-438
-248
-53
119
192
300
431
517
520
360
189
-4
-137
-247
-307
-238
-177
-66
5
110
260
362
405
352
318
288
285
295
354
480
609
717
763
825
845
792
632
391
182
-1
-124
-233
-268
-194
-72
127
298
466
608
664
648
536
424
304
180
58
-56
-91
-77
-27
5
18
31
17
-10
-64
-103
-118
-118
-125
-125
-100
-60
-21
-24
-57
-101
-140
-185
-224
-248
-257
-250
-251
-253
-245
-228
-221
-224
-234
-230
-209
-185
-166
-148
-132
-126
-153
-199
-250
-289
-334
-384
-427
-440
-422
-409
-405
-414
-411
-397
-391
-408
-447
-474
-474
-463
-461
-492
-422
-214
58
278
348
398
474
540
510
312
130
-35
-128
-226
-274
-177
-58
72
111
161
247
308
290
205
186
212
245
250
318
470
633
722
692
691
673
635
479
269
134
40
-1
-62
-62
49
189
335
392
446
500
515
472
359
293
243
213
153
110
105
116
95
32
-20
-40
-41
-57
-85
-70
-30
11
13
-3
-16
-36
-71
-135
-185
-209
-210
-219
-221
-219
-209
-219
-251
-289
-320
-334
-351
-355
-343
-305
-254
-210
-188
-178
-198
-231
-296
-356
-393
-421
-425
-452
-458
-440
-414
-391
-403
-415
-429
-429
-417
-420
-449
-537
-618
-653
-545
-273
8
230
379
535
677
749
628
409
178
-14
-160
-297
-281
-143
43
167
219
276
308
346
258
162
149
134
177
213
346
532
667
702
662
637
592
497
305
143
43
4
-31
-44
31
162
311
369
380
397
406
403
334
268
258
253
253
198
161
131
96
28
-50
-81
-71
-39
-24
7
54
102
94
47
-15
-60
-96
-139
-179
-186
-165
-151
-159
-184
-204
-231
-262
-316
-356
-374
-361
-339
-310
-268
-223
-196
-193
-215
-244
-287
-338
-388
-423
-434
-430
-425
-440
-459
-500
-522
-539
-532
-508
-485
-457
-468
-479
-506
-533
-536
-475
-275
-17
320
544
676
670
536
404
180
14
-162
-274
-268
-188
34
216
395
463
411
356
224
165
137
170
240
341
451
569
688
727
747
649
530
384
244
174
103
96
72
84
135
191
293
321
347
341
308
322
297
319
318
312
271
202
131
58
5
-62
-100
-117
-94
-40
13
64
91
95
60
6
-40
-84
-105
-136
-155
-161
-156
-146
-162
-190
-239
-277
-315
-334
-334
-313
-291
-274
-260
-236
-198
-177
-176
-211
-263
-323
-375
-413
-436
-451
-461
-456
-431
-399
-379
-391
-429
-466
-480
-467
-469
-491
-528
-560
-551
-496
-341
-142
122
375
502
548
412
302
156
50
-46
-155
-154
-88
70
225
324
383
322
235
116
44
69
149
269
380
515
604
702
706
700
643
548
465
347
322
283
290
260
204
196
187
223
247
251
286
294
340
359
385
405
382
337
240
167
96
57
7
-34
-70
-83
-77
-68
-49
-43
-42
-59
-82
-84
-86
-81
-92
-118
-139
-167
-183
-210
-241
-283
-331
-369
-388
-389
-374
-355
-327
-294
-256
-221
-200
-198
-232
-289
-361
-410
-422
-419
-409
-392
-386
-382
-395
-419
-424
-432
-436
-463
-486
-510
-498
-471
-438
-412
-340
-210
-14
255
439
534
465
258
111
-43
-58
-85
-78
-39
22
156
233
303
292
212
126
32
14
98
232
369
476
522
525
531
495
516
493
494
455
415
414
375
364
277
202
154
137
176
219
280
344
369
399
379
388
366
332
270
214
175
157
153
116
88
27
-14
-54
-62
-55
-48
-49
-72
-95
-107
-118
-128
-152
-175
-197
-208
-214
-224
-244
-278
-332
-390
-435
-456
-439
-404
-364
-328
-302
-291
-296
-300
-328
-348
-387
-418
-424
-402
-376
-383
-401
-432
-451
-456
-472
-483
-486
-477
-462
-443
-436
-422
-415
-385
-281
-99
208
487
632
612
395
223
46
-3
-20
-14
53
93
187
233
288
286
224
117
16
-29
58
206
392
532
592
542
491
409
431
458
504
530
504
503
433
394
308
226
168
113
126
159
232
307
341
361
327
295
250
231
223
245
254
245
229
184
149
91
36
-4
-28
-10
-7
9
-8
-36
-68
-120
-147
-181
-184
-191
-179
-177
-188
-222
-276
-334
-392
-424
-435
-422
-379
-342
-301
-281
-282
-301
-344
-382
-430
-431
-440
-417
-405
-400
-393
-421
-442
-477
-495
-492
-490
-474
-485
-489
-509
-509
-491
-471
-410
-297
-90
211
479
602
574
373
227
78
47
47
111
211
282
333
297
268
216
163
111
49
37
95
226
393
518
573
491
438
341
400
448
556
633
639
640
515
434
309
263
226
197
196
179
220
244
258
273
220
187
116
105
120
189
248
261
247
155
100
25
5
9
21
46
28
12
-40
-82
-132
-185
-202
-233
-221
-211
-188
-168
-186
-227
-317
-389
-443
-445
-410
-368
-321
-304
-303
-338
-375
-398
-414
-412
-419
-398
-387
-354
-363
-389
-419
-461
-485
-519
-540
-521
-484
-449
-463
-513
-568
-598
-590
-533
-380
-187
100
337
476
513
374
265
133
127
143
194
264
296
369
336
291
191
97
58
39
62
124
228
351
439
507
444
430
346
391
452
571
680
696
708
580
488
354
281
266
257
290
279
288
288
246
244
166
143
101
109
135
182
237
236
233
143
75
2
-32
-14
15
63
66
45
-12
-90
-140
-204
-203
-217
-201
-188
-197
-190
-230
-263
-329
-389
-443
-467
-440
-404
-347
-328
-331
-355
-397
-419
-463
-475
-446
-383
-313
-293
-304
-361
-398
-451
-474
-472
-464
-442
-434
-434
-454
-491
-553
-596
-616
-595
-501
-350
-127
178
372
499
428
302
197
142
176
220
326
392
459
445
372
293
199
132
90
47
67
109
212
295
389
398
375
336
303
382
472
627
706
754
719
613
510
400
378
366
377
353
310
299
255
245
195
136
99
64
73
95
163
202
237
207
129
66
-5
-8
9
54
82
77
35
-41
-100
-164
-189
-207
-218
-201
-206
-200
-221
-245
-290
-343
-402
-460
-463
-452
-397
-361
-342
-355
-394
-441
-486
-497
-483
-439
-399
-367
-349
-352
-369
-402
-438
-459
-460
-439
-419
-396
-407
-427
-483
-546
-592
-590
-489
-328
-113
100
247
336
298
230
166
156
203
259
344
409
496
512
482
405
311
226
151
102
112
169
259
310
347
322
294
258
243
304
392
523
593
647
635
595
538
464
434
417
425
417
387
370
325
295
236
166
112
66
61
65
104
129
155
143
91
41
-16
-28
-23
8
35
44
31
-18
-71
-126
-166
-188
-204
-196
-196
-182
-192
-215
-251
-308
-362
-420
-449
-455
-432
-403
-382
-382
-411
-448
-486
-499
-492
-474
-465
-462
-456
-439
-411
-387
-379
-391
-418
-456
-481
-500
-498
-482
-483
-497
-508
-476
-370
-225
-45
79
171
199
152
124
92
151
225
312
362
395
425
423
437
410
379
332
256
197
167
204
260
317
347
325
316
271
276
305
383
472
515
543
505
497
466
454
451
450
458
440
414
373
342
327
294
257
196
141
96
71
73
79
102
96
74
33
-7
-21
-32
-15
-19
-16
-38
-67
-103
-126
-142
-156
-169
-188
-208
-213
-228
-238
-257
-286
-323
-369
-407
-429
-425
-411
-392
-381
-389
-401
-436
-459
-481
-482
-477
-469
-464
-455
-445
-435
-424
-424
-426
-434
-440
-440
-442
-437
-446
-467
-484
-454
-362
-231
-79
47
134
205
187
163
127
123
173
226
278
321
393
443
498
508
477
430
342
260
202
199
237
287
336
350
358
341
313
315
319
360
369
385
383
399
430
449
475
479
491
470
442
403
367
358
340
326
294
263
229
192
157
115
92
63
34
8
-20
-18
-23
-9
-11
-18
-38
-72
-108
-143
-160
-177
-180
-181
-186
-180
-189
-202
-225
-256
-294
-336
-371
-397
-400
-396
-381
-373
-370
-375
-391
-414
-442
-469
-486
-494
-508
-509
-507
-488
-464
-442
-428
-420
-411
-417
-422
-440
-453
-461
-469
-459
-403
-308
-180
-42
56
145
195
199
194
176
176
201
224
249
296
360
428
500
539
543
524
458
379
305
259
237
244
252
265
296
315
346
368
384
386
361
317
267
238
230
250
282
331
387
426
452
453
445
430
393
344
280
228
185
165
147
145
147
139
123
87
46
6
-34
-69
-101
-126
-146
-153
-157
-148
-137
-134
-140
-157
-181
-204
-227
-247
-268
-280
-299
-311
-321
-324
-320
-314
-317
-326
-344
-365
-386
-405
-421
-437
-452
-467
-480
-487
-484
-474
-462
-451
-450
-447
-448
-439
-433
-427
-425
-427
-432
-432
-420
-379
-313
-230
-131
-48
43
122
174
232
263
290
307
308
306
315
342
379
432
481
518
549
555
541
520
484
439
387
329
270
235
211
207
230
252
281
296
299
283
269
240
212
187
167
160
163
179
215
262
313
356
379
387
378
347
304
250
188
131
78
30
1
-16
-16
-10
0
-1
-7
-27
-61
-100
-146
-196
-239
-279
-301
-309
-305
-285
-263
-241
-224
-220
-225
-238
-255
-280
-302
-328
-349
-356
-356
-342
-320
-296
-275
-261
-258
-269
-285
-307
-333
-361
-390
-412
-423
-419
-402
-378
-346
-320
-299
-288
-288
-297
-308
-319
-324
-321
-306
-268
-214
-131
-42
49
141
217
288
343
378
399
408
414
411
410
414
422
449
479
506
533
548
551
549
529
495
456
400
347
296
247
207
175
152
134
125
112
106
105
104
106
106
102
103
108
117
129
143
158
173
183
188
189
183
173
158
134
103
70
36
3
-26
-58
-85
-108
-125
-137
-141
-145
-148
-154
-166
-183
-206
-227
-246
-263
-275
-285
-291
-290
-283
-272
-260
-251
-241
-234
-228
-225
-220
-215
-208
-201
-196
-191
-190
-188
-186
-186
-188
-195
-205
-213
-220
-225
-228
-229
-228
-226
-226
-228
-231
-236
-244
-258
-274
-290
-294
-283
-255
-214
-167
-116
-62
2
66
128
185
230
266
290
303
313
325
343
362
378
390
400
416
436
456
471
475
468
452
430
403
374
341
306
262
217
170
130
98
77
60
43
29
20
20
30
44
60
74
82
89
91
93
92
88
77
60
39
19
6
-2
-4
-5
-6
-11
-19
-31
-47
-71
-98
-131
-163
-190
-208
-216
-218
-215
-212
-209
-207
-204
-202
-203
-208
-214
-221
-226
-226
-219
-209
-195
-179
-161
-146
-131
-116
-105
-99
-100
-104
-111
-119
-126
-133
-136
-140
-142
-144
-145
-146
-147
-149
-153
-160
-169
-180
-195
-211
-229
-249
-262
-265
-255
-234
-210
-182
-149
-105
-55
0
50
94
135
167
194
216
238
261
283
299
311
319
330
346
363
375
382
382
379
376
372
365
352
334
307
276
241
206
173
144
114
85
58
41
33
35
42
48
54
61
68
74
77
76
70
60
45
28
13
5
1
-4
-9
-17
-27
-36
-45
-56
-73
-91
-112
-131
-143
-150
-152
-152
-150
-150
-149
-144
-139
-136
-134
-134
-137
-141
-142
-139
-134
-130
-128
-123
-118
-111
-104
-99
-95
-93
-92
-93
-92
-89
-84
-83
-81
-81
-79
-78
-76
-77
-80
-85
-94
-106
-119
-132
-147
-163
-182
-201
-222
-239
-251
-251
-244
-233
-215
-200
-176
-140
-101
-55
-14
25
63
98
129
154
179
202
220
235
240
246
254
265
276
282
284
286
289
293
300
300
299
291
279
263
244
224
203
183
162
140
123
112
108
106
102
99
94
88
85
80
73
63
53
42
33
27
20
15
11
3
-8
-21
-33
-47
-63
-80
-95
-109
-118
-124
-126
-124
-119
-113
-108
-101
-96
-95
-93
-94
-97
-99
-103
-109
-114
-115
-118
-118
-117
-115
-112
-110
-108
-107
-104
-102
-100
-99
-97
-95
-95
-93
-92
-91
-90
-91
-93
-98
-102
-109
-116
-124
-135
-147
-160
-173
-187
-201
-217
-233
-245
-255
-252
-246
-239
-222
-211
-182
-149
-110
-64
-26
15
52
86
119
145
171
191
205
214
217
221
226
231
233
230
225
226
227
232
241
244
246
245
245
243
242
241
235
226
214
199
185
170
157
139
120
102
87
76
68
61
57
51
46
43
41
42
39
33
27
16
5
-7
-19
-31
-43
-57
-71
-80
-86
-91
-93
-97
-101
-102
-101
-101
-103
-104
-102
-102
-103
-103
-105
-106
-106
-105
-108
-108
-108
-108
-109
-110
-111
-113
-113
-114
-114
-111
-110
-110
-110
-106
-104
-105
-106
-108
-110
-113
-117
-123
-131
-140
-148
-159
-171
-182
-194
-209
-225
-241
-253
-257
-251
-244
-231
-215
-200
-163
-125
-80
-34
5
46
85
123
157
185
211
229
243
250
252
257
258
258
252
241
229
225
223
227
230
228
232
234
242
246
250
251
248
243
233
220
206
189
175
154
133
111
94
83
75
70
66
66
68
72
74
73
70
64
56
46
36
24
9
-7
-21
-35
-49
-62
-73
-83
-95
-107
-115
-120
-123
-125
-128
-125
-117
-115
-113
-112
-111
-112
-111
-112
-116
-119
-123
-126
-130
-134
-135
-138
-139
-138
-136
-134
-129
-123
-121
-116
-112
-115
-116
-118
-124
-130
-137
-149
-160
-170
-183
-198
-212
-227
-243
-262
-280
-293
-298
-288
-274
-258
-234
-212
-168
-119
-64
-11
33
81
125
168
205
233
259
277
292
296
294
293
292
287
278
263
247
240
237
238
239
234
236
236
242
244
241
238
230
223
212
199
183
166
156
139
123
107
94
87
83
78
73
71
74
77
80
77
74
69
66
56
42
26
11
-4
-19
-35
-56
-74
-90
-106
-118
-131
-136
-142
-148
-153
-159
-159
-154
-149
-146
-148
-150
-153
-155
-156
-158
-161
-166
-171
-174
-177
-180
-181
-180
-176
-173
-175
-173
-169
-164
-159
-158
-160
-163
-167
-173
-183
-195
-211
-226
-242
-259
-279
-298
-316
-335
-350
-351
-340
-323
-294
-271
-234
-181
-120
-46
17
75
132
183
235
274
307
330
345
356
353
351
346
344
343
335
324
315
311
313
323
320
317
309
301
294
279
261
231
202
172
139
114
89
77
65
61
63
64
81
101
122
141
153
161
167
171
167
150
127
102
78
51
26
3
-16
-27
-34
-40
-44
-41
-44
-47
-58
-73
-89
-106
-122
-145
-166
-185
-199
-206
-214
-222
-227
-230
-226
-222
-217
-214
-213
-211
-208
-204
-201
-199
-194
-194
-196
-200
-205
-211
-215
-222
-231
-241
-247
-254
-257
-265
-276
-285
-300
-314
-331
-353
-366
-382
-385
-367
-354
-308
-261
-220
-139
-81
5
89
151
223
268
319
357
379
410
412
423
424
416
422
417
426
432
430
434
436
431
439
434
418
399
361
325
272
227
174
113
69
15
-18
-41
-47
-31
-20
23
60
101
158
200
241
268
281
281
266
245
213
171
128
88
49
21
1
-10
-13
-10
-1
1
8
6
-5
-20
-50
-83
-127
-171
-216
-263
-301
-330
-353
-362
-366
-361
-351
-332
-312
-292
-270
-255
-241
-236
-237
-241
-252
-259
-267
-283
-293
-306
-310
-313
-313
-309
-313
-314
-322
-335
-347
-370
-397
-423
-441
-447
-427
-404
-381
-325
-277
-192
-90
-21
73
131
196
258
293
331
339
359
373
375
393
396
427
467
501
536
556
574
598
609
598
575
517
461
393
321
248
165
101
32
-13
-48
-72
-66
-57
-28
-5
14
47
73
116
143
163
172
175
191
196
203
207
207
210
216
216
215
216
211
202
179
152
115
80
48
5
-37
-81
-118
-143
-171
-187
-208
-228
-243
-261
-281
-304
-329
-355
-382
-405
-427
-438
-439
-429
-412
-390
-361
-327
-294
-260
-242
-238
-240
-254
-275
-307
-343
-382
-413
-440
-459
-474
-485
-480
-481
-486
-471
-440
-397
-320
-288
-255
-187
-152
-47
15
41
106
111
170
213
243
305
338
416
461
506
563
596
663
686
692
668
621
581
545
503
448
401
339
307
282
266
252
221
200
151
111
55
-2
-39
-81
-94
-127
-129
-103
-49
39
109
176
238
292
344
367
356
328
292
239
201
158
123
120
120
136
146
159
169
172
161
120
59
-16
-90
-158
-223
-280
-321
-349
-352
-342
-325
-312
-301
-300
-316
-337
-373
-404
-436
-456
-466
-466
-440
-403
-352
-299
-257
-237
-236
-247
-273
-320
-372
-429
-488
-525
-555
-567
-561
-552
-528
-505
-426
-355
-256
-183
-191
-118
-126
-60
10
-12
63
61
129
207
263
383
452
572
633
657
678
662
690
673
646
579
521
478
470
489
480
503
480
456
419
357
310
223
155
49
-43
-116
-172
-168
-158
-103
-69
-33
15
50
114
145
176
183
178
187
197
222
247
278
286
296
296
284
281
250
223
180
127
93
54
39
25
20
4
-22
-46
-88
-120
-162
-216
-269
-327
-364
-388
-394
-389
-382
-370
-363
-352
-356
-357
-363
-373
-378
-390
-391
-384
-369
-341
-333
-325
-337
-351
-367
-389
-410
-442
-473
-512
-549
-569
-576
-586
-571
-526
-445
-340
-250
-227
-153
-117
-31
43
26
69
78
150
241
297
389
467
571
645
660
666
636
661
656
646
596
559
551
553
584
555
539
488
429
358
260
184
100
46
-2
-58
-82
-117
-105
-100
-84
-85
-100
-96
-80
-35
1
48
96
148
196
236
261
283
301
287
269
245
228
242
241
240
228
199
180
148
109
65
23
-20
-60
-95
-129
-152
-164
-184
-212
-259
-306
-342
-370
-384
-405
-411
-419
-408
-396
-386
-366
-362
-352
-351
-362
-355
-356
-335
-322
-331
-336
-354
-358
-371
-397
-416
-438
-455
-470
-507
-528
-560
-570
-561
-486
-382
-269
-197
-212
-187
-164
-91
1
0
49
100
177
303
359
459
525
605
634
611
580
575
636
705
739
720
679
645
617
600
542
501
447
373
321
241
209
176
154
101
16
-79
-154
-190
-193
-172
-163
-158
-137
-115
-61
-26
15
56
89
119
137
175
218
289
314
310
293
264
268
273
279
279
266
249
218
181
138
104
70
26
-21
-80
-119
-143
-159
-187
-231
-281
-330
-365
-388
-395
-394
-387
-387
-396
-410
-410
-408
-397
-387
-380
-367
-345
-316
-290
-286
-297
-324
-338
-355
-356
-369
-385
77
-842
-439
-35
-611
-74
-381
-1009
-430
-617
249
-457
-348
46
-457
-387
-164
-355
303
395
503
709
315
647
413
525
382
680
133
576
415
318
855
931
1085
984
681
667
1007
224
866
840
217
-78
358
291
92
-376
276
-407
131
-84
-584
-372
-343
-175
26
-92
-525
220
-408
-114
413
245
-390
394
234
403
182
319
611
-23
191
-50
197
-116
587
618
-170
264
-314
540
-230
-323
-316
-79
24
277
-556
88
16
-532
-687
-262
23
-715
-486
-377
-38
-107
-442
-436
-415
-398
-382
-380
-375
-367
-352
-335
-314
-309
-311
-329
-346
-348
-345
-338
-337
-357
-388
-425
-468
-492
-517
-520
-451
-306
-202
-127
-247
-366
-388
-312
-81
69
146
135
118
101
146
228
362
529
624
587
533
467
542
654
751
754
677
613
527
578
574
638
626
551
421
290
231
237
261
225
140
28
-76
-132
-148
-138
-117
-149
-180
-236
-219
-172
-92
-45
-48
-53
-63
-4
45
132
200
231
206
165
154
193
263
298
314
270
219
176
163
170
184
157
122
54
-12
-60
-77
-82
-106
-151
-206
-262
-310
-330
-334
-328
-342
-358
-386
-403
-410
-396
-372
-354
-354
-362
-359
-348
-340
-324
-314
-309
-318
-337
-333
-332
-326
-317
-337
-374
-420
-458
-455
-465
-471
-472
-368
-229
-151
-176
-355
-398
-354
-146
71
145
164
69
42
58
149
339
485
613
585
472
422
423
576
682
765
730
663
574
519
555
569
652
600
527
413
330
323
273
242
165
123
84
17
-22
-77
-95
-131
-184
-180
-167
-105
-83
-83
-123
-153
-124
-65
40
71
107
89
91
78
84
139
194
250
234
209
183
164
163
163
178
195
169
132
66
23
-10
-21
-30
-43
-64
-106
-161
-232
-269
-276
-255
-244
-261
-299
-347
-381
-384
-359
-325
-312
-316
-327
-347
-367
-370
-353
-324
-322
-333
-343
-358
-376
-397
-413
-405
-403
-414
-430
-471
-510
-539
-473
-282
-145
-122
-289
-449
-400
-226
25
142
109
48
-10
24
136
272
412
489
503
448
408
442
511
610
651
670
644
608
564
558
562
571
586
536
502
432
386
332
250
202
179
190
150
61
-14
-64
-83
-116
-125
-101
-87
-81
-122
-149
-169
-150
-102
-61
-14
1
24
0
-35
-35
26
117
151
150
125
110
90
86
120
163
194
168
133
82
45
35
40
46
33
10
-21
-85
-155
-195
-179
-153
-156
-178
-229
-274
-327
-335
-314
-283
-274
-284
-309
-351
-374
-380
-355
-342
-343
-348
-362
-375
-406
-428
-428
-427
-412
-404
-423
-450
-506
-536
-538
-448
-257
-159
-174
-341
-477
-360
-206
39
96
33
7
-33
68
165
237
330
388
461
460
422
458
456
548
570
644
672
646
582
522
522
556
614
579
552
472
417
359
283
254
254
256
213
112
50
3
-31
-68
-96
-60
-59
-55
-106
-162
-189
-193
-131
-93
-56
-63
-53
-74
-86
-84
-35
41
60
83
70
69
64
49
79
120
163
181
145
112
63
68
69
77
93
78
67
-12
-72
-108
-102
-83
-85
-89
-143
-199
-254
-268
-247
-244
-234
-245
-273
-313
-354
-349
-338
-329
-331
-339
-353
-396
-415
-428
-408
-405
-420
-424
-443
-452
-483
-508
-526
-506
-385
-217
-171
-240
-454
-479
-295
-62
114
20
-78
-78
28
146
212
227
321
394
456
434
431
448
475
553
617
690
676
616
534
539
565
653
653
605
534
468
443
391
335
300
308
299
227
126
59
27
2
-41
-58
-39
-35
-58
-152
-213
-203
-158
-110
-109
-112
-109
-103
-136
-150
-124
-44
16
20
12
8
11
7
24
73
139
168
140
98
72
66
83
104
118
118
89
55
-9
-48
-62
-38
-22
-41
-80
-144
-189
-227
-228
-214
-200
-208
-234
-277
-323
-354
-344
-321
-308
-323
-348
-375
-415
-434
-445
-426
-404
-410
-424
-467
-493
-504
-506
-501
-517
-489
-340
-220
-209
-340
-518
-409
-203
24
67
-70
-111
-55
55
160
193
249
341
393
430
394
426
438
492
566
638
686
650
556
505
528
606
678
636
566
496
454
423
366
314
311
324
282
180
82
43
20
-14
-56
-54
-25
-51
-107
-220
-231
-191
-148
-120
-132
-136
-136
-172
-193
-167
-98
-16
-14
-26
-34
-23
-16
-5
35
92
142
144
111
68
58
73
115
132
132
114
82
37
-16
-31
-14
5
-15
-46
-87
-130
-178
-203
-200
-182
-179
-203
-241
-288
-314
-329
-319
-309
-317
-324
-357
-391
-426
-441
-434
-417
-412
-413
-435
-477
-510
-523
-499
-486
-485
-489
-382
-257
-211
-291
-473
-420
-243
-9
79
-21
-76
-61
32
150
208
286
356
394
437
396
431
454
520
593
639
681
662
593
538
537
599
681
666
608
514
454
422
374
337
326
339
300
199
79
37
20
-4
-45
-60
-37
-66
-125
-224
-242
-214
-175
-141
-143
-155
-178
-197
-192
-153
-99
-41
-31
-37
-44
-18
5
33
62
97
149
165
154
123
117
131
169
188
192
173
144
111
69
55
65
79
53
10
-31
-62
-89
-118
-137
-140
-147
-169
-197
-232
-258
-289
-301
-303
-300
-306
-331
-370
-414
-426
-425
-415
-415
-421
-444
-466
-492
-491
-484
-466
-463
-480
-494
-510
-414
-262
-186
-210
-378
-415
-238
-52
107
34
-57
-17
57
176
240
257
357
399
434
419
414
484
526
579
597
611
631
597
545
531
544
613
604
544
474
413
397
355
293
259
263
246
169
53
-1
-7
-19
-54
-105
-101
-98
-124
-192
-232
-210
-171
-152
-154
-174
-154
-132
-133
-138
-132
-61
-10
8
-1
5
25
54
67
96
144
178
173
146
133
134
157
178
180
161
139
119
84
45
34
42
35
5
-42
-81
-108
-133
-163
-173
-181
-198
-218
-250
-281
-321
-335
-330
-338
-351
-376
-413
-440
-458
-442
-445
-448
-464
-470
-479
-486
-500
-505
-496
-491
-488
-484
-490
-438
-288
-189
-163
-320
-409
-285
-117
104
109
42
15
8
123
216
290
400
439
467
415
367
454
526
615
612
604
602
572
537
525
525
566
573
533
474
389
367
320
265
212
216
236
179
63
-32
-55
-64
-78
-105
-94
-100
-139
-191
-242
-224
-199
-152
-126
-136
-144
-144
-139
-121
-96
-27
24
35
29
14
48
75
116
141
177
203
205
187
175
169
187
215
215
205
175
156
116
79
61
61
59
33
-10
-62
-99
-127
-147
-159
-173
-199
-224
-251
-286
-319
-337
-330
-342
-358
-381
-399
-423
-449
-459
-459
-441
-448
-457
-470
-472
-481
-482
-481
-471
-459
-448
-444
-463
-425
-281
-145
-109
-205
-356
-275
-118
102
175
112
88
74
121
205
282
406
517
515
455
357
407
509
623
653
623
574
547
510
506
524
565
571
501
427
359
355
338
280
202
177
184
153
79
4
-30
-63
-94
-134
-125
-88
-96
-138
-212
-230
-209
-159
-106
-88
-100
-101
-117
-105
-64
1
53
67
61
55
79
113
156
174
195
206
213
216
216
209
212
213
194
182
172
171
140
96
52
24
10
2
-16
-54
-103
-154
-184
-198
-209
-226
-240
-264
-298
-338
-361
-363
-363
-361
-381
-414
-434
-454
-452
-452
-447
-450
-459
-479
-461
-460
-440
-451
-469
-458
-461
-436
-436
-426
-356
-210
-111
-86
-229
-311
-239
-104
113
172
185
167
88
108
135
235
435
537
598
470
334
346
403
570
637
664
628
519
428
401
438
530
558
520
426
303
267
233
232
202
193
161
91
14
-35
-39
-62
-94
-150
-156
-155
-134
-131
-151
-187
-217
-202
-159
-120
-69
-37
-45
-69
-97
-54
8
89
133
141
122
96
99
134
189
231
262
253
218
173
164
176
190
199
182
155
105
62
29
11
1
-17
-40
-86
-130
-166
-180
-194
-221
-249
-268
-287
-305
-321
-334
-346
-364
-381
-403
-411
-410
-406
-409
-430
-455
-466
-460
-440
-428
-424
-423
-428
-441
-453
-453
-434
-407
-401
-394
-312
-183
-85
-73
-189
-244
-214
-108
79
163
243
234
166
140
96
195
385
548
644
543
425
360
361
472
565
663
678
591
482
390
379
448
504
524
447
348
264
200
183
178
194
159
83
-6
-51
-63
-56
-65
-98
-138
-192
-196
-181
-142
-114
-104
-112
-148
-171
-148
-78
5
58
64
40
10
22
52
120
173
216
227
203
174
164
187
228
256
253
234
189
166
150
144
137
113
88
44
7
-20
-29
-44
-76
-125
-169
-201
-212
-214
-213
-220
-252
-292
-340
-357
-350
-329
-315
-326
-353
-394
-427
-436
-424
-399
-389
-393
-406
-435
-446
-441
-416
-393
-401
-410
-428
-428
-421
-414
-362
-255
-140
-69
-103
-195
-223
-182
-47
73
145
200
214
216
191
168
234
371
504
561
509
461
439
471
508
538
564
566
539
488
452
447
481
477
436
344
268
221
200
202
202
183
126
26
-64
-113
-117
-79
-67
-65
-109
-162
-205
-223
-201
-155
-105
-74
-76
-89
-92
-76
-31
9
55
67
76
88
104
142
167
187
198
189
184
182
192
229
245
246
214
165
129
108
105
111
576
-344
30
408
-197
351
57
-584
-107
-445
261
-506
-351
54
-458
-487
-416
-671
-121
-104
-44
73
-329
-84
-409
-419
-616
-320
-857
-425
-689
-867
-352
-242
-4
-35
-308
-320
17
-784
-117
-55
-590
-732
-168
-89
-169
-557
145
-486
113
-37
-458
-171
-35
243
508
408
-92
611
-24
293
853
683
47
799
620
732
496
633
908
254
398
100
317
15
765
827
34
414
-238
549
-254
-315
-252
52
166
410
-458
162
100
-425
-522
-68
227
-534
-315
-191
205
193
-85
-73
-73
-83
-90
-63
-12
50
99
122
128
136
136
157
172
198
212
217
215
207
209
228
242
243
216
173
140
107
90
85
83
74
48
6
-32
-70
-96
-112
-132
-157
-187
-212
-227
-233
-235
-235
-246
-268
-298
-325
-345
-350
-351
-349
-354
-372
-389
-407
-420
-429
-432
-437
-444
-451
-451
-438
-435
-422
-430
-428
-440
-451
-450
-425
-348
-246
-153
-91
-82
-65
-55
-32
13
45
116
172
235
290
332
390
460
516
552
539
512
500
497
523
551
580
592
577
541
498
455
429
403
382
335
277
218
168
139
116
100
70
23
-36
-93
-139
-165
-175
-167
-162
-170
-183
-192
-182
-159
-129
-97
-69
-56
-42
-33
-3
40
88
129
153
163
167
165
178
191
214
228
230
232
221
223
229
238
242
222
192
154
117
91
73
67
56
38
10
-21
-53
-83
-104
-125
-150
-182
-214
-233
-245
-243
-242
-242
-252
-275
-297
-322
-340
-355
-370
-385
-410
-431
-445
-450
-454
-452
-454
-458
-464
-477
-475
-479
-472
-467
-466
-464
-472
-469
-438
-371
-276
-185
-120
-75
-37
-3
33
75
111
165
196
237
271
313
387
464
556
610
632
626
604
586
567
553
546
520
497
462
441
430
425
430
410
368
293
208
124
57
4
-28
-61
-91
-121
-145
-158
-163
-159
-157
-165
-193
-227
-258
-270
-261
-225
-180
-126
-84
-41
7
52
98
137
157
169
155
143
140
144
173
197
227
246
252
261
264
268
270
260
235
198
156
117
91
75
65
60
43
26
-1
-23
-47
-74
-95
-130
-173
-209
-250
-265
-270
-274
-267
-271
-284
-289
-308
-324
-332
-356
-380
-410
-446
-476
-493
-501
-508
-500
-498
-500
-486
-486
-478
-467
-464
-455
-456
-461
-468
-456
-421
-359
-274
-195
-126
-56
11
75
142
188
231
275
296
317
332
352
402
460
529
578
610
637
650
660
657
640
612
567
506
444
384
342
313
296
278
253
217
177
137
100
60
17
-37
-98
-155
-210
-245
-266
-267
-257
-244
-231
-221
-208
-184
-162
-130
-101
-77
-55
-41
-16
16
58
107
146
184
208
226
248
259
273
279
276
267
249
233
220
223
227
232
231
221
208
189
174
155
131
104
64
23
-22
-63
-92
-117
-134
-155
-177
-199
-216
-225
-234
-239
-249
-264
-285
-311
-334
-356
-371
-387
-405
-429
-454
-475
-489
-495
-498
-498
-500
-498
-494
-489
-474
-459
-438
-423
-412
-403
-397
-384
-357
-312
-249
-183
-117
-58
10
80
150
220
279
331
368
388
400
411
430
461
488
516
534
548
557
568
578
582
578
551
510
455
402
348
300
256
214
168
120
72
32
3
-15
-33
-55
-85
-118
-150
-175
-193
-205
-212
-218
-227
-234
-236
-224
-203
-175
-140
-102
-65
-26
10
54
103
149
187
214
230
240
247
254
253
254
247
240
229
219
217
218
229
236
238
233
223
210
192
177
149
119
78
34
-13
-55
-89
-118
-142
-165
-189
-210
-229
-240
-247
-252
-261
-278
-298
-321
-338
-356
-373
-389
-409
-428
-453
-472
-491
-502
-508
-511
-512
-512
-507
-495
-475
-450
-424
-397
-375
-354
-335
-322
-304
-287
-252
-213
-165
-111
-60
0
69
136
207
270
325
377
414
443
455
465
472
482
482
478
470
456
455
445
442
434
426
405
385
354
326
293
259
225
182
136
86
36
-8
-42
-75
-98
-130
-147
-163
-173
-172
-171
-160
-149
-142
-135
-130
-125
-111
-100
-83
-63
-45
-19
4
31
72
108
150
188
215
244
263
281
291
295
292
284
267
248
230
211
201
191
183
173
164
155
147
142
135
119
98
69
33
-3
-44
-81
-122
-155
-189
-219
-248
-267
-280
-290
-293
-302
-309
-318
-329
-337
-348
-357
-369
-384
-400
-418
-436
-451
-463
-473
-484
-488
-492
-486
-472
-449
-420
-389
-354
-320
-284
-250
-223
-196
-167
-132
-97
-65
-33
-6
39
87
136
192
242
295
344
389
419
449
469
491
503
497
489
463
443
422
400
374
349
320
294
270
249
233
218
207
192
172
148
119
91
67
39
10
-29
-66
-95
-125
-142
-156
-164
-162
-154
-146
-129
-109
-82
-44
-11
22
50
69
91
115
132
153
163
172
178
180
186
190
196
204
209
212
210
210
210
212
215
209
203
186
170
147
127
103
76
49
13
-19
-50
-78
-100
-117
-130
-143
-158
-175
-190
-203
-220
-234
-255
-276
-298
-319
-334
-346
-357
-366
-380
-393
-408
-422
-433
-441
-448
-451
-455
-458
-453
-446
-429
-410
-389
-366
-345
-321
-296
-270
-245
-221
-195
-165
-131
-93
-51
-12
37
91
139
193
240
282
331
367
394
417
426
440
447
442
438
423
405
391
370
348
329
305
286
264
244
227
203
191
174
155
138
113
87
67
38
16
-12
-44
-65
-90
-109
-120
-135
-136
-132
-130
-117
-105
-88
-58
-32
-3
28
48
75
99
116
139
153
163
173
174
179
177
178
182
180
182
182
178
177
177
178
177
170
160
149
129
115
91
67
46
16
-13
-36
-65
-82
-104
-121
-137
-155
-171
-185
-207
-222
-239
-258
-275
-293
-311
-323
-336
-344
-353
-364
-372
-386
-398
-410
-424
-431
-437
-441
-442
-441
-433
-422
-410
-389
-368
-344
-317
-292
-265
-237
-212
-187
-157
-123
-86
-48
-9
31
78
128
173
221
260
305
347
373
398
414
425
441
441
436
429
411
397
382
360
344
319
298
278
251
235
212
193
182
159
143
124
96
81
58
36
20
-12
-33
-51
-76
-86
-102
-113
-111
-118
-114
-108
-104
-84
-63
-39
-11
13
41
68
96
125
150
172
189
199
209
212
211
213
209
205
199
187
182
172
170
170
165
160
154
142
130
117
102
83
62
37
10
-15
-39
-58
-80
-103
-127
-155
-179
-200
-220
-240
-256
-273
-289
-302
-312
-318
-322
-327
-334
-344
-355
-368
-382
-393
-404
-413
-425
-431
-432
-433
-425
-412
-396
-373
-352
-329
-302
-275
-241
-213
-186
-160
-134
-103
-72
-37
-2
33
76
118
155
204
241
281
322
351
375
392
399
415
416
411
409
388
373
358
335
319
296
275
256
229
215
191
170
163
141
127
112
85
72
50
31
21
-10
-30
-45
-71
-80
-95
-110
-108
-115
-113
-109
-107
-91
-72
-50
-19
4
32
61
90
122
150
177
199
213
226
233
231
232
229
221
215
200
186
173
163
159
152
138
134
120
104
95
78
64
48
27
9
-13
-36
-55
-81
-104
-129
-161
-189
-218
-243
-264
-287
-301
-319
-331
-333
-341
-342
-340
-344
-347
-356
-367
-373
-386
-396
-406
-416
-422
-427
-429
-422
-412
-399
-378
-355
-328
-301
-272
-238
-206
-176
-148
-121
-93
-63
-30
8
36
68
109
143
186
225
254
294
327
349
375
380
395
406
399
402
388
367
357
333
315
293
265
248
215
197
180
150
143
125
107
102
75
61
48
24
21
-3
-26
-36
-63
-75
-84
-102
-105
-114
-115
-110
-112
-100
-86
-68
-36
-13
20
54
83
126
161
194
229
246
267
288
287
291
284
274
267
247
225
211
188
178
164
151
142
129
119
109
93
81
61
38
18
-15
-40
-65
-93
-114
-141
-172
-199
-235
-259
-278
-306
-320
-336
-350
-354
-359
-358
-352
-350
-344
-346
-348
-354
-365
-374
-383
-395
-404
-414
-414
-410
-404
-389
-370
-351
-321
-293
-264
-230
-198
-165
-134
-113
-86
-57
-30
5
34
59
94
127
161
205
234
269
309
333
362
378
387
411
411
412
410
386
377
356
331
317
279
259
231
192
183
150
131
124
95
91
77
50
52
26
18
14
-21
-28
-49
-71
-74
-95
-103
-106
-119
-109
-113
-106
-87
-75
-43
-10
17
62
96
138
187
221
258
289
302
324
332
326
323
304
285
267
234
209
188
163
149
131
119
107
93
89
80
64
55
33
9
-14
-51
-74
-108
-141
-165
-199
-227
-249
-282
-294
-308
-329
-333
-344
-350
-349
-350
-345
-344
-346
-340
-346
-349
-355
-366
-373
-387
-400
-407
-416
-414
-408
-402
-381
-360
-336
-300
-273
-239
-205
-170
-139
-113
-91
-64
-40
-13
14
35
58
88
127
161
204
232
268
309
336
364
384
393
417
412
407
402
367
358
331
303
278
233
206
178
136
132
98
82
75
47
50
36
18
25
3
-2
-9
-44
-46
-68
-82
-86
-105
-113
-118
-124
-108
-106
-89
-63
-37
5
45
86
134
179
231
278
305
335
353
363
371
357
336
312
749
-184
191
587
2
554
258
-392
89
-234
499
-236
-67
340
-177
-215
-146
-397
149
151
179
258
-178
43
-290
-300
-489
-186
-733
-315
-598
-775
-247
-115
146
111
-180
-207
123
-680
-24
34
-510
-686
-215
-264
-458
-893
-159
-764
-149
-336
-805
-574
-491
-252
4
-75
-523
191
-480
-220
309
163
-445
339
150
253
19
187
518
-47
187
-16
270
-20
738
809
75
558
-3
851
90
7
53
329
441
693
-180
455
383
-167
-278
152
454
-287
-87
34
371
308
-2
-24
-24
-32
-62
-65
-84
-92
-98
-119
-122
-127
-124
-103
-96
-71
-39
-4
52
98
151
204
252
309
357
382
404
417
420
413
386
352
307
270
224
180
137
100
72
52
38
35
28
28
40
38
41
30
26
5
-15
-41
-76
-114
-147
-182
-213
-242
-269
-281
-293
-291
-292
-290
-287
-277
-277
-271
-271
-274
-282
-289
-302
-325
-344
-366
-387
-412
-431
-450
-465
-472
-468
-460
-444
-418
-386
-350
-310
-265
-219
-177
-135
-106
-78
-47
-18
13
40
60
83
128
174
223
268
308
355
414
447
481
504
507
535
520
498
470
421
391
349
292
244
171
128
88
36
24
-24
-44
-48
-71
-66
-67
-85
-61
-75
-75
-74
-104
-97
-108
-110
-112
-128
-126
-120
-108
-74
-60
-29
14
54
121
176
233
288
337
388
426
442
450
451
435
406
356
302
241
192
136
84
40
2
-22
-33
-32
-25
-13
-4
20
26
36
33
34
20
-3
-28
-64
-99
-135
-162
-193
-217
-245
-254
-265
-264
-263
-262
-257
-256
-257
-262
-268
-281
-296
-321
-343
-379
-408
-438
-465
-493
-516
-531
-541
-541
-533
-511
-486
-444
-403
-354
-305
-250
-194
-149
-106
-75
-46
-14
19
55
82
100
139
194
250
310
355
402
458
516
545
576
577
580
581
546
506
444
386
337
274
203
131
55
18
-34
-63
-84
-122
-123
-126
-129
-109
-111
-108
-86
-97
-85
-98
-104
-100
-103
-96
-102
-104
-88
-66
-35
9
32
80
125
188
260
318
368
411
448
481
494
486
469
438
395
335
263
195
132
77
29
-22
-57
-74
-75
-58
-41
-16
9
29
58
70
84
85
78
52
29
-8
-37
-75
-106
-134
-163
-191
-213
-218
-223
-224
-229
-235
-247
-255
-267
-280
-303
-333
-368
-403
-439
-480
-509
-540
-564
-591
-608
-614
-602
-583
-555
-515
-474
-423
-363
-299
-238
-175
-125
-81
-48
-13
33
83
127
156
177
225
295
361
430
475
513
570
607
631
652
635
623
601
538
470
395
323
269
190
107
25
-48
-87
-124
-144
-155
-188
-185
-177
-175
-139
-137
-127
-106
-116
-110
-109
-111
-95
-89
-82
-77
-74
-39
1
50
99
127
177
237
297
370
418
450
477
489
494
480
449
405
351
283
197
116
56
-2
-46
-86
-122
-130
-122
-95
-55
-19
18
53
83
109
123
138
136
114
82
43
8
-21
-60
-94
-123
-159
-182
-195
-203
-207
-215
-226
-244
-264
-287
-310
-336
-376
-424
-472
-517
-561
-595
-625
-649
-668
-682
-682
-660
-629
-589
-541
-491
-434
-370
-298
-228
-165
-113
-70
-40
-6
41
98
153
187
206
255
331
413
491
540
577
621
665
680
690
665
633
596
525
428
344
264
197
125
30
-55
-117
-154
-176
-180
-191
-201
-200
-179
-164
-133
-112
-105
-93
-97
-100
-94
-89
-85
-70
-67
-59
-48
-10
41
96
146
180
225
291
355
412
456
462
476
478
464
428
385
326
264
188
99
28
-22
-62
-97
-120
-141
-130
-96
-50
-8
38
77
116
150
170
184
190
182
146
111
67
33
-1
-35
-79
-115
-150
-172
-182
-193
-210
-224
-242
-272
-295
-324
-353
-390
-437
-493
-538
-584
-620
-647
-669
-691
-705
-701
-688
-653
-614
-565
-516
-456
-392
-317
-241
-178
-121
-73
-34
-9
31
81
136
182
210
229
303
390
480
550
585
614
666
708
710
699
655
609
550
461
353
277
200
122
41
-51
-124
-156
-173
-185
-182
-189
-185
-168
-135
-112
-74
-63
-64
-61
-63
-56
-53
-55
-61
-50
-45
-33
-12
37
87
138
183
229
299
375
432
469
487
490
492
468
428
363
296
214
132
50
-28
-82
-117
-141
-157
-156
-134
-84
-27
30
74
115
154
191
216
220
209
183
154
112
67
24
-16
-52
-89
-134
-162
-176
-187
-198
-212
-235
-261
-284
-305
-332
-372
-420
-468
-516
-566
-607
-642
-677
-705
-725
-733
-726
-704
-671
-626
-574
-519
-456
-379
-301
-226
-164
-110
-67
-36
-6
45
96
141
187
216
260
340
435
519
584
627
664
711
735
734
717
673
607
534
435
342
266
177
86
10
-74
-129
-156
-176
-186
-181
-173
-171
-146
-121
-93
-58
-61
-65
-57
-62
-52
-50
-62
-62
-57
-41
-21
8
54
96
144
195
240
310
371
414
439
443
445
436
406
365
294
220
145
70
7
-57
-106
-130
-152
-154
-134
-101
-51
8
60
104
146
189
219
242
241
219
191
159
119
78
33
-12
-56
-96
-131
-150
-170
-188
-203
-221
-251
-273
-295
-325
-362
-407
-460
-511
-558
-601
-640
-676
-709
-734
-739
-736
-715
-685
-650
-601
-547
-482
-413
-336
-273
-209
-148
-99
-68
-39
-17
26
83
124
168
191
253
355
457
534
588
633
696
742
765
743
705
666
595
515
408
305
232
145
49
-22
-101
-127
-140
-165
-160
-155
-132
-111
-91
-61
-37
-23
-16
-37
-31
-39
-44
-46
-77
-78
-63
-51
-28
3
37
96
137
203
258
317
375
407
424
432
421
400
365
309
238
151
84
18
-37
-86
-129
-147
-145
-131
-88
-48
-4
63
116
158
198
232
253
265
252
219
187
156
113
70
22
-27
-62
-97
-124
-141
-161
-182
-195
-216
-242
-263
-288
-328
-371
-415
-467
-515
-561
-607
-647
-681
-706
-722
-725
-712
-689
-655
-617
-564
-500
-431
-363
-295
-237
-174
-114
-75
-52
-37
-20
19
70
109
150
179
239
330
424
506
573
625
671
706
725
715
683
643
565
484
388
287
216
134
45
-13
-84
-121
-129
-141
-128
-117
-100
-81
-56
-24
-6
5
17
-6
-8
-18
-37
-36
-58
-71
-60
-62
-41
-6
25
70
104
152
197
249
307
334
350
356
350
345
317
273
224
159
99
40
-10
-49
-81
-101
-108
-99
-68
-31
20
73
117
165
206
241
261
270
269
244
207
172
127
85
34
-16
-60
-103
-137
-158
-181
-200
-221
-237
-259
-280
-306
-338
-375
-416
-468
-510
-554
-597
-634
-664
-687
-701
-704
-691
-667
-635
-595
-544
-489
-426
-359
-293
-242
-189
-140
-98
-69
-55
-51
-35
8
48
94
133
163
234
329
420
503
558
602
648
675
689
667
633
580
497
421
326
233
175
87
19
-35
-91
-103
-109
-109
-89
-76
-52
-30
-11
22
26
39
34
2
-1
-22
-40
-44
-72
-81
-73
-68
-33
-6
33
72
112
163
214
267
305
324
335
343
337
323
283
245
193
135
78
30
-7
-40
-64
-80
-76
-55
-22
23
69
113
161
204
238
268
283
287
272
239
203
167
120
70
13
-31
-80
-118
-150
-174
-195
-215
-240
-254
-276
-297
-324
-354
-397
-441
-482
-519
-565
-604
-638
-662
-678
-683
-679
-658
-629
-592
-551
-497
-438
-375
-312
-253
-200
-149
-107
-74
-53
-45
-44
-34
5
41
87
126
147
227
324
411
492
549
588
639
659
668
641
608
563
475
393
298
214
168
82
13
-27
-81
-84
-85
-86
-57
-39
-19
-2
14
48
55
54
46
5
2
-17
-45
-53
-79
-85
-75
-75
-43
-4
37
76
109
159
198
250
296
305
309
316
305
293
259
218
177
125
72
24
-6
-29
-49
-57
-56
-33
3
44
92
144
185
225
258
281
293
301
284
243
200
160
111
58
-1
-50
-96
-139
-175
-200
-218
-235
-257
-279
-300
-317
-340
-375
-414
-456
-494
-534
-574
-611
-637
-651
-665
-674
-665
-636
-601
-563
-524
-476
-417
-352
-292
-244
-195
-142
-98
-72
-61
-53
-48
-52
-26
13
49
98
121
173
267
364
452
517
552
595
626
636
626
580
539
470
381
297
205
155
98
23
-19
-59
-77
-64
-64
-39
-19
-2
21
32
47
71
57
51
15
-10
-22
-50
-66
-81
-98
-87
-82
-60
-19
23
67
101
138
177
208
246
274
273
270
254
240
230
203
171
130
92
64
40
22
11
8
10
17
41
74
112
153
190
217
249
276
288
293
285
263
225
184
134
89
35
-18
-73
-121
-161
-191
-221
-245
-268
-289
-313
-336
-356
-383
-419
-452
-490
-524
-556
-586
-610
-630
-636
-636
-628
-608
-579
-542
-499
-452
-400
-348
-292
-233
-187
-144
-104
-71
-48
-33
-29
-34
-43
-24
18
44
88
109
145
234
325
403
462
496
528
567
580
575
541
493
438
362
293
213
160
112
45
5
-27
-52
-35
-26
-14
1
16
34
60
70
82
67
53
34
8
-10
-41
-65
-76
-95
-97
-89
-71
-33
6
37
72
117
159
195
234
268
282
283
279
270
262
243
209
631
-313
70
478
-101
459
168
-465
41
-242
525
-178
39
493
20
27
142
-74
501
521
557
626
182
384
22
-29
-259
6
-579
-194
-508
-715
-212
-94
142
87
-213
-255
54
-772
-138
-99
-655
-843
-388
-450
-647
-1072
-332
-931
-307
-475
-933
-684
-587
-338
-60
-123
-551
175
-477
-201
340
192
-428
327
110
178
-107
30
338
-248
-26
-263
18
-213
592
722
24
511
-1
914
189
132
159
422
533
749
-136
455
371
-187
-348
79
360
-376
-130
-10
345
312
13
48
76
82
84
79
72
54
20
-2
-33
-59
-85
-112
-113
-104
-86
-60
-34
2
54
105
152
209
262
299
316
324
332
329
316
276
226
172
126
88
52
18
-11
-21
-14
9
41
79
124
169
210
248
280
299
302
289
260
217
169
119
55
-17
-84
-143
-190
-232
-269
-298
-320
-331
-340
-347
-353
-360
-375
-392
-413
-433
-452
-475
-507
-533
-551
-557
-558
-558
-550
-529
-497
-455
-408
-357
-303
-242
-182
-129
-83
-40
-9
13
23
23
14
-4
-32
-47
-38
-20
2
19
33
104
194
280
347
387
429
487
537
539
519
475
441
390
319
240
166
122
63
5
-40
-69
-56
-41
-39
-31
-8
27
64
83
84
90
82
78
48
18
-7
-44
-68
-101
-118
-115
-102
-87
-61
-29
15
72
119
161
209
259
300
319
325
321
322
318
282
234
188
152
119
85
48
22
20
26
43
63
93
137
182
219
245
271
289
294
281
247
204
159
108
42
-29
-96
-156
-202
-247
-287
-318
-333
-342
-347
-356
-356
-357
-362
-374
-392
-405
-417
-433
-457
-481
-496
-498
-495
-494
-487
-472
-442
-408
-368
-329
-281
-225
-175
-130
-90
-47
-10
22
32
30
24
15
-4
-31
-38
-32
-18
-4
3
29
102
184
257
304
340
384
443
479
480
458
423
392
346
288
216
163
116
62
16
-26
-45
-36
-28
-26
-21
-1
27
61
78
78
76
71
66
46
22
-9
-36
-61
-83
-97
-100
-88
-75
-50
-23
15
64
107
147
191
234
273
299
311
313
320
321
298
262
228
193
165
134
96
71
57
55
61
70
88
118
151
179
199
220
230
235
226
196
159
114
64
6
-56
-120
-179
-229
-270
-310
-340
-357
-370
-374
-378
-378
-375
-375
-377
-381
-387
-395
-407
-417
-427
-436
-439
-441
-436
-424
-413
-389
-364
-334
-297
-256
-212
-172
-128
-85
-47
-17
9
25
32
27
10
-15
-49
-70
-70
-65
-57
-62
-55
2
82
163
218
256
301
365
425
447
439
417
396
368
321
253
195
153
100
53
-4
-39
-39
-35
-28
-33
-25
-1
36
70
77
77
75
77
71
55
24
-5
-31
-56
-67
-87
-85
-78
-61
-32
-10
33
77
122
169
210
259
301
328
338
343
347
344
318
286
243
200
171
131
98
70
51
49
51
62
82
108
140
163
182
197
202
202
182
150
112
59
5
-52
-113
-172
-230
-275
-312
-341
-360
-373
-376
-371
-367
-356
-350
-345
-339
-339
-336
-341
-351
-357
-366
-370
-375
-378
-374
-367
-352
-332
-311
-281
-246
-204
-165
-133
-96
-62
-26
1
15
24
28
19
-2
-35
-69
-92
-97
-89
-86
-91
-89
-36
48
135
192
222
262
332
401
430
422
391
375
356
320
253
192
150
107
68
12
-27
-27
-21
-8
-10
-8
11
50
90
102
102
91
93
95
91
56
22
-8
-29
-34
-56
-64
-65
-51
-21
2
30
64
109
161
202
247
287
320
341
352
357
356
337
309
274
227
194
148
115
86
58
43
36
44
59
81
101
118
136
152
156
153
133
104
72
24
-31
-86
-144
-192
-243
-289
-326
-350
-359
-366
-366
-364
-354
-333
-316
-308
-303
-300
-291
-286
-295
-305
-318
-323
-326
-331
-334
-335
-327
-310
-291
-266
-238
-205
-169
-133
-99
-66
-36
-8
9
15
12
-2
-20
-51
-91
-129
-149
-148
-142
-141
-147
-109
-36
58
131
174
219
281
362
406
415
393
373
358
328
274
205
157
106
72
27
-22
-34
-39
-16
-4
3
19
42
96
124
141
131
120
123
124
104
61
21
-19
-25
-44
-64
-77
-81
-51
-29
4
33
67
125
180
236
274
299
329
354
372
366
340
308
280
241
202
146
98
69
42
29
9
6
21
44
71
85
101
118
129
138
121
90
55
14
-29
-81
-144
-199
-248
-284
-315
-342
-354
-361
-352
-338
-322
-304
-289
-272
-256
-249
-245
-245
-253
-258
-271
-283
-296
-309
-310
-312
-310
-305
-297
-271
-244
-212
-183
-155
-118
-82
-49
-27
-16
-10
-9
-22
-43
-78
-120
-156
-179
-181
-185
-182
-182
-145
-72
14
93
144
201
264
346
399
418
409
389
375
350
304
241
188
134
92
58
12
-4
-15
-1
23
34
56
69
118
154
176
177
157
153
149
136
97
52
-1
-21
-38
-56
-71
-85
-70
-44
-10
29
55
102
150
213
266
291
319
336
363
370
355
322
289
254
220
175
123
79
46
35
18
10
12
26
53
74
94
113
116
120
118
104
71
24
-21
-63
-113
-167
-221
-263
-293
-318
-323
-334
-332
-324
-302
-274
-257
-244
-230
-217
-208
-208
-215
-228
-243
-256
-270
-286
-302
-312
-313
-305
-301
-284
-266
-238
-204
-173
-140
-115
-88
-64
-46
-40
-42
-53
-71
-102
-139
-176
-200
-206
-205
-199
-196
-169
-104
-17
69
128
185
244
319
382
414
418
397
376
354
323
270
216
158
113
83
50
32
15
18
40
62
85
93
122
155
181
190
172
152
133
117
91
53
-2
-41
-67
-78
-84
-92
-89
-74
-41
3
40
78
115
170
226
264
288
297
316
329
331
311
277
234
197
170
139
98
51
26
16
20
24
30
41
53
75
102
113
109
96
86
68
35
-14
-62
-107
-153
-195
-237
-272
-303
-313
-313
-306
-304
-297
-276
-252
-230
-217
-211
-211
-213
-213
-218
-235
-258
-279
-291
-302
-311
-321
-321
-316
-299
-278
-256
-230
-205
-170
-136
-106
-86
-73
-58
-52
-51
-65
-92
-127
-164
-183
-189
-192
-195
-198
-181
-129
-59
25
91
146
201
261
332
379
403
396
374
355
329
298
256
203
153
117
86
65
52
45
59
73
97
114
133
159
180
202
199
183
158
131
107
80
37
-8
-50
-80
-93
-99
-99
-94
-78
-52
-16
21
62
107
158
200
235
260
282
297
307
307
294
264
223
195
170
147
109
72
48
40
43
50
61
67
76
92
112
124
119
105
87
64
30
-10
-54
-104
-150
-192
-225
-261
-290
-304
-304
-298
-294
-283
-266
-248
-229
-209
-194
-190
-196
-198
-201
-209
-228
-247
-266
-280
-291
-296
-296
-294
-285
-269
-241
-216
-184
-152
-120
-93
-72
-52
-43
-42
-55
-71
-98
-133
-169
-191
-202
-214
-221
-215
-179
-131
-70
-4
61
130
187
256
314
358
380
377
373
355
337
302
261
213
171
140
110
91
75
78
87
100
121
143
172
188
208
219
222
209
178
153
120
84
37
-14
-56
-94
-116
-133
-137
-134
-124
-101
-74
-32
17
72
118
159
200
242
273
289
300
301
292
262
234
207
181
146
107
83
64
54
48
53
63
73
86
98
110
115
116
106
86
57
23
-15
-65
-114
-161
-202
-246
-287
-312
-325
-328
-330
-322
-302
-281
-258
-235
-209
-188
-178
-170
-168
-169
-178
-191
-209
-229
-248
-263
-273
-283
-287
-281
-268
-251
-228
-198
-164
-134
-110
-83
-61
-47
-47
-54
-67
-94
-127
-161
-184
-204
-222
-236
-236
-212
-181
-130
-79
-18
48
107
176
232
291
329
348
357
354
350
328
301
259
226
191
157
130
108
104
102
108
121
139
166
185
209
226
238
238
223
202
176
144
104
54
3
-47
-86
-123
-146
-165
-172
-172
-164
-139
-103
-53
-6
41
92
144
195
230
264
284
299
293
279
260
236
207
168
136
106
82
61
48
46
47
57
64
75
81
91
96
92
79
58
35
1
-38
-79
-118
-160
-206
-247
-279
-301
-321
-336
-336
-333
-320
-302
-276
-248
-220
-192
-165
-144
-130
-121
-117
-124
-136
-153
-169
-188
-204
-216
-220
-222
-218
-208
-192
-170
-146
-121
-94
-74
-59
-49
-43
-46
-59
-81
-105
-132
-157
-182
-203
-213
-213
-204
-184
-156
-113
-64
-11
46
105
163
209
248
280
309
326
328
323
308
289
266
242
218
193
172
155
150
149
156
168
182
200
216
232
243
248
247
236
219
192
158
121
75
29
-17
-55
-96
-133
-162
-176
-179
-176
-157
-128
-88
-47
1
54
107
156
199
234
261
276
279
274
260
237
210
178
145
110
80
56
34
17
6
3
3
8
19
32
46
56
66
70
63
45
18
-19
-65
-119
-176
-229
-282
-328
-362
-382
-391
-388
-367
-335
-296
-256
-212
-170
-134
-104
-81
-65
-60
-60
-69
-79
-95
-113
-132
-152
-167
-182
-190
-192
-191
-182
-169
-149
-131
-109
-87
-72
-62
-61
-65
-76
-94
-113
-138
-162
-184
-197
-205
-206
267
-618
-181
286
-233
395
166
-426
109
-156
626
-74
120
554
62
45
132
-103
462
482
528
627
215
456
148
158
-9
314
-221
216
-57
-232
298
428
677
627
319
274
574
-254
378
412
-156
-355
101
49
-149
-587
145
-459
167
-17
-485
-248
-166
65
310
224
-229
472
-210
35
547
375
-265
480
261
323
28
129
390
-241
-74
-338
-118
-443
282
345
-384
87
-449
430
-310
-366
-318
-35
86
330
-528
93
18
-527
-651
-196
119
-614
-383
-252
120
91
-213
-192
-174
-159
-142
-124
-109
-99
-90
-80
-75
-76
-84
-90
-101
-115
-127
-138
-146
-152
-152
-147
-140
-133
-124
-115
-110
-109
-110
-114
-123
-133
-145
-156
-164
-169
-168
-162
-154
-138
-118
-90
-59
-25
9
34
63
97
128
154
169
190
207
216
225
232
237
236
234
236
240
239
242
244
248
255
256
261
259
253
250
243
231
210
187
170
144
120
92
64
39
14
-3
-17
-32
-44
-47
-48
-42
-36
-22
-9
3
21
41
61
75
85
100
109
116
119
117
112
104
93
80
59
38
20
5
-4
-11
-8
-2
4
13
26
34
34
27
18
2
-24
-54
-89
-123
-154
-177
-195
-210
-219
-220
-217
-212
-206
-199
-193
-189
-182
-174
-164
-156
-148
-137
-126
-119
-113
-112
-112
-115
-120
-126
-135
-142
-147
-148
-148
-147
-146
-141
-138
-134
-131
-133
-137
-142
-148
-153
-159
-165
-167
-165
-158
-146
-132
-115
-94
-64
-30
1
29
53
82
112
135
157
171
186
196
206
216
219
220
220
220
223
225
226
228
229
235
241
243
244
241
238
236
227
214
195
175
159
137
115
88
62
40
20
4
-12
-27
-36
-42
-42
-36
-31
-24
-14
1
20
36
50
62
74
87
94
99
98
92
86
74
59
39
17
-1
-15
-19
-19
-16
-7
6
21
35
44
46
41
32
15
-9
-37
-68
-96
-122
-144
-164
-178
-188
-192
-193
-193
-193
-193
-192
-192
-188
-184
-180
-173
-167
-158
-151
-147
-145
-148
-151
-156
-164
-173
-181
-186
-188
-186
-183
-180
-174
-165
-157
-148
-143
-142
-142
-145
-146
-148
-152
-156
-156
-149
-137
-123
-110
-90
-64
-30
3
31
59
83
115
142
163
181
192
204
212
221
223
221
217
215
213
212
209
206
206
210
216
220
221
222
223
224
223
211
197
179
162
145
123
96
68
45
26
9
-8
-23
-34
-36
-34
-28
-22
-13
1
18
36
54
67
80
91
101
109
110
107
99
90
76
57
34
11
-6
-14
-14
-10
-3
9
25
43
60
69
69
63
52
34
9
-22
-54
-80
-103
-125
-143
-159
-169
-175
-178
-180
-182
-184
-185
-185
-182
-179
-176
-174
-169
-165
-162
-166
-172
-179
-185
-192
-203
-214
-221
-223
-219
-214
-206
-197
-185
-169
-155
-143
-135
-129
-126
-124
-124
-127
-130
-130
-124
-115
-102
-92
-74
-49
-16
22
54
84
112
144
176
202
222
235
245
251
255
253
245
238
228
219
209
200
191
187
188
192
196
196
196
199
202
204
195
181
164
145
127
103
76
44
19
-3
-20
-35
-46
-52
-51
-42
-30
-15
3
23
45
67
86
101
112
123
129
131
126
116
100
85
66
43
19
-3
-16
-18
-12
-4
11
29
48
68
85
92
89
76
54
25
-9
-49
-88
-121
-147
-166
-181
-189
-191
-186
-181
-177
-175
-175
-173
-172
-171
-171
-176
-180
-183
-188
-196
-209
-225
-241
-255
-267
-279
-287
-289
-285
-274
-260
-245
-226
-203
-181
-161
-146
-135
-129
-126
-123
-125
-131
-136
-136
-126
-110
-94
-77
-51
-16
31
76
116
151
185
220
252
272
285
291
291
289
279
263
246
230
216
203
190
180
169
172
176
185
192
191
189
189
187
183
163
137
107
76
49
17
-18
-47
-69
-81
-87
-90
-83
-68
-42
-12
17
47
72
99
127
147
160
161
157
153
142
129
107
81
59
38
20
7
-6
-7
3
22
44
64
85
106
123
132
124
106
78
40
-1
-51
-104
-152
-194
-220
-233
-234
-224
-208
-183
-157
-135
-117
-109
-106
-110
-123
-143
-169
-199
-227
-254
-283
-310
-334
-350
-358
-358
-352
-341
-325
-301
-273
-244
-219
-196
-176
-160
-149
-148
-156
-165
-175
-181
-185
-185
-172
-145
-103
-62
-17
38
99
168
229
278
318
343
363
377
373
363
340
314
292
262
238
222
209
212
214
221
231
236
256
267
277
276
252
227
193
154
116
59
4
-50
-98
-126
-154
-166
-159
-141
-102
-66
-26
26
74
126
164
187
201
196
192
184
163
140
104
77
61
47
44
42
47
64
78
100
116
127
142
147
147
135
107
80
47
12
-25
-69
-106
-138
-159
-166
-171
-168
-161
-150
-134
-126
-121
-119
-125
-132
-145
-162
-183
-206
-220
-234
-249
-265
-285
-299
-309
-321
-331
-345
-355
-361
-365
-366
-368
-366
-360
-354
-346
-342
-337
-331
-325
-310
-291
-268
-242
-213
-165
-104
-32
30
80
139
196
255
304
330
357
372
382
398
393
397
401
404
420
415
409
409
402
408
397
374
349
301
273
234
196
161
105
63
24
-17
-39
-72
-95
-108
-126
-125
-141
-147
-131
-110
-79
-66
-53
-22
12
56
94
120
150
165
186
204
213
220
210
203
192
172
155
138
126
123
109
98
85
72
73
67
60
41
8
-21
-51
-80
-105
-140
-169
-196
-215
-220
-227
-221
-210
-196
-180
-176
-169
-162
-159
-157
-167
-184
-204
-230
-247
-262
-277
-291
-312
-324
-335
-346
-355
-368
-378
-392
-413
-430
-450
-462
-475
-487
-492
-493
-471
-431
-386
-333
-271
-193
-91
-2
63
130
178
239
290
312
338
360
384
432
462
498
542
584
641
668
675
668
642
612
561
493
428
340
275
213
159
137
101
87
70
43
27
-5
-47
-88
-145
-185
-230
-268
-277
-268
-230
-182
-127
-45
30
103
163
205
242
246
244
229
204
185
162
155
163
170
194
218
240
258
255
245
216
167
111
42
-28
-94
-153
-188
-213
-218
-216
-209
-197
-191
-186
-190
-207
-231
-260
-290
-314
-330
-325
-305
-277
-241
-203
-169
-142
-131
-135
-153
-195
-243
-295
-344
-381
-408
-421
-423
-417
-409
-401
-403
-413
-432
-451
-456
-454
-442
-437
-408
-343
-245
-135
-66
16
79
152
216
242
277
311
346
410
444
487
547
609
696
741
751
739
714
681
643
577
525
451
415
370
328
310
268
257
216
152
76
-14
-101
-170
-238
-280
-316
-336
-302
-214
-120
-33
5
33
74
62
63
41
34
44
49
59
103
142
212
283
326
335
299
255
209
171
122
73
31
-3
-25
-20
-21
-7
0
-21
-65
-133
-212
-272
-322
-366
-377
-389
-384
-363
-326
-274
-236
-223
-221
-234
-261
-297
-319
-322
-311
-303
-295
-278
-258
-243
-227
-230
-246
-283
-339
-395
-441
-475
-493
-502
-504
-470
-423
-370
-300
-251
-179
-109
-104
-89
-94
-90
-26
17
84
170
229
331
426
495
554
585
601
608
582
541
521
528
540
565
575
560
559
537
501
460
389
312
243
155
83
39
2
-18
-16
-24
-23
-37
-71
-72
-74
-84
-81
-79
-58
-23
8
47
92
122
144
163
157
148
133
122
124
120
119
124
121
122
114
99
76
43
7
-36
-81
-119
-142
-157
-173
-192
-210
-233
-257
-286
-304
-317
-329
-336
-336
-332
-321
-306
-289
-272
-274
-277
-286
-292
-295
-297
-293
-291
-284
-283
-278
-281
-288
-308
-326
-358
-386
-419
-443
-456
-452
-417
-370
-311
-240
-180
-100
-62
-70
-52
-73
-10
45
99
198
265
350
434
472
516
525
532
537
522
514
504
535
569
589
596
558
507
468
393
357
300
251
232
184
148
103
70
35
10
-9
-34
-38
-58
-51
-9
11
45
59
78
97
105
106
128
157
178
202
203
196
195
191
192
190
167
147
123
92
67
48
21
-1
-36
-78
-122
-160
-186
-194
-212
-244
-274
-310
-336
-356
-365
-358
-349
-347
-344
-338
-332
-321
-308
-298
-295
-298
-303
-295
-287
-275
-269
-270
-272
-278
-289
-303
-324
-335
-348
-365
-385
-410
-432
-443
-431
-387
-326
-252
-188
-115
-80
-95
-91
-97
-28
51
121
218
290
353
422
451
492
514
529
551
553
554
571
604
632
634
594
542
463
421
374
362
347
316
289
219
139
61
3
-29
-48
-51
-44
-40
-44
-44
-25
-19
-17
-23
-4
19
53
94
145
196
205
199
171
155
156
169
197
213
215
199
167
128
86
53
23
-8
-40
-72
-98
-120
-141
-170
-219
-282
-337
-373
-385
-384
-366
-348
-348
-365
-390
-404
-404
-395
-378
-355
-338
-331
-324
-311
-308
-303
-316
-313
-304
-300
-285
-290
-291
-314
-354
-390
-419
-433
-432
-421
-375
-316
-225
-152
-88
-75
-122
-149
-164
-87
14
126
228
302
339
355
351
369
412
475
538
561
573
573
597
616
615
576
526
459
443
424
439
438
417
368
267
151
47
6
10
51
87
98
65
9
-47
-58
-55
-27
5
47
75
100
112
594
-307
83
507
-66
527
272
-322
211
-93
616
-172
-61
307
-220
-231
-122
-348
206
200
213
269
-181
31
-307
-321
-505
-198
-740
-324
-605
-794
-293
-190
50
28
-233
-227
129
-655
-3
48
-498
-665
-177
-203
-351
-746
6
-607
-22
-251
-775
-590
-541
-344
-133
-260
-735
-19
-655
-332
241
130
-525
187
-57
37
-132
110
513
-21
200
-43
185
-124
654
785
121
619
64
902
149
114
213
529
654
896
32
690
650
165
62
505
753
-88
39
96
449
436
166
205
185
115
8
-36
-21
26
95
126
161
157
139
126
121
117
125
134
145
148
150
167
183
160
114
46
-10
-34
-36
-4
-2
-18
-73
-136
-202
-249
-266
-264
-273
-292
-316
-343
-370
-385
-381
-373
-384
-395
-391
-374
-352
-339
-321
-314
-329
-343
-349
-331
-302
-280
-247
-250
-257
-288
-315
-325
-331
-314
-302
-320
-350
-375
-360
-292
-209
-99
-36
-8
-67
-120
-146
-78
39
166
255
285
284
264
281
310
386
451
506
506
484
454
468
487
518
490
450
393
366
371
382
397
367
314
211
118
48
50
81
135
155
151
98
42
-4
3
40
89
130
158
169
168
160
151
152
145
159
166
182
194
199
192
167
115
71
28
7
-1
-4
-14
-45
-93
-146
-197
-235
-260
-281
-303
-336
-363
-389
-404
-419
-420
-421
-424
-435
-439
-431
-413
-393
-374
-369
-374
-376
-375
-355
-340
-319
-298
-282
-284
-301
-318
-316
-308
-292
-289
-307
-337
-367
-362
-307
-226
-109
-19
43
25
-58
-109
-101
22
163
283
338
347
323
314
315
370
438
516
555
546
506
477
477
492
496
452
415
363
368
367
374
344
294
212
125
47
20
44
91
118
109
67
10
-20
-18
29
68
107
125
143
150
151
149
150
158
168
178
191
201
211
205
185
142
103
76
59
50
37
18
-18
-65
-109
-147
-173
-196
-223
-257
-303
-338
-363
-372
-383
-390
-398
-406
-414
-424
-423
-413
-399
-382
-375
-379
-390
-394
-384
-369
-348
-322
-305
-298
-313
-332
-348
-358
-344
-328
-311
-324
-350
-375
-358
-301
-194
-60
31
66
-1
-71
-90
-13
126
264
346
385
375
362
356
386
461
538
595
591
558
521
520
524
544
506
460
406
382
387
386
374
331
256
160
75
28
32
49
51
27
12
13
34
56
59
59
39
30
50
97
167
208
214
182
137
106
120
162
217
230
206
160
110
80
69
63
56
26
-17
-56
-92
-101
-113
-127
-173
-232
-285
-320
-333
-332
-331
-340
-360
-384
-396
-392
-381
-364
-357
-361
-369
-372
-362
-348
-344
-346
-352
-352
-347
-336
-319
-312
-318
-344
-362
-378
-372
-355
-344
-358
-390
-393
-348
-246
-108
3
55
14
-73
-105
-56
89
237
351
405
403
369
348
373
450
546
617
627
583
537
517
525
536
517
471
422
378
371
368
365
326
253
157
62
4
3
47
94
100
61
-15
-70
-76
-24
50
97
109
100
92
95
112
130
157
162
161
148
145
155
166
167
148
99
54
27
20
23
11
-14
-64
-118
-161
-180
-184
-186
-210
-252
-308
-351
-367
-363
-346
-337
-341
-356
-380
-390
-380
-350
-326
-320
-332
-351
-361
-360
-344
-329
-316
-311
-307
-316
-325
-336
-345
-347
-359
-362
-357
-357
-362
-378
-395
-363
-318
-211
-103
-13
39
-1
-39
-55
6
135
264
363
414
413
413
404
429
488
551
604
612
579
549
529
527
529
478
432
378
355
356
343
323
272
200
112
29
-18
-17
18
54
62
39
-9
-46
-41
-2
59
91
115
123
134
149
157
166
167
167
165
166
169
179
178
167
133
86
47
24
16
15
-2
-30
-75
-124
-156
-181
-186
-195
-213
-247
-288
-317
-329
-330
-326
-319
-317
-318
-326
-329
-323
-310
-297
-294
-288
-294
-294
-305
-304
-305
-306
-304
-308
-300
-304
-304
-321
-342
-363
-379
-380
-376
-367
-368
-383
-390
-365
-299
-166
-37
64
70
-8
-57
-32
94
252
361
435
461
456
448
432
476
553
632
663
621
559
521
516
529
511
449
387
328
307
303
290
271
207
123
24
-61
-82
-60
-15
17
18
4
-30
-61
-48
6
91
139
161
154
164
175
189
198
200
200
190
187
181
183
171
158
122
75
28
-4
-20
-16
-23
-46
-98
-152
-192
-213
-215
-218
-221
-243
-274
-307
-324
-323
-311
-296
-286
-280
-284
-284
-272
-258
-244
-249
-252
-260
-261
-267
-270
-278
-288
-288
-301
-300
-318
-322
-337
-353
-371
-390
-391
-396
-390
-399
-411
-429
-434
-390
-312
-164
-23
78
96
4
-35
-24
110
272
388
479
505
517
495
478
495
554
629
648
626
557
529
514
498
461
367
306
238
227
230
219
208
136
51
-60
-144
-166
-139
-83
-55
-37
-42
-41
-49
-37
18
70
133
148
164
196
236
275
273
244
198
172
166
184
205
202
181
125
59
-1
-42
-49
-46
-35
-63
-109
-163
-205
-214
-226
-231
-244
-255
-264
-268
-267
-265
-254
-255
-252
-251
-247
-226
-200
-176
-167
-175
-193
-210
-221
-227
-223
-222
-229
-248
-281
-307
-326
-321
-325
-330
-354
-384
-400
-426
-428
-427
-410
-401
-416
-436
-427
-370
-258
-96
40
141
122
46
16
55
211
373
491
566
572
564
532
518
547
595
648
626
577
507
475
460
444
380
282
195
117
120
129
138
132
57
-33
-146
-219
-219
-165
-95
-70
-72
-109
-111
-55
53
188
266
271
235
186
203
244
327
373
364
299
216
158
142
167
175
169
101
22
-40
-69
-63
-45
-58
-97
-172
-226
-244
-213
-172
-158
-174
-230
-269
-277
-248
-197
-153
-141
-157
-184
-205
-181
-134
-92
-75
-94
-134
-163
-176
-178
-170
-195
-225
-271
-309
-336
-342
-330
-330
-342
-396
-441
-472
-471
-441
-412
-389
-405
-422
-461
-460
-419
-340
-210
-49
95
210
209
131
93
114
254
409
519
592
632
633
619
566
533
531
559
553
517
462
412
394
354
274
157
62
-10
-1
27
43
55
2
-69
-156
-237
-247
-205
-125
-61
-20
-20
-21
16
113
229
301
297
254
260
290
344
359
370
343
296
219
148
125
133
147
126
61
-33
-94
-127
-123
-110
-109
-145
-173
-216
-220
-201
-177
-156
-158
-174
-204
-195
-171
-120
-77
-72
-88
-112
-133
-126
-87
-55
-37
-51
-97
-143
-181
-210
-213
-219
-245
-278
-316
-345
-363
-377
-398
-417
-437
-461
-468
-468
-457
-435
-418
-422
-424
-432
-424
-400
-355
-280
-188
-100
-4
109
220
308
265
249
224
308
447
523
603
617
630
596
538
459
420
437
433
415
359
268
231
180
148
71
6
-67
-90
-51
-61
-14
-33
-49
-77
-135
-164
-154
-85
-11
67
106
106
137
168
239
288
311
320
332
355
343
319
289
269
247
200
136
76
57
43
25
-11
-77
-114
-142
-152
-154
-150
-140
-129
-117
-131
-127
-121
-103
-71
-61
-62
-67
-61
-44
-21
-12
-23
-33
-53
-70
-72
-86
-78
-83
-97
-136
-186
-232
-258
-267
-289
-309
-337
-361
-384
-402
-434
-453
-467
-476
-458
-455
-438
-426
-411
-397
-385
-375
-362
-343
-322
-292
-223
-139
-49
16
66
146
227
337
334
352
333
369
454
483
525
520
540
529
499
428
349
323
308
295
269
183
139
89
78
39
4
-36
-60
-26
-34
-3
-4
3
17
11
3
-15
3
40
101
152
162
174
183
237
277
305
297
294
301
298
263
207
174
146
140
107
51
13
-17
-39
-49
-84
-107
-116
-105
-95
-72
-62
-54
-23
-17
-3
-5
-4
2
29
34
31
24
7
11
11
-4
-24
-47
-74
-85
-102
-120
-130
-147
-167
-198
-245
-284
-309
-326
-340
-363
-393
-410
-422
-432
-445
-457
-472
-465
-459
-436
-416
-384
-361
-342
-338
-341
-328
-315
-275
-261
-201
-133
-22
78
128
135
146
187
262
328
363
384
421
461
471
463
416
408
405
400
360
308
251
238
241
222
172
107
46
35
39
40
35
30
36
45
37
10
-10
-5
29
58
66
56
56
76
108
116
107
91
104
149
201
225
226
199
167
143
105
78
62
59
63
64
34
5
-20
-33
-32
-31
-44
-38
-22
5
42
62
63
64
59
48
55
52
60
75
78
63
41
0
-26
-33
-43
-52
-67
-97
-119
-140
-167
-190
-215
-241
-261
-281
-310
-328
-349
-364
-375
-395
-412
-429
-435
-436
-431
-425
-422
-409
-403
-389
-376
-356
-328
-299
-274
-257
-253
-243
-233
-214
-185
-130
-34
72
179
217
228
207
224
233
262
288
312
379
419
450
424
390
351
329
308
272
237
216
208
233
218
197
143
92
65
46
41
23
42
52
79
86
53
16
-12
-15
-1
11
17
28
56
75
87
66
48
38
44
59
75
104
139
178
187
161
112
62
50
63
84
110
102
104
98
89
78
63
61
65
93
99
107
112
116
134
137
119
93
70
62
71
78
68
53
32
3
-15
-49
-76
-91
-99
-104
-124
-157
-201
-225
-250
-267
181
-751
-354
65
-501
65
-234
-887
-403
-709
30
-709
-534
-125
-606
-614
-502
-712
-119
-53
47
189
-198
68
-233
-200
-364
-41
-580
-144
-397
-493
136
386
734
728
427
365
659
-160
519
607
138
44
574
547
344
-133
561
-76
492
265
-266
-92
-43
170
386
264
-257
385
-338
-129
351
173
-454
318
149
243
-42
61
315
-304
-105
-340
-89
-381
369
456
-272
182
-384
468
-283
-332
-270
29
179
463
-343
334
309
-176
-248
240
575
-190
-1
82
435
408
125
153
164
179
165
156
138
118
113
124
132
136
127
111
108
112
102
89
56
15
-3
-25
-41
-59
-77
-106
-114
-145
-186
-221
-260
-281
-290
-298
-310
-320
-330
-334
-337
-349
-361
-365
-363
-350
-337
-331
-324
-316
-301
-287
-273
-272
-260
-250
-223
-200
-175
-158
-136
-121
-116
-115
-132
-141
-149
-143
-143
-143
-145
-107
-37
64
157
206
206
166
124
84
73
85
127
207
283
334
342
303
251
203
172
148
129
111
110
128
143
146
129
94
71
53
33
17
-1
-10
12
42
59
64
51
31
19
12
5
11
29
60
105
133
142
130
115
102
97
88
78
69
62
68
74
69
59
49
47
62
74
84
91
90
97
105
117
120
129
135
138
150
139
133
127
122
126
126
126
113
99
81
63
54
29
18
3
-12
-20
-43
-66
-96
-123
-149
-163
-175
-191
-194
-202
-207
-213
-223
-232
-242
-244
-245
-238
-233
-227
-213
-202
-188
-182
-185
-184
-191
-191
-184
-176
-165
-155
-149
-149
-157
-169
-182
-187
-186
-185
-169
-171
-173
-177
-202
-210
-242
-259
-282
-294
-286
-252
-168
-70
42
125
160
156
112
65
41
41
83
166
265
352
412
416
384
327
267
219
192
183
185
211
229
239
233
203
172
133
101
74
41
13
-5
-7
-7
4
5
2
-5
-17
-32
-45
-49
-47
-18
24
68
108
130
142
139
126
115
101
92
95
106
120
128
130
120
106
91
66
48
28
18
33
55
91
113
126
124
108
92
66
54
38
40
55
69
83
83
75
62
46
37
27
20
13
13
17
13
11
-4
-13
-23
-30
-38
-52
-73
-94
-106
-116
-120
-121
-119
-116
-114
-114
-122
-136
-149
-157
-154
-147
-137
-127
-121
-119
-127
-134
-146
-161
-167
-166
-160
-154
-149
-150
-156
-167
-187
-202
-225
-242
-248
-249
-241
-240
-239
-248
-268
-293
-327
-346
-367
-375
-371
-357
-319
-264
-177
-80
16
90
128
142
118
97
77
84
124
194
288
372
435
449
428
375
303
237
186
157
156
171
198
211
204
177
139
94
54
22
-1
-16
-18
-12
2
20
34
51
68
78
87
87
85
83
87
107
134
166
190
208
207
187
152
105
59
21
-2
-9
-4
1
1
-9
-32
-63
-100
-132
-157
-169
-167
-150
-128
-100
-67
-33
4
28
53
56
59
54
55
70
91
134
176
225
255
264
249
216
174
141
119
117
130
149
169
172
162
128
87
36
1
-30
-44
-53
-54
-60
-68
-77
-97
-111
-128
-136
-144
-149
-154
-159
-165
-165
-159
-151
-138
-131
-127
-132
-145
-165
-187
-205
-218
-217
-208
-200
-194
-199
-214
-235
-264
-289
-311
-322
-323
-314
-300
-286
-277
-269
-274
-274
-286
-290
-294
-296
-283
-276
-253
-239
-210
-174
-121
-48
30
116
183
228
253
248
235
218
217
236
277
339
398
446
466
454
417
353
285
220
172
152
150
159
168
161
140
110
71
32
-3
-26
-44
-53
-56
-60
-59
-60
-49
-37
-21
-4
9
18
28
35
43
58
80
105
136
165
181
184
177
155
129
109
97
93
103
113
120
117
102
75
39
8
-22
-42
-49
-47
-41
-34
-28
-27
-30
-26
-21
-12
4
22
40
59
76
89
101
115
131
147
166
180
179
171
149
122
94
76
61
54
57
54
47
29
-1
-38
-78
-109
-131
-141
-141
-134
-128
-127
-131
-142
-155
-165
-172
-167
-155
-137
-122
-106
-91
-82
-70
-63
-53
-49
-43
-40
-44
-52
-64
-77
-87
-98
-106
-114
-129
-146
-170
-196
-220
-243
-257
-266
-269
-270
-273
-278
-290
-303
-312
-318
-317
-310
-299
-287
-278
-272
-268
-268
-264
-251
-229
-193
-138
-71
3
76
133
172
189
190
178
171
170
183
213
254
301
337
358
361
338
301
261
218
183
162
155
156
166
175
176
172
160
139
116
93
70
51
40
38
38
47
61
71
83
92
95
89
81
69
58
55
61
69
81
94
98
90
78
52
19
-11
-32
-48
-52
-45
-39
-34
-32
-39
-53
-67
-80
-93
-97
-90
-84
-71
-54
-43
-33
-17
-2
12
33
54
71
88
106
120
131
145
155
163
171
176
177
172
165
149
131
114
95
78
66
56
43
32
19
0
-19
-38
-55
-71
-81
-86
-95
-98
-104
-111
-122
-128
-136
-142
-140
-136
-130
-119
-110
-104
-101
-95
-96
-96
-92
-89
-89
-86
-85
-90
-98
-103
-115
-127
-134
-141
-150
-154
-161
-173
-185
-196
-210
-219
-218
-218
-214
-205
-201
-203
-203
-209
-214
-220
-217
-211
-200
-180
-162
-145
-132
-125
-122
-123
-115
-103
-73
-24
32
91
141
174
186
178
165
147
137
143
162
196
233
266
282
280
260
228
196
168
149
142
146
154
161
164
158
146
129
113
101
90
80
73
65
61
59
60
65
69
78
84
88
86
76
65
57
54
58
67
81
89
91
84
65
38
8
-17
-32
-37
-30
-21
-11
-8
-12
-24
-38
-56
-69
-75
-73
-65
-51
-38
-27
-21
-15
-11
-3
8
19
31
42
51
57
64
72
81
94
106
115
118
115
106
97
85
78
74
72
69
65
56
44
26
8
-12
-27
-38
-44
-50
-54
-62
-72
-81
-91
-100
-105
-106
-108
-106
-101
-97
-95
-88
-82
-73
-64
-56
-51
-49
-49
-52
-58
-60
-65
-69
-72
-75
-85
-96
-110
-126
-144
-156
-169
-178
-185
-196
-207
-219
-231
-241
-245
-240
-233
-219
-205
-195
-192
-192
-194
-194
-191
-180
-162
-140
-117
-96
-80
-71
-67
-65
-59
-46
-26
6
38
70
99
115
121
119
112
106
107
116
128
147
165
178
185
187
182
169
155
147
138
135
137
140
140
144
146
144
142
139
127
118
108
95
82
76
73
72
78
84
81
78
72
59
45
36
28
24
25
31
34
36
35
26
12
2
-10
-21
-22
-20
-18
-12
-6
-5
-7
-7
-11
-16
-16
-13
-11
-4
9
20
30
43
48
49
50
49
45
43
47
51
55
65
72
76
75
71
62
51
42
33
27
25
24
23
22
18
10
-3
-12
-27
-40
-49
-57
-64
-67
-66
-69
-73
-76
-79
-84
-87
-86
-88
-84
-78
-72
-65
-56
-49
-45
-41
-36
-36
-34
-32
-31
-32
-30
-29
-33
-38
-43
-53
-61
-68
-78
-88
-95
-102
-111
-116
-121
-126
-129
-129
-133
-138
-142
-147
-153
-155
-153
-150
-143
-134
-126
-121
-114
-111
-107
-100
-90
-82
-67
-55
-46
-44
-44
-54
-60
-64
-55
-42
-18
6
27
37
43
34
23
11
11
21
50
84
119
144
156
152
142
129
124
122
136
156
177
193
203
197
183
169
158
146
144
145
146
147
145
137
123
110
97
86
80
74
62
52
42
29
19
16
12
7
4
2
-9
-18
-28
-38
-43
-39
-36
-31
-26
-25
-30
-28
-30
-32
-30
-23
-20
-14
-8
-4
-5
-1
2
10
17
29
34
41
44
45
42
43
40
43
45
52
52
53
49
46
38
35
31
27
20
15
10
5
-1
-7
-16
-22
-32
-38
-47
-53
-59
-61
-61
-61
-63
-66
-72
-75
-79
-79
-79
-73
-68
-64
-58
-56
-57
-60
-61
-63
-62
-58
-56
-56
-56
-60
-66
-71
-79
-86
-92
-94
-97
-100
-103
-109
-115
-122
-126
-131
-132
-131
-129
-125
-121
-118
-118
-115
-112
-110
-102
-98
-91
-84
-76
-67
-58
-48
-42
-37
-30
-32
-34
-34
-37
-37
-28
-17
-8
3
10
4
-4
-6
-10
1
20
48
69
89
100
96
86
78
68
73
89
113
131
153
164
158
151
142
128
119
122
126
130
140
142
135
129
123
107
98
91
81
74
73
68
63
60
56
46
37
29
17
7
5
3
3
6
8
3
-4
-11
-21
-28
-29
-28
-25
-19
-14
-17
-20
-24
-31
-34
-32
-26
-22
-13
-6
-2
2
5
4
6
9
10
11
14
15
19
25
34
40
45
46
42
34
25
17
13
14
20
26
31
31
24
14
3
-8
-14
-14
-13
-10
-7
-8
-14
-20
-28
-34
-38
-38
-37
-34
-31
-30
-28
-27
-29
-33
-38
-43
-49
-50
-51
-51
-49
-48
-50
-55
-65
-76
-85
-95
-98
-101
-100
-103
-107
-116
-126
-133
-138
-137
-133
-129
-124
-119
-112
-107
-103
-100
-101
-98
-93
-84
-77
-67
-59
-54
-50
-45
-44
-43
-40
-32
-30
-20
-15
-11
-7
3
5
5
4
0
2
26
56
85
113
120
110
88
73
59
57
543
-334
104
559
4
573
272
-380
97
-221
528
-206
-24
396
-107
-139
-60
-302
257
281
348
458
54
309
3
17
-155
153
-402
10
-278
-460
68
213
475
447
166
137
455
-357
293
353
-178
-328
167
136
-46
-480
244
-374
225
25
-467
-252
-188
20
242
119
-373
307
-386
-146
359
193
-433
328
129
217
-51
75
362
-245
-51
-296
-61
-377
353
415
-328
124
-440
412
-346
-399
-334
-28
127
415
-399
262
222
-297
-405
60
380
-349
-126
-11
338
291
-33
-33
-34
-36
-37
-37
-35
-31
-28
-25
-21
-20
-25
-33
-40
-46
-48
-43
-37
-37
-41
-49
-62
-73
-79
-87
-90
-90
-93
-97
-103
-111
-123
-126
-124
-123
-118
-114
-114
-115
-114
-109
-106
-97
-89
-86
-76
-69
-64
-54
-47
-40
-39
-37
-41
-51
-49
-49
-46
-39
-38
-42
-53
-60
-69
-70
-57
-45
-21
1
15
23
35
49
62
81
94
97
100
111
123
139
158
168
170
167
156
142
131
130
129
138
141
130
111
91
76
62
62
61
57
53
49
38
24
14
2
-4
-2
0
3
6
9
13
20
26
21
19
17
15
18
26
31
33
34
31
21
8
-4
-8
-3
4
8
8
1
-9
-16
-18
-19
-18
-13
-7
-3
1
1
0
1
4
8
9
10
9
12
18
25
27
27
21
18
15
15
13
10
10
6
1
-5
-16
-25
-29
-29
-26
-26
-28
-36
-41
-46
-51
-52
-52
-51
-48
-44
-41
-41
-40
-35
-32
-28
-27
-27
-26
-22
-13
-5
0
-1
-7
-11
-16
-16
-17
-17
-20
-25
-31
-42
-51
-56
-61
-61
-62
-65
-72
-77
-82
-85
-80
-81
-79
-76
-74
-72
-69
-66
-62
-57
-47
-46
-44
-43
-43
-40
-35
-28
-32
-36
-39
-47
-53
-56
-63
-73
-81
-92
-109
-123
-137
-143
-114
-59
4
43
48
13
-35
-57
-44
2
64
124
159
165
149
121
91
92
110
142
164
167
150
130
121
116
102
82
57
43
49
65
83
81
70
40
1
-32
-52
-52
-24
20
48
51
27
-9
-37
-33
-12
18
45
61
64
57
43
22
10
10
17
25
30
24
18
17
17
7
-10
-31
-43
-39
-19
3
13
13
-1
-15
-31
-36
-34
-16
10
32
37
26
4
-12
-13
0
16
27
34
32
28
18
7
-6
-11
-10
-3
-2
-3
-10
-16
-21
-30
-41
-57
-66
-66
-55
-41
-38
-42
-51
-62
-64
-66
-62
-53
-40
-25
-21
-23
-35
-42
-41
-31
-16
-8
-5
-5
-5
-5
-10
-17
-24
-29
-26
-26
-27
-34
-38
-42
-46
-53
-65
-74
-74
-64
-53
-47
-51
-59
-65
-63
-60
-50
-44
-37
-33
-27
-30
-33
-32
-30
-23
-19
-22
-32
-38
-44
-46
-52
-62
-81
-97
-108
-105
-93
-69
-27
14
37
29
-9
-44
-56
-24
30
79
113
116
106
85
78
81
89
112
138
146
143
123
103
92
94
92
77
62
60
66
85
95
79
44
7
-14
-23
-11
11
26
37
39
14
-13
-29
-23
1
35
55
54
39
28
24
22
27
27
29
36
39
37
29
20
13
4
3
-8
-13
-9
3
15
17
3
-17
-31
-29
-13
2
18
20
14
5
-3
-6
-3
10
27
35
34
26
17
17
22
23
21
12
3
0
3
7
3
-4
-19
-31
-36
-43
-41
-40
-36
-39
-52
-65
-75
-72
-61
-49
-43
-47
-53
-57
-55
-47
-41
-36
-31
-28
-27
-25
-22
-18
-11
-6
-6
-12
-20
-25
-24
-22
-22
-30
-42
-50
-55
-57
-57
-58
-58
-60
-63
-67
-71
-72
-69
-64
-60
-54
-51
-44
-39
-35
-37
-38
-37
-34
-29
-25
-21
-23
-26
-30
-34
-38
-41
-49
-53
-60
-71
-83
-88
-87
-78
-72
-70
-61
-37
-11
8
-1
-16
-31
-15
17
55
83
94
91
85
87
95
99
111
129
133
135
115
93
82
92
95
93
74
61
48
54
58
49
28
7
-7
-9
-6
-5
-6
-5
-3
-16
-28
-33
-28
-12
10
16
11
-3
-8
-5
8
15
15
11
14
11
7
1
-5
-4
-3
-4
-11
-18
-22
-19
-15
-12
-21
-30
-31
-25
-18
-12
-14
-15
-17
-13
-9
-2
17
54
93
127
119
91
60
55
77
106
128
129
113
91
68
54
45
43
48
47
39
12
-18
-37
-35
-35
-42
-57
-72
-73
-61
-51
-51
-64
-82
-90
-85
-71
-59
-49
-39
-36
-40
-48
-50
-37
-17
5
8
-4
-19
-33
-34
-28
-30
-38
-47
-53
-60
-70
-81
-93
-94
-90
-87
-87
-87
-90
-89
-82
-75
-66
-60
-50
-39
-31
-28
-30
-32
-26
-21
-13
-7
-4
-1
-2
-5
-15
-21
-29
-27
-25
-25
-34
-47
-64
-75
-80
-76
-66
-58
-54
-59
-65
-61
-47
-26
-11
-5
-3
1
17
38
63
82
93
96
99
106
115
127
139
145
143
134
124
118
123
129
127
115
96
80
71
68
63
52
37
19
3
-9
-15
-19
-21
-24
-32
-42
-49
-48
-42
-32
-28
-28
-30
-30
-25
-14
-6
-2
-2
-1
0
3
8
11
16
16
14
9
6
5
7
7
6
-1
-7
-14
-15
-17
-18
-21
-25
-29
-30
-28
-21
13
51
72
60
13
-7
2
57
104
118
105
66
42
34
55
75
87
85
71
42
18
-4
3
17
32
6
-21
-48
-47
-34
-24
-34
-59
-77
-81
-69
-59
-56
-68
-74
-80
-82
-80
-65
-47
-34
-39
-51
-67
-60
-44
-26
-17
-24
-41
-52
-52
-47
-45
-45
-47
-52
-57
-68
-70
-68
-57
-54
-55
-62
-62
-59
-50
-48
-50
-56
-59
-58
-55
-50
-47
-43
-44
-47
-58
-62
-58
-47
-38
-39
-52
-65
-71
-67
-64
-66
-72
-81
-84
-69
-36
-1
16
-3
-35
-52
-37
2
43
70
69
52
36
37
60
92
112
126
122
107
92
89
105
123
128
118
97
89
91
100
103
93
73
54
49
48
48
41
28
13
-1
-11
-11
-3
5
0
-11
-26
-31
-25
-12
-1
3
-5
-15
-19
-15
-10
-5
-1
1
-1
-6
-7
-7
-5
-4
-4
-4
-4
-4
-3
-5
-7
-12
-14
-11
-7
-5
-9
-13
-17
-16
-9
5
14
17
9
7
13
27
37
45
47
45
45
47
53
55
52
48
47
49
48
44
39
30
22
15
14
15
16
11
3
-7
-14
-17
-14
-12
-12
-18
-25
-31
-33
-31
-26
-23
-24
-28
-32
-32
-31
-28
-26
-28
-30
-30
-28
-25
-26
-33
-40
-39
-33
-30
-32
-37
-43
-46
-46
-41
-37
-34
-37
-42
-45
-42
-36
-32
-31
-36
-39
-38
-33
-24
-21
-21
-27
-35
-40
-40
-33
-24
-20
-24
-33
-40
-39
-34
-29
-27
-30
-31
-33
-32
-32
-37
-41
-43
-37
-31
-28
-30
-36
-40
-42
-38
-35
-28
-28
-25
-20
-16
-12
-10
-3
4
13
20
23
28
31
34
38
42
48
51
54
55
55
54
52
54
58
61
59
57
50
47
46
46
48
45
43
38
37
34
33
33
32
31
28
26
24
24
23
22
20
20
20
20
20
19
16
14
13
13
14
13
11
7
2
0
1
5
6
4
0
-1
3
5
4
-1
-5
-2
3
8
7
2
-4
-6
-4
-1
3
3
0
-6
-12
-15
-13
-9
-7
-9
-15
-23
-28
-27
-25
-22
-25
-29
-35
-39
-41
-40
-40
-39
-39
-42
-46
-50
-51
-50
-50
-52
-55
-57
-55
-55
-58
-63
-68
-68
-64
-60
-58
-61
-66
-71
-69
-63
-56
-50
-52
-57
-61
-53
-46
-36
-29
-33
-28
-29
-17
-12
-8
-8
-5
-6
-8
-6
-8
-5
-5
-6
-11
-12
-17
-15
-14
-16
-30
-32
-43
-42
-42
-34
-21
4
25
31
10
-12
-3
24
58
75
71
59
44
42
52
74
93
98
86
73
59
56
60
70
75
64
51
35
31
35
39
38
36
27
24
20
20
16
10
8
9
10
15
16
17
15
9
12
17
27
32
29
25
16
11
11
12
17
15
10
2
-5
-8
-10
-10
-11
-16
-18
-21
-24
-25
-28
-28
-27
-23
-21
-20
-18
-20
-21
-20
-16
-11
-5
-3
-3
1
12
20
23
15
20
28
44
47
42
33
29
33
39
47
50
43
35
29
28
31
35
37
31
25
14
12
9
14
15
14
9
4
1
1
-1
-2
-7
-5
-7
-7
-11
-17
-23
-23
-25
-24
-24
-26
-31
-39
-44
-49
-48
-48
-50
-55
-61
-68
-70
-71
-72
-73
-74
-76
-76
-74
-70
-71
-70
-70
-71
-68
-63
-59
-55
-51
-49
-47
-44
-41
-38
-32
-29
-27
-28
-26
-27
-24
-22
-18
-18
-19
-23
-24
-21
-17
-12
-13
-16
-21
-22
-22
-15
-12
-14
-17
-19
-22
-18
-15
-12
-15
-15
-18
-17
-12
-6
-1
2
-3
-7
-4
6
13
14
17
11
10
11
16
22
28
19
20
17
21
21
25
25
25
22
21
19
23
27
28
27
26
25
28
30
34
32
34
37
33
39
38
39
37
39
38
40
42
38
37
504
-398
14
444
-117
459
179
-458
32
-279
461
-281
-110
301
-206
-227
-136
-367
206
238
301
414
11
262
-47
-32
-207
106
-433
-8
-288
-468
53
183
436
401
114
87
418
-382
282
351
-181
-342
140
102
-82
-508
229
-379
231
32
-465
-261
-210
-7
215
96
-392
287
-409
-174
328
156
-475
279
71
153
-119
8
293
-315
-117
-360
-126
-448
269
323
-422
37
-514
351
-395
-446
-377
-63
99
388
-430
228
200
-299
-385
84
398
-341
-121
-4
353
315
-3
-11
-26
-37
-35
-26
-20
-22
-28
-30
-23
-10
9
24
25
16
7
18
38
56
65
60
53
49
53
66
78
87
83
69
63
59
64
70
70
64
53
44
42
40
44
46
41
38
29
29
26
24
20
16
15
16
13
16
12
9
8
9
13
15
15
12
5
0
-1
0
4
1
-3
-10
-16
-19
-17
-15
-15
-19
-24
-28
-29
-26
-24
-22
-21
-22
-23
-20
-16
-13
-11
-9
-10
-7
-6
-2
1
0
-1
1
4
8
10
10
6
4
3
6
11
13
11
5
2
1
3
7
8
8
7
2
1
1
4
6
5
3
1
4
7
7
6
5
6
6
6
6
5
6
5
2
-1
-1
-3
-5
-7
-7
-9
-10
-13
-15
-16
-17
-21
-25
-29
-31
-30
-29
-29
-30
-30
-31
-33
-34
-33
-31
-28
-29
-30
-32
-34
-35
-32
-29
-28
-27
-28
-30
-30
-28
-28
-30
-28
-26
-28
-32
-35
-34
-28
-25
-23
-27
-27
-29
-28
-23
-17
-14
-18
-23
-22
-20
-16
-15
-12
-7
-6
-6
-9
-10
-5
-2
-2
-4
-3
-3
-5
-2
-1
3
2
0
-5
-3
-2
0
-2
1
0
-2
-4
-5
-4
-3
-1
-2
-2
-4
-5
-6
-3
-2
0
-5
-8
-11
-8
-5
-2
-4
-7
-7
-7
-5
-3
1
0
1
1
2
5
8
10
12
14
18
19
21
19
20
24
27
29
30
30
28
26
26
28
31
33
31
28
27
25
26
27
27
26
25
21
18
17
17
17
16
13
10
9
8
4
1
-2
-4
-7
-9
-11
-13
-16
-19
-23
-22
-21
-22
-23
-27
-30
-30
-30
-29
-30
-32
-35
-34
-34
-34
-33
-33
-34
-33
-33
-33
-33
-32
-31
-31
-31
-30
-29
-26
-23
-22
-25
-26
-24
-19
-16
-15
-18
-15
-14
-13
-11
-9
-8
-7
-7
-7
-5
-4
-2
-3
-2
-5
-5
-5
-4
-5
-5
-8
-9
-10
-7
-9
-11
-14
-15
-14
-14
-15
-18
-17
-14
-9
-6
-4
-6
-5
1
7
11
15
15
13
13
17
23
28
29
27
27
29
29
31
36
38
36
34
33
33
35
36
37
38
37
35
35
36
35
35
36
34
31
29
28
30
29
28
25
23
22
20
18
18
15
12
9
6
6
4
1
-5
-9
-12
-13
-13
-13
-14
-19
-24
-26
-24
-22
-20
-20
-22
-24
-25
-23
-18
-14
-13
-13
-13
-13
-14
-10
-4
1
-1
-3
-2
-1
1
2
5
7
8
5
4
5
7
7
7
6
7
6
3
1
1
2
1
-2
-3
-4
-6
-10
-12
-14
-19
-22
-24
-24
-28
-33
-37
-40
-42
-44
-44
-45
-49
-55
-57
-57
-54
-54
-56
-58
-62
-66
-63
-56
-54
-57
-60
-60
-60
-57
-52
-48
-48
-50
-53
-49
-44
-38
-35
-33
-36
-38
-36
-30
-24
-20
-20
-26
-28
-26
-19
-13
-11
-14
-17
-22
-22
-15
-4
4
10
11
9
2
8
19
29
34
32
26
22
24
28
36
44
44
35
32
32
34
37
42
41
39
35
32
30
33
39
40
39
37
36
36
34
32
33
34
33
30
30
29
27
26
27
28
29
25
21
19
17
14
14
11
10
7
5
1
-4
-6
-7
-7
-7
-9
-10
-12
-19
-21
-18
-11
-11
-12
-13
-15
-19
-18
-15
-10
-9
-11
-14
-14
-16
-15
-12
-9
-8
-10
-11
-12
-10
-8
-6
-7
-5
-7
-7
-7
-6
-5
-2
-2
1
1
-1
-3
1
5
9
9
8
7
4
5
6
11
11
8
4
3
3
2
2
6
5
1
-3
-2
-1
-1
-1
1
1
-3
-6
-6
-2
1
-1
-5
-7
-5
-4
-4
-4
-5
-6
-8
-7
-5
-4
-3
-3
-5
-5
-3
-1
1
1
2
0
-3
-2
-1
2
4
3
-2
-4
-2
-1
1
4
2
-1
-4
-4
-4
-3
-2
-4
-5
-8
-11
-11
-11
-12
-12
-11
-14
-17
-20
-21
-22
-20
-19
-21
-24
-26
-28
-25
-23
-24
-24
-26
-29
-31
-28
-28
-28
-28
-29
-30
-32
-31
-30
-27
-27
-27
-26
-24
-25
-24
-22
-21
-21
-20
-16
-13
-12
-12
-12
-10
-10
-9
-6
-2
-2
-3
-3
-3
-2
2
6
8
7
6
5
7
9
12
14
13
11
9
10
12
14
14
12
12
11
10
12
12
12
9
9
9
11
10
7
3
3
3
3
4
3
1
-3
-5
-5
-2
-2
-4
-6
-6
-8
-9
-10
-8
-6
-6
-9
-11
-10
-9
-9
-9
-8
-8
-8
-9
-10
-9
-8
-8
-8
-8
-7
-8
-8
-10
-10
-8
-7
-8
-9
-11
-13
-14
-13
-11
-10
-10
-14
-16
-15
-14
-12
-11
-12
-15
-17
-17
-15
-13
-12
-13
-16
-17
-17
-13
-10
-10
-12
-13
-14
-12
-10
-8
-8
-8
-9
-9
-6
-4
-2
-4
-6
-5
-3
-1
1
2
2
0
-1
3
7
10
9
8
8
10
12
14
16
16
13
13
14
17
19
19
17
16
15
16
18
18
17
16
16
15
15
16
17
14
13
14
15
15
14
13
11
11
10
12
14
12
10
8
8
10
11
11
10
9
6
5
6
9
9
8
6
4
3
4
4
4
6
4
3
1
2
2
3
3
4
4
2
-1
-2
-2
-1
-2
-2
-4
-6
-7
-8
-8
-8
-9
-11
-13
-16
-17
-18
-18
-19
-19
-21
-23
-25
-26
-26
-26
-25
-25
-26
-29
-31
-31
-30
-29
-28
-29
-31
-33
-33
-30
-27
-25
-26
-27
-28
-27
-26
-24
-23
-23
-23
-22
-22
-21
-20
-18
-17
-16
-14
-13
-12
-12
-11
-9
-8
-7
-5
-3
-2
-2
0
2
5
6
8
8
8
10
10
10
10
12
13
13
13
11
13
12
13
14
15
14
12
10
11
11
13
13
11
9
7
8
11
13
12
10
9
8
8
11
13
12
9
6
6
7
10
11
11
8
5
4
6
8
10
8
5
2
1
4
7
6
5
3
2
1
2
4
3
1
-2
-3
-4
-4
-5
-6
-8
-9
-10
-12
-14
-15
-16
-19
-20
-22
-23
-24
-26
-28
-29
-30
-30
-30
-31
-32
-33
-34
-33
-32
-33
-34
-35
-36
-35
-34
-32
-33
-34
-34
-34
-33
-32
-30
-29
-28
-28
-28
-26
-24
-22
-19
-18
-17
-18
-17
-14
-12
-8
-7
-6
-7
-6
-3
-1
0
2
3
3
3
5
7
9
9
10
11
12
12
12
12
14
14
14
14
15
14
13
13
13
15
14
14
12
12
12
12
12
13
12
12
10
10
10
11
11
10
10
9
8
8
8
8
9
10
10
9
9
8
9
11
11
12
11
10
9
11
11
11
11
10
9
10
10
10
9
9
8
9
10
9
9
7
6
5
6
8
7
6
3
1
-1
-1
0
1
-1
-4
-7
-8
-9
-8
-7
-8
-11
-14
-16
-16
-16
-15
-16
-17
-19
-21
-21
-22
-21
-21
-21
-22
-23
-24
-26
-26
-25
-23
-22
-23
-24
-26
-26
-24
-23
-21
-21
-22
-23
-23
-21
-20
-16
-13
-13
-14
-15
-14
-12
-10
-8
-6
-6
-8
-7
-4
-2
1
2
3
2
1
2
4
6
7
8
8
5
7
7
10
11
12
13
11
10
10
11
13
13
13
13
11
10
10
12
12
12
11
11
9
8
8
8
9
9
8
8
7
6
5
6
6
5
5
4
3
2
3
4
3
2
3
3
3
1
1
2
2
2
2
2
1
0
0
0
1
0
0
-2
-3
-3
-3
-3
-2
-2
-3
-5
-6
-6
-4
-4
-5
-6
-7
-8
-9
-8
-8
-10
-11
-12
-13
-14
-15
-17
-18
-19
-19
-20
-19
-21
-22
-23
-24
-24
-24
-24
-25
-26
-27
-28
-27
-26
-25
-24
-26
-28
-29
-27
-26
-23
-22
-22
-23
-24
-23
-20
-18
-16
-17
-18
-18
-18
-15
-13
-11
-11
-11
-11
-10
-8
-6
-5
-4
-4
-4
-3
-2
1
1
0
0
1
3
4
6
6
5
5
5
7
8
7
6
5
4
5
6
7
8
6
5
4
4
5
5
5
5
4
4
3
4
5
4
5
4
5
4
3
3
3
4
4
4
3
3
3
3
3
4
5
5
4
4
4
4
6
6
6
5
4
4
5
6
6
5
5
4
5
5
6
5
4
4
4
4
4
4
3
1
1
1
1
0
-1
-2
-3
-4
-4
-5
-6
-8
461
-443
-32
400
-160
422
143
-491
1
-310
427
-311
-137
278
-226
-247
-158
-388
187
221
287
401
-2
248
-58
-45
-216
98
-440
-14
-293
-471
53
186
440
407
123
97
429
-366
300
372
-159
-319
167
130
-51
-475
263
-344
265
65
-430
-224
-170
32
251
130
-359
321
-373
-136
368
195
-439
315
108
190
-78
49
336
-272
-76
-320
-86
-404
316
369
-377
78
-476
387
-357
-405
-337
-29
124
412
-402
265
231
-277
-376
94
414
-319
-95
20
370
323
-2
-2
-2
-2
-2
-2
-2
-2
-3
-3
-3
-2
-4
-4
-4
-3
-3
-2
-2
-3
-4
-4
-4
-2
-1
-2
-3
-5
-4
-4
-3
-3
-4
-6
-8
-9
-8
-7
-6
-7
-8
-10
-10
-11
-9
-9
-9
-10
-11
-13
-12
-13
-12
-12
-12
-12
-13
-14
-15
-14
-15
-15
-15
-15
-15
-16
-17
-16
-15
-14
-13
-14
-15
-15
-15
-15
-15
-14
-15
-15
-16
-16
-15
-14
-13
-13
-13
-13
-13
-12
-12
-11
-11
-11
-11
-11
-10
-10
-10
-10
-9
-9
-9
-8
-9
-9
-10
-9
-8
-8
-8
-8
-7
-5
-5
-5
-5
-6
-6
-5
-4
-4
-4
-4
-5
-4
-4
-3
-3
-3
-3
-3
-3
-3
-3
-2
-3
-3
-2
-2
-2
-2
-2
-1
0
1
1
0
-1
-1
-1
0
1
1
1
1
1
1
1
2
2
2
2
2
2
2
2
1
2
2
3
2
2
2
2
3
4
4
5
4
3
3
3
4
4
3
3
3
4
4
4
4
4
4
4
5
5
4
4
3
3
4
4
4
3
3
2
3
3
3
3
3
3
2
3
3
3
2
2
2
3
4
4
2
1
0
2
2
2
1
0
-1
-2
-2
1
2
1
1
-1
0
-1
0
1
3
3
3
1
0
-1
1
-1
0
0
1
0
-2
-2
0
0
-1
-1
1
0
-1
-1
0
1
1
0
-1
0
-1
0
-1
-1
0
0
-1
-1
-2
-1
-2
-3
-2
-1
0
1
1
0
-1
-1
-1
-1
0
-1
-1
-2
-3
-3
-2
-2
-2
-2
-2
-2
-3
-3
-2
-3
-3
-2
-2
-3
-3
-3
-3
-3
-4
-4
-4
-5
-5
-5
-6
-6
-5
-5
-5
-5
-6
-6
-6
-6
-6
-6
-7
-8
-8
-7
-6
-6
-8
-8
-9
-8
-9
-8
-9
-9
-10
-10
-11
-10
-9
-11
-11
-11
-10
-10
-10
-10
-11
-11
-11
-11
-10
-11
-11
-11
-12
-11
-11
-10
-11
-12
-12
-12
-11
-10
-9
-10
-10
-11
-10
-9
-8
-8
-8
-10
-10
-10
-8
-7
-7
-8
-8
-9
-9
-8
-8
-8
-8
-8
-8
-7
-7
-7
-8
-7
-7
-6
-6
-8
-7
-8
-7
-7
-6
-5
-6
-6
-6
-5
-5
-5
-5
-5
-6
-6
-5
-4
-4
-4
-4
-5
-5
-4
-4
-5
-6
-5
-5
-4
-4
-3
-3
-4
-3
-3
-2
-3
-3
-3
-4
-3
-3
-3
-3
-3
-3
-3
-3
-3
-3
-3
-4
-3
-2
-3
-3
-3
-2
-2
-2
-1
-1
-1
-1
-2
-2
-2
-1
-1
1
0
0
1
0
0
-1
0
0
0
0
-1
-1
-1
-1
0
0
0
-1
-2
-1
-1
1
1
1
2
1
1
0
1
1
1
1
0
1
1
1
1
-1
-1
-1
0
-1
-1
-1
-1
-2
-3
-1
0
-1
-1
-1
-1
-1
-1
-1
-1
-2
-3
-3
-3
-3
-3
-3
-3
-3
-3
-3
-4
-5
-4
-4
-3
-4
-4
-4
-5
-5
-5
-5
-5
-5
-6
-6
-7
-6
-6
-5
-5
-6
-6
-7
-6
-6
-5
-6
-6
-6
-6
-7
-7
-6
-6
-6
-6
-6
-5
-7
-7
-6
-6
-5
-5
-4
-5
-5
-4
-4
-4
-4
-4
-4
-4
-5
-4
-3
-3
-3
-4
-4
-2
-2
-2
-3
-3
-3
-3
-2
-1
-1
-3
-4
-4
-3
-2
-2
-4
-4
-5
-5
-4
-4
-5
-6
-6
-6
-6
-5
-6
-6
-6
-7
-7
-7
-7
-8
-8
-8
-9
-8
-7
-8
-8
-9
-8
-8
-7
-8
-8
-9
-9
-8
-8
-7
-7
-8
-9
-9
-9
-8
-8
-9
-9
-9
-9
-8
-8
-8
-8
-8
-8
-7
-8
-8
-9
-9
-9
-9
-9
-9
-9
-10
-10
-9
-9
-9
-9
-9
-10
-10
-9
-9
-9
-9
-9
-9
-9
-9
-10
-9
-10
-11
-11
-11
-11
-11
-11
-11
-10
-10
-10
-10
-9
-10
-10
-10
-9
-9
-9
-10
-10
-9
-9
-8
-8
-8
-9
-8
-8
-7
-7
-6
-6
-7
-6
-6
-5
-6
-5
-5
-6
-6
-5
-6
-6
-6
-6
-6
-6
-5
-5
-6
-6
-6
-6
-6
-5
-5
-6
-6
-6
-6
-6
-6
-6
-6
-6
-5
-5
-5
-5
-6
-6
-6
-5
-5
-5
-5
-5
-5
-4
-4
-4
-4
-3
-4
-3
-3
-3
-2
-2
-2
-2
-2
-1
-1
-1
-1
-1
0
0
0
-1
-1
-1
-1
0
-1
0
-1
-1
-1
-1
0
0
-1
-1
-1
-1
1
1
0
0
0
-1
0
1
0
-1
-1
-1
-1
0
0
0
0
0
0
1
-1
0
-1
-1
-1
-1
0
0
0
-1
-1
-1
0
1
0
1
1
1
1
1
2
1
1
1
1
2
2
1
1
1
1
1
0
0
0
0
0
0
-1
-1
-1
-1
-1
-1
-1
-1
-1
-1
-2
-1
-2
-2
-2
-2
-2
-2
-2
-2
-2
-2
-3
-3
-2
-3
-2
-2
-2
-2
-3
-2
-2
-1
-1
-1
-1
-1
0
0
1
0
0
1
0
1
1
1
1
1
1
1
1
1
1
1
1
1
0
0
1
0
-1
0
-1
-1
-2
-1
-2
-3
-3
-3
-4
-4
-4
-5
-5
-5
-5
-5
-5
-5
-5
-6
-6
-7
-7
-7
-7
-7
-8
-8
-8
-8
-8
-9
-9
-9
-9
-10
-10
-10
-10
-10
-10
-10
-10
-11
-10
-11
-11
-11
-10
-9
-10
-10
-10
-10
-10
-11
-10
-10
-11
-10
-10
-10
-10
-10
-10
-11
-10
-10
-11
-11
-11
-11
-11
-11
-11
-11
-10
-11
-10
-11
-11
-11
-11
-11
-11
-11
-11
-11
-11
-11
-10
-11
-10
-10
-10
-10
-10
-9
-9
-9
-9
-9
-9
-9
-9
-8
-8
-7
-7
-7
-7
-8
-7
-8
-7
-7
-7
-7
-7
-6
-6
-6
-6
-6
-6
-6
-6
-6
-7
-6
-7
-6
-6
-7
-7
-7
-6
-7
-6
-6
-6
-6
-6
-6
-6
-6
-5
-6
-6
-5
-5
-5
-5
-5
-5
-5
-4
-5
-4
-4
-4
-4
-4
-4
-3
-3
-3
-3
-2
-3
-3
-2
-2
-2
-2
-2
-2
-1
-1
-1
-1
-1
-1
-1
-1
0
-1
-1
-1
-1
0
-1
1
1
1
1
0
1
1
1
1
1
1
1
1
1
2
2
2
1
1
1
1
1
1
2
2
2
2
2
2
2
2
2
2
2
2
1
2
1
1
2
2
2
2
2
2
2
2
2
2
1
2
2
1
2
1
2
2
1
2
1
2
1
1
1
0
1
0
0
-1
-1
-1
-1
-1
-1
-1
-1
-2
-2
-2
-2
-2
-2
-2
-2
-3
-3
-3
-3
-3
-3
-4
-4
-3
-3
-4
-4
-4
-4
-4
-4
-4
-4
-4
-4
-4
-4
-4
-4
-5
-4
-5
-5
-4
-4
-4
-4
-4
-4
-5
-4
-5
-5
-5
-5
-5
-5
-5
-5
-5
-6
-6
-6
-6
-6
-6
-6
-6
-7
-6
-6
-6
-6
-6
-7
-7
-7
-6
-7
-7
-7
-7
-7
-7
-7
