-102
-93
-73
-25
24
57
80
95
100
104
92
78
57
40
32
6
-33
-50
-30
-15
22
97
155
166
119
58
13
-33
-48
-26
-16
13
64
94
119
128
128
124
100
84
75
61
39
17
32
58
69
63
24
-19
-29
-38
-82
-117
-117
-120
-89
-45
-7
24
28
42
49
47
57
79
109
106
91
64
9
-43
-67
-77
-95
-106
-101
-92
-92
-99
-87
-60
-29
-15
-18
-12
-4
37
91
116
145
157
137
136
130
95
49
-6
-64
-123
-148
-148
-139
-151
-145
-141
-128
-94
-66
-35
-18
-17
-22
-31
-8
54
126
190
247
313
334
304
239
179
134
88
68
35
3
-25
-51
-86
-130
-158
-165
-194
-218
-211
-171
-114
-83
-58
-23
36
109
173
228
207
156
128
107
58
-10
-69
-111
-129
-130
-107
-106
-144
-187
-222
-249
-257
-245
-222
-182
-114
-38
23
77
121
145
151
143
121
99
77
40
11
29
38
56
82
87
84
71
47
31
12
4
18
28
46
77
108
117
136
193
230
253
271
276
283
261
201
111
37
-25
-70
-104
-123
-123
-129
-129
-105
-94
-83
-85
-111
-128
-159
-192
-190
-174
-137
-47
58
142
172
172
143
86
43
14
-16
-33
-32
-34
-50
-68
-102
-137
-157
-136
-113
-95
-107
-129
-127
-96
-62
-27
13
32
51
58
59
62
31
17
4
-34
-70
-94
-84
-46
-23
-5
25
5
-61
-117
-170
-178
-144
-93
-17
60
116
157
193
224
232
223
225
216
189
122
3
-101
-160
-184
-189
-202
-201
-164
-135
-152
-170
-197
-217
-221
-224
-196
-144
-97
-43
2
44
115
165
177
151
110
78
66
34
-14
-23
-42
-51
-40
-39
-26
-10
16
56
79
95
64
18
-8
-20
2
32
70
77
88
99
78
36
0
-46
-73
-49
-37
-25
-14
-14
-19
-23
-40
-58
-70
-79
-83
-87
-55
-5
44
107
178
256
302
319
301
247
201
140
101
66
20
-8
-18
-12
-16
-27
-51
-77
-95
-135
-166
-187
-197
-190
-185
-167
-136
-106
-62
-11
41
82
94
97
92
100
117
98
64
40
43
51
36
31
40
40
24
7
-10
-72
-123
-141
-174
-176
-165
-160
-154
-144
-112
-104
-87
-53
-48
-9
20
31
25
-32
-80
-115
-100
-54
14
74
114
107
77
29
-46
-71
-57
-26
6
76
164
230
281
304
289
233
170
103
20
-64
-104
-119
-116
-101
-80
-53
-21
15
16
-11
-32
-76
-136
-159
-159
-128
-89
-46
14
45
41
14
-33
-64
-69
-84
-92
-94
-97
-106
-117
-116
-83
-35
-4
14
15
-6
-27
-39
-47
-61
-68
-73
-73
-90
-78
-56
-32
4
37
62
75
69
63
36
12
17
44
73
97
125
144
136
114
78
22
-28
-36
-29
8
78
122
141
139
112
76
53
28
0
-20
-25
-35
-81
-103
-110
-98
-68
-35
12
70
113
135
128
70
-2
-85
-147
-184
-200
-184
-151
-118
-76
-66
-65
-69
-103
-149
-177
-139
-58
13
58
115
173
202
224
235
224
176
122
80
16
-40
-73
-91
-102
-112
-113
-128
-160
-143
-95
-75
-19
30
25
21
40
69
76
95
153
191
202
189
149
108
58
15
-1
-24
-49
-36
-3
19
34
19
3
-13
-58
-87
-88
-85
-72
-64
-49
-12
12
48
80
91
90
93
98
80
48
13
6
-17
-61
-80
-115
-133
-139
-124
-101
-89
-84
-96
-123
-149
-179
-209
-214
-182
-121
-56
23
91
110
108
81
10
-52
-73
-90
-108
-116
-95
-98
-108
-121
-141
-144
-134
-127
-112
-65
-15
14
0
-17
-44
-52
-50
-32
-3
36
77
101
133
153
188
222
221
236
260
254
240
210
177
124
71
31
-4
-34
-75
-102
-132
-151
-143
-119
-113
-104
-79
-73
-81
-90
-84
-55
-3
50
121
181
212
218
188
142
92
37
-19
-83
-124
-147
-164
-174
-158
-149
-123
-89
-58
-17
-19
-43
-51
-36
-17
-8
21
48
53
53
45
6
-22
-30
-31
-35
-40
-43
-49
-54
-64
-103
-149
-174
-165
-123
-64
-23
10
15
-8
-28
-30
-38
-19
13
7
-38
-48
-36
-32
-18
7
30
30
23
24
3
-7
4
4
-8
7
15
30
32
2
-17
-46
-64
-81
-88
-91
-81
-63
-58
-25
0
7
-1
8
53
84
96
126
128
124
149
152
168
177
189
199
195
170
125
70
13
-24
-49
-57
-69
-67
-67
-91
-106
-93
-65
-27
-10
-12
-1
3
6
3
-8
2
10
39
93
127
153
182
199
176
124
72
14
-29
-51
-84
-95
-87
-81
-83
-100
-104
-119
-149
-179
-228
-261
-249
-211
-147
-50
41
111
194
241
229
193
127
65
13
-32
-41
-23
-1
10
8
-17
-30
-69
-114
-152
-192
-220
-208
-180
-148
-118
-89
-35
-1
1
2
-14
-23
-11
5
36
83
107
114
115
130
148
134
102
53
1
-36
-67
-77
-80
-81
-46
-25
3
26
37
65
84
93
92
82
96
110
131
158
189
218
231
203
170
133
80
37
-21
-77
-139
-179
-206
-242
-242
-208
-148
-104
-69
-34
-9
9
13
-18
-56
-71
-70
-53
-24
9
45
78
108
115
80
57
50
51
82
89
81
63
17
-41
-103
-120
-110
-87
-69
-49
-33
-18
-29
-57
-55
-46
-31
1
35
52
57
86
99
73
37
7
-17
-7
-9
-32
-47
-55
-54
-19
25
47
44
23
2
-37
-72
-92
-82
-56
-21
-10
-9
-1
-9
-25
-51
-66
-80
-80
-59
-35
-21
2
10
-4
-12
-14
3
36
65
68
32
-38
-103
-144
-162
-161
-167
-176
-157
-106
-54
-18
3
6
-13
-25
-27
-31
-34
-12
0
-7
-17
-25
-21
-31
-48
-36
-23
-15
-15
-25
-44
-66
-77
-76
-71
-59
-41
-5
37
73
90
95
101
106
109
108
102
100
93
89
99
124
126
91
71
49
1
-28
-51
-56
-64
-77
-93
-133
-171
-190
-225
-249
-221
-202
-186
-161
-137
-79
-33
26
78
120
173
215
240
237
225
196
172
171
186
215
222
224
209
145
51
-34
-73
-68
-49
-38
-10
12
4
3
30
81
121
151
184
185
135
75
13
-34
-55
-49
-18
46
111
124
93
43
-15
-88
-150
-173
-178
-189
-207
-236
-240
-206
-164
-108
-56
-10
12
41
50
54
61
69
80
69
73
63
52
49
34
9
-38
-97
-154
-208
-258
-289
-291
-278
-235
-199
-189
-199
-164
-110
-71
-59
-37
8
32
35
6
-17
-24
-22
16
79
147
169
133
83
35
29
23
-44
-120
-165
-200
-211
-196
-160
-102
-30
26
44
23
17
15
12
15
27
73
150
225
258
273
281
256
209
152
114
102
116
109
66
-4
-60
-71
-47
11
70
120
158
190
194
180
185
206
235
264
289
270
216
171
130
89
46
1
-25
-13
-26
-58
-96
-135
-162
-155
-126
-117
-142
-158
-148
-155
-158
-148
-137
-102
-61
-22
-6
3
14
41
61
72
70
54
36
13
-2
-2
21
62
100
116
124
143
170
182
171
156
154
145
123
79
45
30
52
92
121
149
146
128
95
33
-22
-64
-90
-105
-117
-138
-175
-193
-178
-153
-134
-117
-109
-109
-107
-109
-118
-131
-129
-106
-78
-58
-51
-41
-26
-15
-17
-46
-68
-98
-132
-159
-168
-152
-142
-125
-90
-45
4
44
83
108
104
109
143
185
226
244
247
255
278
283
264
247
226
170
100
40
-9
-44
-31
13
27
23
14
27
53
36
4
-10
-16
-31
-30
-14
9
15
30
73
88
112
147
148
130
98
67
27
-7
-12
-11
21
71
96
93
72
35
20
26
38
35
28
10
0
-4
-30
-40
-42
-18
25
40
14
-40
-64
-67
-86
-115
-130
-125
-107
-92
-83
-112
-133
-126
-111
-94
-83
-74
-69
-74
-56
-37
-43
-61
-84
-85
-110
-156
-175
-188
-222
-265
-290
-319
-327
-299
-271
-264
-262
-232
-199
-167
-129
-95
-64
-68
-81
-104
-143
-157
-146
-103
-74
-59
-59
-60
-48
-31
-5
23
56
87
119
145
175
207
240
271
296
311
303
286
271
258
216
196
230
272
287
282
250
202
161
108
48
-13
-66
-88
-94
-95
-102
-118
-117
-143
-180
-185
-173
-158
-145
-132
-111
-79
-53
-28
-11
-9
-2
20
48
84
96
100
104
91
105
133
142
173
202
202
172
133
119
103
83
54
39
23
-5
-25
-59
-87
-86
-67
-61
-54
-48
-58
-73
-122
-162
-199
-245
-273
-253
-215
-189
-170
-151
-150
-191
-233
-221
-253
-289
-278
-260
-240
-229
-232
-236
-249
-272
-290
-287
-281
-267
-273
-299
-328
-320
-305
-295
-294
-304
-288
-266
-248
-231
-220
-198
-136
-112
-95
-69
-16
64
111
156
236
286
294
270
255
250
246
261
267
280
275
243
258
261
256
248
211
177
161
171
163
127
106
93
94
96
120
154
160
164
142
117
79
34
-1
-30
-40
-49
-88
-120
-143
-168
-185
-206
-209
-210
-186
-128
-69
0
61
97
119
128
124
147
162
151
143
127
110
81
45
29
25
50
81
82
66
45
24
-15
-72
-109
-143
-180
-198
-196
-170
-139
-116
-90
-87
-100
-106
-125
-149
-155
-161
-168
-164
-133
-122
-92
-56
-31
11
42
33
20
-28
-91
-127
-163
-184
-213
-247
-275
-282
-282
-294
-294
-292
-303
-316
-313
-314
-325
-330
-310
-268
-212
-169
-133
-75
-8
71
140
193
243
272
298
333
378
429
457
438
405
365
342
316
285
280
262
224
198
156
123
130
120
153
186
203
249
242
207
198
174
158
129
74
76
60
31
58
39
7
-9
-79
-159
-209
-279
-266
-271
-278
-211
-182
-145
-80
-41
-5
45
83
126
180
207
213
238
230
225
232
205
205
218
199
201
179
144
117
46
-6
-39
-70
-71
-68
-94
-107
-102
-102
-86
-84
-89
-85
-103
-105
-98
-118
-158
-206
-226
-222
-193
-177
-188
-206
-213
-217
-233
-247
-257
-244
-243
-246
-233
-210
-205
-237
-270
-274
-260
-230
-220
-237
-252
-288
-331
-363
-387
-407
-413
-388
-376
-366
-310
-242
-185
-122
-56
-3
53
119
197
265
315
355
405
472
541
600
623
630
633
629
621
596
548
472
389
311
241
179
128
116
103
70
46
-3
-39
-73
-127
-165
-186
-224
-230
-228
-210
-176
-172
-116
-65
-54
-20
-6
11
63
106
148
196
248
310
356
384
409
436
437
422
411
398
373
342
302
273
235
182
133
85
28
-14
-43
-60
-70
-73
-61
-55
-86
-127
-181
-215
-205
-189
-183
-161
-147
-140
-151
-152
-135
-104
-72
-58
-48
-43
-63
-92
-116
-156
-207
-266
-332
-365
-397
-416
-424
-426
-418
-436
-439
-438
-434
-432
-429
-431
-437
-422
-391
-352
-306
-270
-225
-172
-123
-70
-29
6
38
73
107
153
201
277
358
443
514
577
610
646
706
744
757
716
644
559
444
340
261
187
118
56
-24
-90
-147
-209
-242
-270
-284
-287
-293
-264
-233
-194
-148
-112
-75
-33
33
92
141
177
210
239
267
294
320
337
338
346
362
375
400
409
416
397
349
279
193
133
69
12
-63
-154
-199
-218
-221
-208
-181
-135
-92
-69
-44
15
90
157
204
201
172
152
147
139
109
56
14
-9
-19
-48
-86
-147
-237
-304
-360
-388
-381
-342
-289
-242
-211
-215
-251
-264
-260
-280
-307
-321
-357
-384
-374
-372
-364
-391
-430
-451
-462
-465
-458
-447
-430
-399
-360
-295
-237
-174
-138
-139
-148
-136
-85
-20
55
137
217
291
381
479
551
609
625
606
594
585
570
545
496
408
314
210
136
84
37
6
-25
-68
-98
-128
-134
-102
-50
-5
13
27
41
52
69
79
88
105
105
104
108
138
158
162
163
164
182
210
248
291
321
344
357
348
315
265
193
114
49
-11
-40
-78
-109
-109
-109
-95
-70
-36
24
93
141
146
145
144
135
145
167
183
179
150
99
38
-14
-82
-143
-181
-212
-232
-255
-277
-301
-324
-303
-292
-294
-283
-277
-285
-289
-282
-314
-336
-337
-334
-351
-380
-414
-449
-473
-496
-502
-514
-503
-477
-467
-455
-448
-408
-351
-306
-262
-216
-175
-129
-102
-105
-130
-126
-89
-27
40
105
181
305
445
548
600
604
626
636
602
527
417
328
261
180
92
9
-27
-26
-27
-48
-68
-55
-22
18
52
85
108
139
168
197
201
151
106
74
73
77
47
42
50
82
106
83
38
11
4
-2
-16
-35
-33
-15
28
76
94
123
174
243
302
309
282
269
270
275
255
228
201
164
143
122
101
108
123
142
164
169
172
185
187
180
176
154
122
103
84
60
45
33
19
19
18
10
-31
-83
-148
-216
-309
-395
-452
-476
-488
-505
-503
-477
-429
-389
-392
-402
-425
-441
-415
-387
-393
-389
-389
-382
-366
-374
-382
-367
-348
-335
-318
-301
-283
-249
-242
-270
-309
-315
-255
-125
44
201
363
516
660
746
770
735
649
531
400
253
94
-46
-155
-227
-272
-306
-295
-234
-135
-38
25
99
192
306
393
433
434
432
444
439
419
379
331
282
243
209
182
167
138
105
56
-23
-103
-180
-240
-280
-293
-258
-185
-78
30
135
224
298
367
420
418
373
272
173
90
-10
-97
-147
-174
-179
-145
-110
-63
13
100
174
231
256
254
229
183
131
48
-47
-107
-145
-152
-125
-50
15
68
102
119
116
77
44
3
-81
-172
-276
-370
-424
-444
-467
-488
-507
-526
-544
-565
-587
-609
-616
-615
-615
-612
-592
-520
-431
-327
-261
-216
-175
-138
-126
-152
-198
-274
-316
-290
-210
-108
-20
59
152
280
398
449
437
396
331
231
110
-33
-163
-253
-286
-296
-257
-166
-42
115
263
351
387
406
408
382
339
268
200
165
155
162
201
243
301
357
384
384
349
307
235
129
34
-55
-106
-91
-35
59
177
309
429
555
640
665
619
492
308
115
-71
-224
-353
-455
-506
-516
-461
-344
-202
-32
146
284
389
451
424
344
245
123
-8
-106
-174
-206
-212
-206
-173
-118
-52
7
44
58
45
-11
-85
-149
-193
-223
-258
-244
-202
-168
-127
-108
-124
-166
-237
-310
-395
-503
-605
-689
-754
-776
-735
-657
-549
-449
-378
-323
-290
-281
-291
-332
-407
-500
-562
-537
-413
-222
-18
165
309
468
625
717
695
567
366
160
-12
-172
-281
-320
-280
-222
-141
-7
164
358
519
594
595
561
497
431
380
324
289
284
326
414
500
562
579
559
482
386
230
41
-145
-340
-466
-504
-470
-333
-121
94
295
468
586
657
663
555
380
149
-86
-294
-443
-532
-549
-504
-420
-303
-153
12
157
248
278
246
185
112
27
-65
-145
-195
-178
-108
-4
105
173
189
196
187
143
85
27
-32
-97
-129
-115
-69
-13
37
59
45
5
-47
-129
-253
-385
-510
-621
-699
-750
-763
-752
-718
-673
-594
-509
-435
-373
-333
-324
-349
-386
-446
-488
-553
-608
-595
-458
-213
59
287
412
519
607
678
674
555
360
155
-16
-145
-195
-163
-66
75
208
314
415
519
590
615
555
451
354
299
297
314
325
351
401
473
570
608
572
475
311
118
-85
-306
-452
-507
-497
-418
-293
-103
139
375
548
601
593
538
437
307
119
-83
-273
-410
-475
-458
-361
-241
-117
-7
72
157
199
199
146
73
-1
-45
-54
-50
-19
18
60
98
134
138
105
34
-45
-143
-227
-275
-288
-251
-195
-129
-60
-4
26
28
-4
-56
-109
-149
-201
-248
-291
-333
-376
-430
-496
-553
-562
-551
-556
-545
-547
-564
-559
-559
-568
-562
-540
-508
-499
-518
-533
-448
-229
24
204
245
328
470
653
738
608
415
175
-10
-128
-250
-283
-218
-112
-47
53
218
393
493
440
349
268
244
208
202
229
309
413
460
511
557
562
451
218
-44
-261
-403
-534
-612
-617
-525
-326
-124
77
223
331
382
360
268
141
27
-107
-250
-362
-396
-345
-251
-140
-46
38
81
74
35
-30
-86
-135
-159
-151
-81
-9
72
141
189
231
270
280
257
232
182
143
125
134
173
241
307
363
376
370
380
378
332
261
192
133
102
81
88
108
123
105
75
55
14
-16
-52
-97
-113
-88
-28
12
54
72
79
52
-17
-62
0
150
309
438
485
587
737
825
805
619
418
183
5
-125
-191
-136
-99
-17
53
167
300
373
411
330
265
196
203
233
282
385
468
536
549
589
598
548
406
152
-77
-294
-443
-557
-602
-514
-361
-137
26
179
305
329
287
169
98
51
-17
-115
-205
-220
-181
-120
-114
-113
-101
-113
-133
-223
-305
-334
-338
-360
-368
-330
-293
-269
-310
-362
-384
-394
-417
-409
-373
-306
-243
-222
-217
-216
-206
-216
-257
-261
-231
-191
-182
-208
-220
-217
-204
-227
-294
-344
-388
-441
-474
-500
-469
-398
-359
-327
-323
-328
-332
-336
-372
-382
-371
-352
-327
-340
-382
-337
-151
128
363
446
497
567
633
597
403
237
95
8
-96
-138
2
129
269
339
401
531
601
616
552
553
620
659
681
747
885
1019
1068
1024
1022
1018
1019
879
675
528
398
350
290
307
390
487
624
676
709
739
718
652
490
390
300
248
199
179
191
197
178
114
54
70
79
69
51
60
121
128
78
3
-54
-74
-119
-212
-281
-313
-345
-404
-440
-461
-463
-474
-493
-525
-568
-594
-631
-652
-639
-598
-525
-474
-435
-409
-402
-441
-520
-571
-594
-615
-628
-659
-702
-711
-714
-761
-798
-807
-820
-817
-790
-756
-731
-783
-910
-970
-880
-614
-316
-57
144
353
530
609
489
254
49
-99
-255
-395
-368
-187
38
166
200
227
255
289
199
78
37
13
50
103
234
432
604
669
674
704
700
632
429
211
89
41
36
29
85
238
413
459
406
327
279
254
191
107
75
70
67
54
12
-48
-75
-94
-104
-97
-66
18
67
105
133
201
233
211
172
132
98
27
-54
-103
-132
-121
-143
-163
-164
-209
-267
-336
-388
-419
-383
-350
-318
-253
-190
-167
-193
-223
-246
-312
-411
-489
-522
-536
-523
-527
-535
-522
-563
-583
-569
-524
-510
-506
-527
-576
-610
-626
-635
-633
-556
-386
-141
191
362
470
454
352
286
106
-63
-243
-353
-322
-229
-17
182
363
420
366
277
125
71
14
35
105
214
317
416
517
559
599
508
410
297
174
141
87
89
85
89
147
194
279
299
304
277
222
233
204
231
213
172
121
28
-46
-114
-148
-158
-162
-165
-102
-40
15
35
16
24
-17
-68
-118
-171
-188
-238
-238
-232
-205
-190
-194
-202
-229
-241
-257
-276
-296
-302
-276
-241
-210
-162
-117
-74
-71
-142
-237
-333
-404
-432
-486
-530
-581
-582
-521
-429
-347
-315
-300
-254
-217
-172
-165
-173
-208
-207
-173
-139
32
244
517
804
906
919
764
616
440
301
169
45
32
108
287
428
521
587
530
429
296
163
113
154
232
362
503
579
673
703
713
644
537
429
297
273
221
238
194
124
115
111
170
207
188
212
183
197
203
204
211
206
198
130
95
76
46
-28
-89
-123
-135
-136
-140
-137
-125
-143
-179
-219
-245
-242
-235
-233
-247
-277
-316
-327
-353
-371
-390
-411
-406
-400
-398
-380
-329
-270
-209
-182
-180
-219
-257
-336
-447
-516
-556
-557
-564
-557
-548
-543
-534
-557
-558
-501
-487
-467
-495
-510
-516
-489
-444
-409
-390
-307
-169
43
337
525
599
513
320
155
-9
-29
-51
-29
8
89
267
372
460
471
377
289
218
213
314
460
629
782
861
908
919
902
919
834
797
725
678
670
648
639
541
440
361
334
377
423
491
576
591
579
532
541
516
477
410
352
311
308
320
293
232
147
75
14
8
10
21
46
27
-4
-18
-35
-53
-106
-166
-223
-249
-261
-265
-305
-334
-378
-436
-498
-554
-552
-545
-512
-462
-422
-389
-383
-401
-447
-504
-531
-556
-534
-476
-414
-387
-398
-422
-442
-454
-490
-502
-478
-453
-423
-377
-361
-333
-308
-276
-203
-51
246
527
693
667
424
236
56
-10
-35
-24
66
127
229
288
346
333
271
165
74
54
151
298
458
578
615
552
497
399
411
435
478
521
513
530
471
425
355
299
260
239
263
302
359
401
405
407
358
316
304
308
314
326
291
245
218
175
143
97
45
1
-63
-61
-73
-55
-59
-67
-83
-132
-175
-253
-300
-302
-291
-302
-284
-305
-305
-320
-348
-342
-345
-349
-337
-319
-296
-310
-325
-327
-357
-377
-420
-445
-472
-462
-471
-505
-538
-565
-577
-594
-609
-627
-647
-619
-602
-595
-596
-589
-575
-555
-511
-373
-166
120
370
484
453
227
63
-90
-86
-86
-32
61
115
135
94
83
31
-45
-107
-172
-197
-159
-38
130
265
336
281
230
118
178
245
410
542
565
578
454
352
227
176
136
109
81
39
71
115
142
218
216
233
213
229
239
265
311
286
260
168
94
18
-10
-37
-37
-6
7
19
-42
-90
-135
-193
-207
-226
-225
-226
-237
-201
-204
-233
-294
-353
-394
-416
-400
-371
-343
-309
-319
-365
-388
-405
-436
-440
-425
-395
-357
-337
-373
-398
-458
-515
-568
-622
-631
-606
-568
-557
-577
-613
-662
-670
-662
-589
-436
-285
-53
135
262
294
161
60
-64
-59
-43
21
97
135
219
212
191
130
76
73
78
97
175
288
428
523
607
550
530
428
455
496
597
693
708
708
584
527
397
314
271
249
284
263
252
244
229
235
188
185
181
247
306
392
456
443
427
339
281
208
181
217
272
327
345
339
269
171
62
-30
-53
-98
-113
-118
-123
-133
-194
-248
-323
-359
-403
-421
-379
-322
-260
-238
-240
-257
-311
-340
-360
-339
-300
-238
-196
-213
-250
-314
-355
-422
-448
-433
-404
-374
-355
-356
-388
-430
-504
-542
-572
-584
-511
-411
-205
82
272
426
373
293
197
142
178
176
264
328
402
389
314
239
152
92
32
-31
-33
-1
95
172
250
230
193
153
107
164
247
421
500
533
503
409
322
218
189
188
204
178
127
111
69
90
60
22
-2
-27
9
30
69
86
105
70
18
19
-16
-5
2
21
14
-24
-60
-128
-166
-185
-180
-176
-176
-150
-121
-68
-40
-55
-111
-180
-249
-315
-336
-351
-325
-310
-316
-307
-324
-351
-382
-373
-353
-318
-275
-268
-286
-296
-295
-296
-304
-289
-266
-244
-210
-182
-201
-252
-350
-422
-489
-515
-435
-272
-67
120
250
318
282
245
198
194
241
286
345
368
420
403
358
285
229
191
158
129
152
195
267
345
391
360
320
286
279
356
443
583
678
747
722
662
592
505
461
418
415
401
340
304
255
251
205
146
96
40
39
56
105
142
173
179
131
85
40
62
87
111
113
116
96
40
-27
-74
-99
-100
-94
-72
-79
-78
-65
-71
-112
-178
-248
-317
-351
-339
-308
-283
-279
-299
-331
-374
-419
-441
-433
-394
-378
-371
-375
-382
-382
-368
-356
-357
-381
-428
-459
-470
-449
-426
-416
-445
-470
-457
-353
-176
25
147
249
306
275
245
205
273
328
391
417
441
474
449
460
431
384
319
225
135
83
76
65
97
121
114
142
120
143
169
246
320
334
371
327
331
312
277
267
283
288
251
194
159
150
139
103
62
3
-38
-62
-78
-77
-56
-15
-6
20
6
-17
-40
-46
-34
-61
-91
-155
-207
-252
-298
-298
-284
-291
-266
-284
-272
-269
-271
-296
-335
-347
-376
-404
-393
-350
-306
-263
-230
-255
-295
-350
-400
-447
-481
-499
-485
-498
-489
-484
-437
-400
-406
-415
-442
-454
-454
-486
-477
-497
-520
-516
-482
-364
-204
-37
66
135
212
203
183
134
113
162
197
204
234
314
359
409
407
373
326
244
147
100
124
170
231
279
285
283
231
171
134
126
162
169
213
215
227
259
284
329
351
383
384
374
370
339
336
321
278
237
194
153
113
64
65
59
51
9
-32
-83
-114
-115
-95
-56
-8
-19
-4
6
-19
-23
-44
-32
-48
-68
-88
-144
-164
-200
-246
-263
-301
-318
-334
-343
-319
-306
-267
-249
-249
-270
-325
-351
-394
-430
-456
-466
-446
-467
-488
-475
-442
-404
-407
-385
-376
-388
-376
-394
-392
-368
-347
-264
-158
-15
109
188
271
307
332
297
242
208
224
259
298
356
434
503
579
619
627
618
515
433
351
307
290
307
345
378
427
448
463
450
435
407
352
269
231
207
195
200
222
295
370
434
448
425
406
408
404
364
301
249
191
147
108
93
93
93
73
17
-24
-63
-101
-157
-194
-209
-219
-214
-201
-179
-153
-149
-150
-174
-196
-232
-292
-334
-367
-372
-397
-411
-411
-400
-378
-367
-371
-363
-367
-400
-447
-487
-499
-521
-526
-519
-509
-503
-507
-496
-470
-442
-424
-425
-421
-398
-414
-417
-414
-419
-413
-420
-434
-430
-387
-309
-232
-158
-74
16
92
165
221
274
310
309
299
309
343
385
459
525
583
650
686
684
691
677
638
583
509
427
349
270
217
172
171
192
212
226
227
229
212
198
174
148
144
187
230
291
348
404
454
490
499
468
443
424
375
315
281
255
212
172
120
93
61
24
-2
12
23
24
3
-58
-104
-132
-172
-206
-219
-215
-187
-170
-138
-128
-123
-113
-129
-172
-236
-281
-320
-367
-392
-379
-360
-327
-293
-265
-246
-248
-260
-278
-299
-313
-345
-385
-406
-428
-422
-379
-315
-262
-232
-195
-153
-137
-130
-161
-173
-181
-216
-249
-265
-249
-183
-95
2
82
134
202
251
295
305
306
332
337
360
393
430
471
504
536
574
596
591
596
559
502
444
384
330
275
227
186
163
155
121
96
86
72
87
105
139
172
171
170
156
171
214
235
242
252
246
242
217
196
178
140
105
58
-2
-27
-43
-64
-82
-117
-160
-195
-219
-233
-253
-268
-266
-257
-256
-292
-334
-351
-352
-340
-318
-317
-285
-236
-179
-155
-140
-123
-151
-184
-236
-312
-375
-407
-421
-424
-400
-365
-346
-297
-265
-272
-258
-266
-287
-269
-246
-238
-195
-160
-126
-102
-96
-99
-130
-129
-174
-201
-206
-235
-239
-239
-231
-190
-162
-136
-83
-21
58
147
225
277
315
350
344
350
372
374
404
404
393
387
386
391
384
381
360
338
336
284
234
191
147
118
92
79
87
96
74
24
-21
-38
-82
-60
-39
-13
62
109
133
150
180
206
251
272
246
194
149
74
-6
-55
-121
-163
-156
-168
-174
-139
-118
-128
-134
-143
-157
-147
-171
-160
-165
-180
-203
-201
-211
-235
-232
-227
-231
-242
-235
-234
-211
-202
-202
-197
-168
-171
-156
-134
-128
-94
-50
-16
25
60
58
41
26
-2
-63
-59
-72
-83
-71
-87
-98
-110
-156
-210
-259
-305
-354
-383
-401
-432
-417
-409
-392
-346
-293
-250
-182
-110
-74
-29
8
28
60
114
181
253
323
375
418
465
472
503
519
503
494
483
448
433
408
373
359
321
277
241
243
235
230
229
220
213
199
190
182
194
202
197
199
189
159
156
150
152
161
183
195
194
176
170
176
190
199
157
137
100
80
93
78
68
78
91
94
89
69
49
26
15
-8
-18
-28
-51
-43
-47
-82
-83
-101
-150
-188
-218
-231
-238
-234
-243
-241
-231
-236
-250
-226
-220
-228
-230
-247
-253
-252
-235
-217
-180
-137
-109
-90
-63
-49
-34
-55
-67
-76
-79
-116
-173
-228
-291
-336
-352
-337
-347
-328
-319
-310
-285
-236
-167
-119
-77
-41
2
48
79
83
107
124
149
153
143
156
186
224
258
283
310
340
365
401
401
398
357
314
301
272
257
266
270
264
238
217
226
225
220
198
184
167
150
125
101
88
87
83
63
54
32
28
25
27
33
19
19
-4
-28
-56
-84
-110
-126
-146
-171
-188
-202
-211
-210
-201
-155
-84
-29
27
75
108
123
126
93
61
32
18
-23
-75
-99
-113
-99
-126
-136
-128
-118
-110
-101
-104
-102
-123
-138
-128
-150
-142
-139
-154
-153
-159
-167
-177
-190
-191
-190
-197
-201
-209
-221
-232
-245
-243
-257
-266
-262
-241
-197
-166
-146
-98
-82
-59
-16
19
51
92
133
127
145
144
121
117
108
91
76
72
56
66
77
97
124
153
161
145
125
110
83
89
105
118
143
157
173
169
161
133
108
89
53
36
26
18
15
31
55
97
103
95
125
137
153
163
149
139
134
118
115
136
140
111
78
38
4
-32
-77
-114
-137
-168
-166
-122
-88
-69
-47
-19
-14
-30
-58
-92
-106
-101
-111
-111
-116
-132
-137
-149
-160
-131
-98
-90
-91
-114
-154
-167
-172
-180
-167
-162
-159
-152
-138
-136
-138
-115
-89
-78
-47
-65
-115
-145
-181
-182
-172
-198
-234
-246
-277
-299
-291
-286
-291
-310
-293
-259
-185
-126
-112
-60
-9
11
75
109
129
153
168
183
201
196
177
185
196
181
182
211
197
199
183
150
161
177
161
159
170
159
163
156
142
113
91
74
61
71
61
63
85
62
35
22
3
-23
-59
-84
-116
-123
-101
-116
-104
-68
-51
-6
-19
-48
-49
-82
-102
-126
-153
-130
-132
-143
-150
-141
-135
-132
-146
-133
-133
-126
-111
-122
-124
-143
-161
-168
-186
-217
-231
-216
-216
-228
-226
-221
-196
-177
-178
-170
-149
-120
-123
-119
-116
-106
-91
-92
-117
-124
-130
-141
-142
-152
-182
-200
-228
-243
-256
-249
-264
-266
-255
-261
-233
-230
-234
-207
-146
-113
-33
35
67
114
164
221
258
286
293
291
302
284
268
291
260
272
307
314
325
346
356
350
360
338
327
316
288
274
284
260
265
276
221
181
165
143
145
155
145
155
163
166
145
146
130
96
83
63
57
67
50
34
49
33
24
-1
-32
-85
-118
-143
-158
-144
-146
-168
-148
-131
-130
-104
-114
-122
-109
-91
-97
-71
-60
-34
-4
29
24
50
63
13
14
14
10
16
13
-24
-41
-38
-32
-26
16
17
20
51
35
-4
-14
-44
-64
-61
-99
-107
-115
-142
-174
-171
-182
-201
-200
-224
-233
-208
-197
-170
-120
-88
-49
21
99
140
216
280
328
398
461
467
491
484
449
433
405
362
346
331
291
270
255
229
214
214
187
175
180
171
180
218
220
224
236
211
190
155
117
92
85
71
53
74
82
83
92
99
78
74
71
83
136
150
152
142
135
115
101
74
44
66
89
108
132
157
136
131
103
85
94
73
19
-40
-93
-159
-176
-190
-214
-239
-254
-274
-260
-236
-233
-230
-198
-191
-191
-181
-211
-216
-200
-195
-197
-197
-210
-209
-186
-203
-202
-172
-192
-227
-244
-267
-285
-294
-311
-331
-323
-333
-370
-376
-370
-347
-312
-247
-195
-132
-59
-36
28
86
118
207
271
320
377
404
425
436
459
459
470
453
406
412
391
368
386
391
408
453
448
412
398
380
359
316
275
203
142
104
20
-29
-46
-83
-61
-45
-10
48
96
134
168
243
259
289
304
282
272
236
161
105
92
35
-1
-4
-31
-39
-35
-77
-84
-67
-84
-92
-76
-100
-103
-119
-182
-205
-229
-243
-261
-263
-275
-298
-292
-309
-313
-292
-280
-262
-228
-218
-204
-186
-194
-214
-219
-256
-310
-327
-356
-371
-352
-326
-303
-265
-238
-243
-262
-308
-378
-436
-488
-536
-536
-506
-503
-477
-416
-369
-266
-172
-114
-26
13
39
82
131
199
261
329
366
401
436
403
410
438
451
483
509
522
553
569
541
509
426
342
250
161
60
-31
-101
-184
-237
-241
-244
-225
-183
-141
-101
-73
-42
-5
86
131
184
227
268
285
296
290
280
278
261
243
211
181
164
168
151
121
95
82
53
26
-33
-103
-161
-222
-267
-297
-278
-287
-298
-301
-319
-334
-342
-370
-401
-411
-429
-455
-477
-500
-502
-485
-483
-458
-414
-378
-350
-324
-297
-285
-283
-315
-352
-378
-404
-430
-446
-451
-475
-485
-469
-454
-434
-412
-399
-349
-263
-234
-209
-125
-75
36
96
84
128
133
187
213
219
251
261
334
359
375
430
468
529
539
520
499
456
422
377
343
293
249
208
183
146
136
129
111
117
66
42
17
-28
-69
-110
-138
-185
-203
-214
-188
-96
-3
78
161
216
259
274
222
196
177
141
158
140
107
121
131
140
157
171
192
203
216
191
120
50
-10
-84
-142
-206
-255
-263
-273
-262
-235
-231
-245
-254
-275
-285
-327
-379
-416
-440
-446
-419
-386
-355
-306
-271
-245
-259
-247
-255
-289
-342
-384
-431
-473
-494
-529
-532
-525
-520
-494
-472
-385
-303
-214
-149
-167
-111
-135
-102
-59
-100
-14
-15
70
177
259
398
498
610
680
718
725
718
750
706
633
573
502
437
426
435
434
502
486
465
443
372
340
266
210
123
70
22
-36
-28
-28
8
41
66
75
102
167
174
186
193
192
195
221
240
263
308
314
307
300
270
264
246
223
181
156
152
114
100
77
60
20
-2
-38
-80
-85
-147
-189
-242
-303
-355
-377
-383
-370
-368
-369
-366
-373
-377
-391
-399
-426
-420
-448
-448
-428
-424
-387
-366
-345
-338
-336
-389
-401
-413
-454
-485
-510
-559
-588
-591
-604
-588
-532
-436
-314
-202
-197
-117
-90
-18
40
33
86
87
196
284
327
425
491
567
675
681
675
646
666
661
660
627
579
562
579
612
589
591
504
459
418
322
274
206
134
105
35
-22
-71
-33
-31
0
31
16
29
55
84
105
153
182
235
274
310
349
369
376
340
317
294
276
278
262
256
250
193
183
158
131
110
60
29
-33
-69
-116
-157
-184
-208
-252
-314
-346
-393
-414
-416
-428
-441
-440
-429
-427
-384
-368
-379
-355
-340
-341
-294
-316
-270
-222
-219
-225
-254
-262
-312
-340
-373
-427
-468
-508
-572
-613
-646
-674
-663
-582
-479
-351
-250
-270
-234
-197
-101
4
12
64
144
251
373
434
519
564
630
647
584
534
521
572
616
673
636
632
611
578
568
534
471
404
359
301
245
237
229
213
238
152
52
-8
-62
-103
-65
-70
-76
-22
-10
23
32
75
70
119
133
131
167
221
256
290
290
249
248
253
255
273
319
282
296
262
215
175
142
86
61
-6
-86
-125
-138
-155
-236
-281
-350
-389
-425
-447
-436
-390
-401
-399
-382
-409
-410
-403
-416
-407
-334
-317
-279
-241
-230
-214
-212
-274
-294
-307
-317
-340
-379
-394
-416
-439
-474
-484
-550
-602
-606
-519
-411
-259
-204
-290
-321
-327
-244
-106
-51
63
143
184
256
254
336
372
468
521
520
502
533
641
703
730
674
568
509
496
503
536
569
539
441
342
173
131
117
93
69
-7
-90
-163
-158
-178
-189
-224
-258
-259
-229
-173
-143
-87
-49
-65
-46
-40
-20
22
111
163
182
199
115
111
111
139
191
227
199
179
180
139
125
100
58
-27
-84
-142
-182
-205
-225
-262
-273
-318
-352
-390
-397
-394
-387
-406
-451
-459
-490
-471
-443
-421
-415
-414
-407
-357
-311
-309
-300
-292
-322
-341
-329
-346
-330
-323
-370
-411
-455
-514
-549
-571
-598
-527
-385
-301
-258
-356
-472
-515
-422
-195
-56
40
31
8
26
81
174
330
506
593
593
556
471
551
651
728
738
680
589
525
611
605
682
691
602
465
332
239
247
270
221
157
63
-47
-61
-55
-47
-20
-49
-87
-149
-144
-113
-37
10
-25
-43
-48
-16
58
184
254
288
249
187
168
187
242
266
287
259
226
228
198
200
233
197
165
113
30
-17
-26
-51
-63
-92
-146
-192
-228
-281
-294
-265
-293
-314
-329
-365
-385
-362
-373
-368
-372
-403
-406
-366
-370
-377
-350
-362
-401
-402
-392
-388
-330
-330
-366
-379
-434
-482
-451
-431
-445
-413
-289
-157
-65
-76
-280
-335
-281
-64
194
285
319
236
224
214
264
434
568
686
655
529
459
490
635
729
812
779
687
586
518
529
540
617
572
488
394
292
282
261
230
147
116
79
17
-1
-78
-120
-153
-197
-178
-145
-85
-69
-74
-105
-130
-106
-57
54
96
160
131
122
107
98
163
221
310
301
282
264
263
234
226
212
220
198
159
107
43
20
-9
-18
-42
-78
-111
-147
-230
-275
-300
-286
-302
-335
-362
-447
-481
-497
-452
-394
-378
-431
-454
-473
-507
-463
-463
-423
-405
-455
-481
-485
-489
-503
-517
-501
-499
-498
-518
-572
-611
-637
-552
-363
-206
-161
-312
-438
-369
-220
40
154
123
79
27
59
183
318
443
508
528
465
425
475
533
633
677
694
669
654
614
624
642
658
658
575
521
420
379
318
226
188
175
187
157
56
-26
-88
-136
-158
-171
-156
-113
-85
-115
-138
-149
-90
-46
1
61
91
105
62
16
15
61
147
176
165
146
170
143
97
136
188
210
174
113
45
27
10
31
53
48
24
19
-23
-111
-161
-152
-145
-158
-164
-234
-246
-262
-294
-255
-217
-227
-226
-213
-284
-311
-290
-278
-274
-260
-294
-305
-277
-309
-350
-321
-347
-332
-304
-326
-363
-405
-422
-446
-359
-186
-102
-123
-294
-461
-312
-178
44
88
20
-60
-119
4
78
145
237
341
413
454
381
399
377
466
472
547
540
467
428
374
380
431
486
437
418
328
294
232
177
168
169
192
122
11
-42
-80
-105
-105
-125
-66
-58
-55
-115
-185
-210
-223
-147
-87
-57
-75
-97
-117
-108
-93
-11
76
95
136
135
105
61
30
-13
96
181
108
56
98
42
17
44
52
52
52
15
-53
-67
-93
-88
-54
-73
-38
-85
-164
-222
-226
-200
-231
-226
-259
-294
-343
-407
-359
-330
-323
-287
-298
-304
-380
-376
-403
-424
-409
-422
-409
-433
-481
-494
-503
-516
-511
-407
-251
-247
-298
-500
-550
-391
-127
16
-94
-162
-195
-73
56
133
175
303
370
476
459
433
431
479
556
636
729
721
668
561
575
595
680
663
579
526
466
447
400
318
271
311
310
216
96
62
37
1
-41
-20
29
26
21
-46
-130
-126
-98
-53
-85
-77
-77
-82
-90
-121
-115
-44
14
2
-24
-47
-50
-48
-3
22
97
124
65
20
20
49
71
113
145
133
118
85
41
15
6
22
37
4
-44
-99
-127
-141
-143
-128
-135
-146
-176
-239
-315
-308
-295
-272
-246
-272
-287
-326
-372
-427
-433
-411
-369
-359
-352
-410
-456
-461
-459
-481
-550
-498
-340
-213
-220
-346
-542
-433
-239
-17
38
-118
-119
-34
96
201
262
321
388
424
446
421
477
476
512
590
667
707
648
515
436
446
528
610
566
502
440
410
374
320
285
287
298
258
143
32
16
3
-49
-100
-111
-91
-105
-162
-235
-253
-206
-171
-162
-200
-230
-227
-255
-275
-264
-196
-113
-128
-129
-125
-100
-41
-20
25
97
181
196
148
120
90
137
199
236
251
237
194
104
61
51
55
63
54
11
-12
-60
-119
-142
-137
-126
-134
-181
-237
-255
-248
-254
-235
-218
-227
-235
-281
-350
-406
-425
-437
-394
-380
-395
-405
-433
-489
-541
-544
-547
-552
-554
-460
-333
-302
-375
-518
-468
-300
-53
52
-32
-73
-94
-6
143
222
294
362
413
424
422
433
429
471
523
570
600
586
490
435
428
485
548
535
483
405
397
389
337
296
287
288
264
141
4
-43
-58
-71
-102
-106
-91
-120
-212
-323
-337
-325
-269
-233
-246
-285
-263
-292
-287
-237
-148
-55
-34
-38
-68
-47
-39
39
83
131
183
209
207
192
200
216
260
253
277
239
232
192
187
195
179
165
121
75
22
13
-13
-35
-69
-55
-53
-89
-116
-159
-202
-234
-240
-227
-215
-222
-247
-299
-354
-393
-402
-389
-391
-391
-424
-453
-502
-487
-475
-449
-435
-445
-461
-513
-427
-272
-193
-254
-422
-466
-303
-115
52
-30
-110
-40
20
124
185
205
319
382
413
422
423
491
542
575
602
606
611
542
438
425
421
496
492
435
372
311
277
249
202
171
205
203
119
-17
-52
-63
-58
-91
-141
-156
-131
-147
-221
-264
-268
-220
-171
-148
-177
-144
-117
-115
-124
-124
-63
-1
32
61
94
127
181
200
227
256
285
249
202
189
207
259
284
288
253
220
190
166
113
85
97
80
32
7
-53
-110
-152
-202
-199
-213
-246
-272
-295
-334
-359
-368
-378
-382
-397
-420
-472
-499
-496
-471
-453
-449
-456
-454
-438
-453
-447
-467
-493
-504
-512
-509
-512
-457
-313
-241
-221
-364
-488
-363
-189
30
32
-43
-39
-24
97
187
289
412
455
496
445
395
460
557
634
609
573
573
541
523
561
587
655
660
615
548
447
415
385
336
285
298
336
294
168
64
26
5
-4
-22
-16
-19
-61
-101
-142
-142
-119
-81
-58
-87
-156
-184
-165
-139
-114
-34
36
32
31
42
50
44
83
98
159
227
227
201
182
168
171
176
168
159
155
146
96
66
72
99
97
36
-11
-55
-102
-132
-157
-155
-168
-166
-177
-182
-186
-213
-242
-253
-269
-273
-268
-275
-300
-314
-322
-335
-355
-400
-411
-400
-376
-350
-317
-313
-343
-377
-392
-388
-407
-365
-236
-134
-109
-230
-398
-309
-147
92
196
142
120
102
154
228
302
434
577
600
540
454
499
605
704
723
719
685
684
650
610
596
625
628
542
456
394
382
360
316
218
176
170
138
69
-4
-47
-91
-120
-162
-141
-108
-132
-203
-306
-305
-266
-220
-174
-141
-133
-123
-126
-95
-55
31
102
136
123
102
161
223
273
261
277
278
298
308
302
299
319
302
254
239
219
254
238
190
156
124
97
56
15
1
-24
-85
-110
-154
-174
-198
-213
-202
-221
-247
-290
-330
-338
-327
-364
-408
-446
-466
-470
-474
-453
-458
-466
-464
-383
-414
-473
-622
-718
-722
-669
-455
-282
-192
-172
-226
-331
-374
-520
-574
-453
-197
204
306
192
-19
-215
-121
28
204
528
624
676
557
327
315
423
598
592
506
452
427
522
714
785
763
694
579
432
169
117
242
316
233
113
-1
-125
-212
-225
-212
-252
-290
-339
-273
-149
-117
-94
-182
-308
-344
-231
-66
3
18
-33
-29
-22
38
78
91
154
169
154
83
-13
-9
47
138
293
419
491
454
269
116
-42
-108
-67
-38
21
37
32
65
64
91
87
-12
-189
-364
-468
-474
-386
-335
-328
-364
-328
-342
-392
-474
-553
-510
-468
-406
-336
-241
-182
-233
-346
-457
-515
-529
-523
-557
-585
-530
-416
-319
-286
-289
-299
-279
-311
-395
-370
-256
-144
-99
-172
-186
-174
-118
34
102
191
207
140
44
-10
130
402
585
614
474
340
366
361
373
395
515
625
640
581
514
443
499
552
501
357
197
152
81
64
48
138
219
197
109
9
-57
-146
-173
-184
-194
-180
-226
-250
-227
-203
-223
-277
-320
-335
-307
-188
2
167
270
220
106
127
178
238
256
187
142
204
310
343
276
256
371
473
442
357
223
165
162
157
131
37
-10
-78
-199
-338
-372
-242
-197
-228
-262
-232
-189
-158
-184
-218
-265
-355
-443
-454
-498
-463
-436
-343
-331
-379
-398
-434
-414
-470
-399
-262
-158
-171
-276
-355
-334
-316
-311
-425
-535
-623
-585
-435
-256
-71
-7
-41
-164
-213
-192
-29
105
115
94
108
146
166
148
195
309
440
534
513
501
527
610
648
674
675
650
594
528
550
637
636
549
474
378
314
222
243
258
283
343
375
257
150
69
49
27
-69
-117
-190
-225
-271
-275
-218
-115
-36
42
36
-35
-117
-194
-159
-96
35
41
36
5
76
171
167
155
118
107
152
190
189
225
267
308
264
191
164
133
127
102
89
119
165
133
77
-2
-61
-85
-108
-96
-116
-145
-178
-215
-278
-329
-349
-406
-433
-425
-384
-407
-452
-476
-450
-405
-395
-367
-320
-276
-298
-365
-453
-506
-486
-403
-331
-323
-341
-315
-295
-314
-375
-419
-352
-267
-137
-70
-92
-143
-216
-209
-136
-35
55
105
105
157
175
225
328
422
508
517
529
523
574
584
595
592
534
523
491
493
505
521
488
485
419
390
327
282
233
237
206
105
-11
-64
-101
-113
-17
39
31
-85
-219
-249
-259
-235
-200
-191
-107
-87
-73
-104
-128
-118
-116
-58
-28
-10
-34
6
67
108
108
123
153
155
158
186
164
184
240
315
344
274
259
229
243
271
246
152
33
11
-37
-79
-139
-153
-118
-106
-25
-46
-97
-183
-247
-289
-332
-384
-444
-488
-455
-433
-469
-445
-425
-418
-428
-407
-444
-494
-561
-581
-571
-556
-526
-490
-380
-240
-176
-185
-251
-390
-457
-395
-266
-111
-42
-25
-43
-10
-28
-10
41
143
242
256
241
218
267
336
423
457
514
489
419
409
468
516
520
556
559
564
494
418
379
383
361
404
445
475
428
319
319
289
302
205
99
17
-81
-151
-234
-299
-341
-306
-251
-181
-151
-143
-196
-242
-188
-95
-60
-97
-130
-144
-84
-6
81
125
91
57
69
70
14
-6
-24
38
130
219
249
188
131
121
154
205
235
227
235
213
195
178
140
69
-22
-64
-84
-113
-121
-118
-101
-103
-102
-128
-121
-95
-121
-146
-173
-195
-248
-338
-392
-451
-524
-596
-633
-612
-575
-528
-530
-548
-533
-496
-491
-482
-495
-511
-530
-526
-479
-452
-412
-340
-227
-144
-60
17
94
84
70
82
148
197
261
336
377
364
350
396
484
599
627
612
599
615
577
499
443
400
355
387
411
409
359
290
274
231
230
237
222
177
147
116
22
-99
-163
-163
-158
-125
-114
-136
-178
-220
-257
-261
-257
-296
-300
-287
-252
-191
-124
-50
17
65
74
81
71
82
64
57
45
87
185
226
231
206
193
211
224
234
249
250
242
203
130
46
30
34
22
18
62
92
44
27
50
66
44
-80
-199
-248
-260
-220
-200
-229
-262
-305
-329
-307
-344
-387
-439
-438
-387
-417
-486
-562
-619
-646
-647
-626
-589
-547
-533
-573
-607
-578
-498
-483
-470
-431
-387
-363
-382
-352
-297
-234
-178
-74
52
146
214
271
327
385
377
386
391
416
472
524
546
561
597
629
614
578
595
627
617
529
430
304
182
149
150
157
155
136
103
50
-34
-117
-178
-168
-151
-177
-238
-293
-266
-273
-318
-352
-314
-254
-219
-202
-177
-124
-66
-7
14
-19
-70
-97
-108
-52
20
86
85
76
116
215
287
299
276
217
163
80
64
115
197
228
209
171
109
43
-4
6
54
102
114
91
40
-52
-130
-170
-179
-175
-176
-188
-194
-224
-245
-267
-268
-283
-269
-227
-245
-273
-300
-311
-366
-429
-443
-441
-418
-387
-345
-348
-389
-448
-494
-487
-476
-443
-439
-436
-428
-445
-473
-476
-462
-423
-338
-259
-182
-92
-7
80
146
181
198
225
264
309
348
368
388
450
518
534
472
420
425
471
496
472
448
458
459
419
368
309
270
212
171
127
112
100
52
23
25
66
79
62
13
-42
-89
-93
-74
-56
-46
-40
-19
-35
-66
-80
-50
39
138
204
249
293
305
304
305
319
322
313
323
331
345
356
356
357
342
345
323
267
221
201
215
216
231
267
338
392
364
308
235
192
129
37
-45
-39
1
39
81
49
-39
-120
-154
-170
-174
-167
-166
-184
-212
-215
-187
-182
-197
-240
-305
-371
-464
-536
-549
-511
-488
-485
-511
-558
-589
-565
-507
-461
-412
-361
-335
-331
-321
-314
-314
-313
-274
-226
-198
-181
-109
-23
35
80
133
190
250
313
340
368
394
406
403
418
450
473
460
413
374
337
320
328
380
411
433
411
379
363
327
294
222
138
86
26
-35
-99
-157
-165
-145
-120
-122
-139
-132
-113
-72
-48
-25
-11
17
29
18
22
74
120
107
84
81
90
84
90
94
123
159
217
277
328
348
317
284
259
213
163
139
136
176
217
228
183
114
89
89
112
123
148
169
145
102
75
52
15
-17
-16
-42
-68
-99
-138
-151
-186
-218
-272
-301
-317
-362
-419
-465
-459
-431
-437
-454
-474
-494
-537
-599
-633
-621
-551
-495
-493
-510
-521
-541
-586
-573
-495
-407
-316
-268
-235
-199
-121
-51
-41
-69
-84
-35
30
63
86
102
133
183
246
293
339
357
365
357
337
330
326
348
382
391
371
325
298
291
275
249
227
241
245
240
172
82
40
10
5
-32
-70
-127
-159
-162
-153
-118
-64
-10
-10
-16
-15
6
53
59
49
49
76
63
36
55
104
124
97
97
73
64
82
96
110
124
134
139
100
46
44
22
40
108
139
170
143
100
85
76
92
128
143
128
93
55
54
25
4
-8
-25
-53
-112
-180
-250
-310
-327
-306
-295
-259
-229
-240
-267
-319
-350
-383
-406
-416
-411
-394
-384
-385
-396
-416
-447
-452
-465
-461
-443
-438
-392
-348
-336
-322
-318
-293
-263
-235
-193
-131
-100
-78
-62
-1
88
141
206
236
240
266
296
318
358
401
464
469
415
372
315
286
310
330
357
381
347
295
229
182
175
100
37
19
24
28
5
-14
12
25
15
-31
-70
-80
-66
-32
-22
-59
-56
-47
-45
-65
-76
-46
-14
-15
-28
-21
-18
-10
-7
11
19
13
47
92
130
178
217
239
232
159
110
84
63
70
85
134
201
229
206
181
180
212
163
76
53
-9
-77
-126
-157
-112
-107
-107
-134
-175
-174
-182
-220
-250
-304
-326
-309
-299
-323
-367
-410
-438
-478
-540
-610
-696
-697
-719
-695
-620
-586
-583
-577
-544
-538
-566
-581
-563
-545
-468
-413
-365
-342
-314
-270
-245
-215
-204
-183
-145
-129
-113
-71
9
112
198
272
312
307
311
340
369
423
462
462
457
439
390
341
298
260
277
291
313
333
326
341
329
337
366
320
301
301
273
210
171
149
120
77
36
8
-42
-83
-114
-79
14
76
105
79
52
59
72
86
96
103
123
91
76
98
121
161
200
225
222
205
170
135
120
123
163
211
268
257
198
160
163
200
183
178
220
273
318
324
285
232
186
164
163
162
155
109
33
-37
-96
-154
-152
-122
-110
-119
-167
-226
-251
-269
-294
-311
-355
-359
-349
-324
-344
-391
-426
-479
-510
-534
-543
-555
-538
-469
-366
-289
-243
-223
-195
-162
-163
-184
-169
-119
-77
-81
-75
-11
37
62
73
89
154
228
265
294
307
315
297
247
255
313
341
373
373
304
290
312
337
326
277
269
239
250
261
226
144
84
80
107
112
61
52
68
94
81
-11
-48
-80
-84
-67
-43
-33
-58
-102
-151
-193
-234
-232
-242
-218
-163
-112
-72
-27
27
91
157
224
267
261
269
272
279
298
320
333
313
295
287
277
284
281
286
296
304
308
315
317
318
331
306
269
220
156
123
63
5
-29
-61
-62
-91
-162
-242
-322
-377
-455
-490
-479
-437
-418
-441
-431
-409
-410
-449
-458
-456
-461
-459
-504
-533
-542
-543
-531
-487
-462
-485
-510
-498
-400
-313
-267
-262
-294
-273
-203
-148
-122
-75
-41
44
94
114
122
112
130
180
258
318
369
376
430
421
434
434
388
363
296
257
269
310
314
315
337
355
345
272
230
192
174
161
159
176
157
140
110
113
123
109
86
91
89
71
66
55
36
6
-32
-34
-51
-45
-45
-42
20
47
66
79
78
101
153
206
276
310
338
391
408
415
408
383
355
323
271
254
220
186
169
176
168
127
111
120
106
68
20
-13
-40
-51
-78
-88
-111
-142
-153
-156
-141
-154
-220
-279
-315
-342
-357
-370
-375
-399
-421
-416
-436
-446
-446
-456
-448
-457
-469
-483
-515
-562
-572
-521
-455
-402
-375
-363
-344
-266
-208
-187
-167
-154
-117
-63
-38
-23
-2
14
45
79
94
138
190
222
254
233
213
222
251
298
304
282
300
327
354
359
339
344
303
244
221
176
203
233
230
285
249
212
198
149
132
109
83
94
63
44
30
-1
26
17
-30
-35
-45
-43
-47
-48
-42
-63
-83
-93
-94
-63
-20
42
116
144
166
208
266
299
324
318
324
340
334
338
318
313
335
324
321
310
295
274
252
232
201
167
155
151
123
131
108
100
102
55
31
7
-11
-42
-110
-183
-230
-236
-219
-238
-268
-277
-247
-230
-247
-280
-317
-356
-381
-394
-441
-486
-514
-513
-481
-455
-466
-493
-524
-557
-588
-588
-566
-540
-540
-533
-509
-462
-386
-320
-245
-160
-135
-135
-126
-111
-72
-72
-90
-72
-30
44
150
246
303
340
324
313
333
323
326
317
335
376
348
365
353
333
282
181
118
67
9
-21
-49
-23
45
52
49
26
2
27
23
28
4
-41
-29
-26
-33
-57
-97
-100
-74
-50
-17
-22
-16
12
21
47
55
73
88
121
192
238
252
252
243
232
240
256
270
258
204
164
122
111
108
81
62
74
88
50
9
-13
-17
-1
-7
-16
-68
-131
-182
-213
-245
-264
-259
-269
-267
-266
-279
-288
-323
-363
-383
-383
-383
-396
-399
-401
-409
-421
-429
-424
-415
-419
-415
-415
-414
-438
-466
-476
-473
-461
-454
-427
-386
-347
-301
-253
-205
-191
-175
-125
-76
-48
-34
-35
-20
2
-14
-53
-59
-34
7
73
145
204
278
361
457
510
509
487
453
437
403
343
292
254
211
179
110
71
27
-32
-37
-58
-55
-74
-100
-75
-54
-29
10
-4
-7
-25
-53
-55
-53
-53
-58
-67
-79
-76
-61
-22
-4
46
131
187
248
294
332
348
338
350
384
400
401
425
464
480
435
367
299
272
265
246
204
158
94
44
17
3
-10
-32
-18
-11
-9
-31
-38
-49
-58
-78
-108
-152
-199
-222
-220
-233
-283
-334
-396
-390
-375
-361
-336
-321
-292
-268
-265
-242
-257
-293
-314
-300
-271
-295
-333
-391
-414
-418
-426
-441
-460
-470
-468
-442
-390
-356
-348
-362
-358
-358
-323
-298
-285
-235
-180
-129
-93
-57
-49
-24
18
92
154
183
248
320
358
396
425
457
520
533
535
526
499
474
427
357
298
243
225
196
151
129
82
98
127
118
128
117
94
109
69
73
88
67
74
69
77
82
71
75
81
74
98
110
134
140
151
210
270
315
330
339
376
428
445
445
445
425
389
330
283
266
261
239
211
195
163
136
105
74
63
60
72
102
131
143
138
147
132
101
60
38
37
23
-1
-44
-74
-115
-155
-206
-222
-228
-263
-309
-330
-315
-300
-299
-314
-315
-347
-379
-428
-470
-465
-458
-454
-472
-479
-482
-500
-500
-500
-500
-496
-487
-430
-356
-285
-214
-154
-99
-56
-11
26
41
49
46
49
89
160
228
284
341
403
473
543
564
631
682
696
664
596
559
503
453
401
347
293
243
153
77
-8
-60
-89
-160
-169
-157
-157
-126
-109
-100
-82
-100
-97
-115
-132
-126
-120
-127
-144
-150
-143
-135
-103
-57
-1
50
93
160
230
290
333
396
447
497
496
463
455
440
426
401
369
311
233
167
127
122
104
86
59
26
25
64
105
133
147
154
165
131
91
35
-30
-100
-146
-192
-227
-261
-280
-309
-334
-324
-321
-332
-343
-346
-353
-359
-353
-347
-349
-330
-321
-341
-393
-491
-554
-595
-604
-598
-581
-559
-525
-496
-493
-497
-497
-459
-410
-343
-269
-220
-160
-91
-38
7
61
119
161
187
191
233
293
344
401
441
514
601
661
720
782
767
708
635
561
504
426
322
232
128
23
-65
-136
-168
-186
-182
-187
-242
-256
-248
-237
-170
-128
-51
42
90
100
68
30
24
32
9
7
8
47
92
132
166
200
276
364
446
525
531
528
539
532
512
500
477
421
361
289
217
155
93
11
-44
-87
-135
-164
-163
-113
-49
-21
-12
-1
24
44
47
51
51
27
-13
-44
-65
-100
-179
-253
-317
-356
-349
-337
-325
-302
-257
-231
-243
-281
-317
-328
-331
-343
-360
-381
-417
-462
-506
-563
-630
-680
-708
-709
-691
-673
-641
-612
-577
-528
-478
-407
-317
-247
-190
-143
-97
-18
66
115
125
137
158
218
294
353
404
450
511
553
577
570
568
546
510
476
410
312
245
178
106
32
-51
-128
-184
-233
-249
-235
-224
-204
-185
-118
-86
-43
4
43
85
112
134
154
168
142
124
86
65
75
105
145
188
216
243
271
318
366
417
468
460
435
391
332
283
239
184
156
106
41
-34
-83
-110
-91
-37
-16
4
37
84
109
137
161
178
212
235
235
202
139
78
61
52
48
20
-13
-43
-65
-117
-193
-248
-259
-246
-244
-262
-283
-291
-318
-353
-411
-469
-524
-571
-623
-677
-688
-685
-700
-746
-780
-792
-758
-694
-629
-578
-514
-456
-387
-316
-258
-181
-128
-94
-78
-45
3
54
98
116
128
202
311
414
498
542
597
693
767
784
745
675
621
567
477
367
275
170
51
-81
-180
-248
-256
-256
-266
-274
-301
-302
-266
-186
-117
-41
-2
23
23
-1
-11
-10
-5
-29
-39
-53
-66
-78
-39
37
122
200
258
331
421
503
543
546
518
503
472
403
296
207
111
24
-56
-139
-188
-203
-201
-178
-154
-107
-38
24
74
112
136
157
195
242
271
278
238
204
167
146
116
68
37
5
-35
-69
-104
-135
-175
-206
-243
-280
-312
-318
-350
-426
-488
-547
-602
-668
-721
-747
-763
-768
-767
-773
-756
-719
-687
-636
-561
-475
-406
-330
-268
-193
-131
-77
-15
13
35
102
184
198
179
187
217
279
355
431
509
569
593
616
631
670
716
688
609
524
448
362
255
164
98
59
9
-44
-98
-147
-176
-194
-197
-178
-132
-90
-52
-24
-35
-66
-79
-94
-88
-84
-101
-115
-111
-74
-22
38
122
184
256
332
386
477
545
590
626
627
575
479
378
299
220
148
67
-1
-35
-80
-122
-152
-196
-206
-176
-126
-68
-12
33
90
157
193
202
211
215
225
226
200
148
96
35
-16
-41
-53
-74
-81
-85
-127
-191
-240
-291
-327
-339
-350
-374
-415
-485
-556
-616
-665
-699
-717
-756
-788
-795
-773
-711
-669
-640
-599
-533
-439
-364
-324
-292
-242
-183
-127
-106
-82
-44
47
148
198
244
251
294
372
460
552
603
614
621
650
693
666
597
531
473
433
357
266
189
91
-11
-82
-177
-228
-276
-305
-301
-294
-255
-206
-160
-127
-101
-107
-109
-123
-108
-118
-130
-125
-126
-74
-23
-4
12
56
139
233
287
337
362
400
441
451
436
434
440
438
398
337
286
240
225
198
170
131
83
34
-10
-15
40
72
107
160
179
180
170
166
165
190
204
198
189
178
127
41
-24
-41
-33
-51
-80
-114
-151
-183
-206
-236
-262
-286
-319
-347
-382
-432
-484
-532
-559
-569
-575
-582
-577
-564
-566
-571
-588
-577
-546
-509
-463
-410
-348
-278
-232
-201
-166
-138
-100
-60
-33
9
54
93
127
165
257
354
417
469
543
588
605
590
590
596
588
577
494
404
346
301
273
216
157
132
76
19
-33
-95
-121
-119
-89
-39
2
3
-7
18
78
82
58
28
6
16
1
-26
-6
-2
4
10
9
44
78
129
169
171
168
158
158
171
171
168
163
160
161
122
59
-4
-39
-50
-75
-113
-151
-167
-142
-101
-71
-44
1
76
139
186
213
233
278
292
264
240
219
219
164
64
-29
-95
-132
-151
-162
-180
-214
-236
-240
-233
-238
-259
-283
-275
-262
-262
-298
-363
-429
-472
-491
-505
-534
-566
-579
-594
-605
-595
-584
-547
-484
-414
-368
-328
-260
-182
-132
-106
-86
-60
-9
31
66
77
74
126
202
273
333
373
422
481
515
532
526
526
513
484
429
337
253
199
129
71
27
-30
-55
-80
-115
-140
-179
-177
-135
-75
-16
-10
1
7
-2
11
8
14
35
11
-24
-52
-66
-31
-4
28
68
110
161
204
246
280
300
332
366
383
384
366
342
299
226
143
95
49
-18
-86
-115
-105
-63
-3
49
99
143
209
284
322
320
315
329
333
311
261
226
199
164
89
-1
-98
-180
-241
-256
-260
-264
-295
-328
-354
-359
-373
-388
-409
-441
-466
-498
-562
-623
-669
-698
-729
-771
-812
-808
-754
-670
-583
-483
-369
-258
-158
-70
1
52
94
109
100
98
90
66
63
59
62
59
43
109
198
293
402
493
572
647
679
703
686
661
621
501
388
270
172
103
-17
-124
-203
-275
-300
-321
-337
-313
-274
-214
-174
-154
-112
-76
-25
18
-10
-27
-52
-74
-68
-97
-128
-170
-230
-209
-147
-53
39
114
217
308
397
446
449
446
453
450
448
411
339
246
150
78
33
-7
-65
-124
-153
-150
-116
-53
16
108
207
276
326
372
403
422
433
405
377
361
336
254
140
26
-37
-72
-127
-185
-203
-194
-188
-196
-228
-264
-277
-299
-351
-405
-454
-493
-543
-591
-639
-681
-692
-692
-664
-621
-573
-538
-482
-398
-334
-274
-195
-91
-24
0
7
7
-18
-69
-123
-167
-193
-152
-89
-21
49
57
104
214
352
459
498
510
561
641
685
677
613
560
488
398
302
180
112
46
-29
-65
-103
-117
-96
-82
-35
13
60
86
65
33
18
3
7
-45
-117
-182
-243
-267
-273
-280
-246
-195
-124
-38
31
85
126
182
241
289
335
358
337
304
267
247
235
192
130
43
-44
-105
-137
-165
-186
-186
-150
-94
-33
28
88
148
200
240
282
321
353
388
396
388
360
311
277
253
224
202
167
120
87
63
18
-38
-85
-96
-91
-104
-164
-279
-385
-458
-531
-598
-675
-741
-782
-809
-813
-814
-790
-740
-658
-571
-505
-456
-424
-403
-373
-317
-269
-228
-184
-150
-127
-121
-134
-156
-150
-107
-52
-7
58
114
181
261
338
411
473
495
520
566
589
572
538
508
474
386
304
225
189
176
124
95
80
83
122
120
98
89
92
79
67
27
-9
-55
-99
-130
-155
-171
-209
-247
-238
-228
-216
-184
-126
-41
15
44
75
130
197
243
289
328
327
306
293
300
319
319
304
276
256
220
155
99
69
66
69
68
67
82
86
100
144
180
219
240
223
222
233
233
206
183
163
129
83
24
-17
-73
-140
-193
-214
-215
-247
-299
-332
-333
-327
-348
-392
-462
-528
-558
-570
-588
-616
-620
-598
-574
-569
-555
-504
-409
-305
-236
-190
-174
-153
-133
-127
-79
-12
39
49
58
95
130
117
44
-17
-5
45
73
35
33
117
247
377
422
402
392
409
422
433
397
350
302
238
186
133
101
81
52
39
42
47
63
43
41
58
67
130
182
163
114
80
95
127
139
144
115
73
20
-60
-97
-102
-66
-11
58
99
97
88
84
136
202
255
280
289
305
315
304
261
188
137
117
117
108
63
6
-38
-63
-83
-82
-62
-27
33
105
172
204
196
178
143
110
86
67
51
11
-18
-32
-71
-120
-150
-170
-198
-230
-267
-297
-316
-340
-354
-356
-363
-394
-435
-463
-473
-493
-526
-548
-532
-506
-519
-534
-532
-504
-446
-385
-326
-257
-166
-60
22
65
98
115
121
123
115
101
89
60
13
-29
-43
-22
-20
-39
12
90
186
252
283
311
339
363
359
358
350
350
332
301
257
196
142
69
8
-23
-9
69
126
153
155
143
154
200
233
210
171
112
86
34
-34
-68
-93
-96
-113
-128
-163
-201
-238
-271
-278
-242
-166
-94
-30
22
86
158
204
218
202
198
198
193
171
133
93
59
46
25
-17
-29
-7
33
55
43
31
65
137
183
225
252
277
301
302
273
209
156
122
88
20
-54
-117
-191
-274
-325
-328
-316
-324
-346
-362
-392
-416
-440
-470
-511
-518
-498
-515
-551
-589
-622
-624
-610
-566
-534
-509
-487
-453
-397
-328
-243
-187
-145
-87
-10
62
128
150
153
141
91
42
0
-40
-63
-71
-91
-106
-97
-29
35
75
122
192
247
297
328
362
398
401
364
296
225
146
108
90
66
15
-57
-113
-111
-82
-79
-79
-56
-7
64
91
100
106
73
62
35
-19
-82
-116
-137
-143
-130
-118
-99
-93
-60
-4
67
139
205
276
332
369
380
376
400
442
468
447
372
315
252
153
55
-27
-92
-132
-140
-123
-80
-39
-26
-14
24
69
108
108
96
111
123
113
77
43
1
-57
-120
-152
-162
-190
-234
-274
-286
-273
-249
-209
-186
-194
-219
-239
-274
-315
-352
-387
-386
-366
-356
-377
-387
-388
-371
-352
-323
-276
-249
-206
-155
-112
-57
-11
25
52
81
92
90
76
66
77
92
125
102
57
23
27
56
72
97
176
279
371
442
469
501
558
592
588
554
520
516
510
474
390
318
253
185
122
60
39
56
49
38
9
-27
-41
-58
-35
-18
-42
-80
-135
-156
-185
-249
-311
-338
-332
-311
-295
-271
-224
-146
-78
-23
13
38
77
103
149
238
304
332
337
340
349
326
288
240
172
113
76
73
97
107
100
84
77
90
108
133
167
189
198
198
184
185
206
245
273
259
200
108
15
-35
-67
-100
-124
-166
-199
-245
-273
-287
-307
-311
-338
-362
-381
-404
-401
-401
-376
-326
-302
-308
-334
-343
-294
-247
-221
-198
-199
-161
-128
-105
-69
-36
-6
-7
-2
10
19
21
22
34
20
-7
-91
-171
-177
-141
-103
-89
-86
-43
24
109
144
144
170
234
333
392
395
360
339
338
352
324
246
156
77
37
-7
-38
-39
-33
-24
-48
-63
-71
-73
-87
-108
-100
-76
-48
-45
-57
-69
-39
-10
-16
-24
-58
-58
-28
-13
5
41
125
228
296
335
348
363
422
476
527
561
570
540
490
449
374
272
193
108
81
32
-25
-47
-49
-22
27
76
91
107
96
110
153
162
141
88
18
-41
-100
-132
-155
-146
-139
-139
-154
-174
-188
-220
-240
-237
-233
-233
-250
-273
-260
-250
-218
-222
-240
-275
-294
-286
-281
-265
-279
-268
-288
-281
-287
-277
-247
-211
-169
-139
-113
-100
-93
-79
-55
-60
-79
-114
-155
-204
-262
-324
-354
-342
-316
-287
-238
-150
-35
95
195
264
334
429
516
566
556
516
498
464
404
317
225
177
136
98
48
15
24
26
46
58
52
60
74
149
205
252
243
191
171
161
150
97
48
-1
-1
-34
-80
-108
-127
-97
-87
-45
-22
-26
0
49
121
144
131
123
100
90
62
41
36
7
-30
-47
-37
-32
-43
-55
-42
9
62
97
120
125
143
154
144
120
96
66
55
40
37
4
-55
-122
-193
-239
-268
-297
-327
-321
-320
-273
-236
-199
-181
-204
-212
-201
-199
-184
-171
-168
-126
-112
-133
-178
-215
-222
-226
-244
-251
-235
-194
-145
-95
-85
-70
-73
-54
-42
-58
-63
-59
-45
-24
-27
-69
-103
-99
-71
-58
-45
-34
-23
46
140
206
257
271
285
331
401
486
503
440
340
267
186
109
41
-5
-86
-117
-162
-246
-300
-289
-243
-193
-146
-76
-38
31
66
79
123
139
175
152
107
61
33
-2
-1
-21
-53
-72
-111
-109
-78
-71
-36
6
67
136
201
251
281
324
353
410
454
479
471
475
486
474
401
287
167
108
78
63
19
-43
-43
-38
-13
3
24
19
-12
-11
-8
-18
-49
-85
-105
-144
-161
-176
-217
-261
-309
-319
-326
-292
-245
-183
-144
-103
-45
10
45
41
19
22
48
49
34
-5
-74
-140
-168
-207
-213
-213
-211
-209
-223
-261
-309
-350
-297
-203
-118
-50
-60
-74
-95
-114
-148
-232
-313
-345
-349
-315
-279
-275
-283
-231
-155
-88
-68
-47
21
113
223
254
280
261
253
235
218
192
129
59
23
15
8
29
57
132
195
235
249
226
233
261
307
342
375
355
299
239
179
120
5
-103
-168
-215
-223
-207
-176
-141
-88
-40
-7
37
98
173
214
235
236
255
288
311
302
281
254
254
252
224
201
170
155
154
171
164
156
147
147
126
97
76
89
77
52
33
-1
-25
-72
-87
-140
-173
-179
-168
-144
-191
-255
-280
-278
-289
-289
-295
-311
-280
-243
-228
-259
-301
-346
-374
-404
-456
-498
-532
-555
-578
-597
-562
-508
-450
-399
-306
-199
-162
-124
-48
74
162
193
187
144
94
28
-42
-68
-91
-63
-8
-1
-41
-86
-128
-109
-87
-68
-59
-26
84
200
336
354
327
277
270
265
229
221
227
285
283
254
184
103
82
91
124
131
131
132
103
83
53
44
12
-47
-48
-53
-20
14
-11
-20
-18
-55
-105
-134
-143
-145
-94
-58
-31
-22
26
138
242
262
260
269
336
368
406
412
363
327
258
180
54
-4
-74
-103
-107
-69
-44
-54
-51
-11
21
14
41
63
23
-57
-108
-126
-123
-143
-121
-88
-94
-109
-146
-160
-186
-196
-185
-159
-148
-128
-134
-166
-160
-132
-132
-184
-249
-308
-312
-312
-326
-314
-284
-273
-253
-230
-220
-171
-116
-89
-51
-36
-14
30
35
63
45
14
4
-5
-43
-120
-167
-193
-206
-164
-149
-183
-227
-255
-257
-204
-147
-73
-2
80
165
236
300
289
290
307
294
269
258
218
178
147
126
103
90
90
111
166
211
230
298
298
307
302
293
320
329
333
292
267
205
133
42
-62
-97
-115
-75
-40
-30
-20
-24
-19
-34
-56
-80
-15
39
83
153
257
357
382
361
310
269
222
181
116
45
17
38
75
99
102
114
152
175
180
197
181
170
171
149
114
71
50
11
-16
-121
-157
-160
-160
-151
-247
-328
-392
-433
-463
-494
-498
-454
-385
-305
-266
-213
-166
-154
-166
-179
-202
-199
-245
-292
-327
-364
-345
-306
-239
-244
-255
-290
-323
-346
-329
-325
-281
-223
-136
-63
-38
-63
-127
-198
-239
-243
-213
-165
-113
-77
-85
-51
-14
34
88
145
194
237
275
315
351
362
362
377
375
380
355
296
220
163
152
143
86
61
83
121
169
222
293
326
298
260
232
204
142
113
80
41
47
42
26
34
-3
-53
-94
-96
-75
-46
-33
-38
-3
38
35
8
3
101
179
246
292
329
348
354
300
275
256
235
230
200
163
129
86
55
49
17
-8
-52
-60
-68
-115
-124
-153
-155
-155
-166
-171
-199
-248
-272
-276
-287
-316
-316
-335
-307
-293
-310
-315
-331
-293
-246
-206
-143
-130
-166
-164
-127
-66
-22
7
33
18
-2
-43
-117
-193
-221
-182
-145
-164
-182
-197
-210
-213
-218
-178
-161
-152
-135
-143
-182
-235
-266
-322
-345
-332
-291
-259
-270
-259
-256
-265
-266
-226
-151
-75
-22
70
157
233
324
358
397
383
363
354
344
344
338
322
268
237
216
172
124
98
93
151
142
116
115
125
134
163
180
173
160
162
179
205
195
150
83
28
26
23
21
8
11
27
42
37
26
14
14
25
61
84
111
174
217
259
246
240
227
208
179
113
58
7
-27
-51
-46
-26
13
46
57
26
6
-20
-31
-36
-48
-49
-32
-40
-42
-54
-85
-110
-172
-226
-316
-362
-380
-430
-445
-436
-411
-371
-332
-311
-280
-260
-200
-140
-59
-10
1
15
-11
-14
-61
-88
-106
-132
-130
-146
-176
-230
-280
-294
-327
-310
-286
-275
-245
-260
-218
-117
-23
74
119
99
47
8
-37
-91
-134
-183
-214
-246
-276
-286
-253
-212
-131
-28
55
113
154
217
267
313
361
376
370
387
397
388
363
355
371
363
356
348
337
349
357
375
375
395
394
396
371
304
169
58
8
-30
-73
-94
-167
-188
-190
-186
-218
-281
-333
-335
-310
-309
-273
-224
-152
-92
-36
54
127
195
219
235
256
266
266
251
251
214
163
119
36
-3
-32
-40
-15
13
33
46
47
49
69
90
104
71
27
-13
-45
-83
-109
-153
-176
-182
-216
-176
-157
-167
-211
-234
-240
-271
-271
-289
-275
-221
-176
-122
-122
-110
-111
-117
-105
-102
-53
28
64
95
90
85
76
64
64
64
64
59
65
79
88
65
29
7
8
-22
-75
-144
-198
-215
-231
-251
-246
-242
-227
-231
-214
-173
-136
-101
-37
32
103
174
214
231
226
205
186
172
132
119
147
187
238
234
214
208
204
253
304
331
358
375
384
363
301
234
191
158
102
45
-7
-38
-44
-69
-113
-173
-208
-228
-210
-199
-189
-188
-170
-103
-56
-18
-13
6
23
47
67
79
61
45
60
84
106
121
124
146
178
184
159
124
75
50
45
24
15
32
54
76
110
98
97
67
56
25
-6
-64
-126
-173
-223
-240
-243
-205
-172
-135
-84
-38
-25
-46
-84
-104
-109
-97
-67
-35
-12
-4
-34
-69
-87
-95
-100
-68
-51
-53
-61
-44
-42
-59
-85
-119
-128
-98
-74
-92
-111
-114
-105
-121
-149
-173
-176
-148
-126
-94
-51
-39
-16
26
47
38
35
31
24
36
92
145
167
185
200
193
169
126
77
59
68
92
104
105
89
101
133
112
94
79
90
98
103
109
123
112
86
67
58
76
94
103
51
-17
-46
-63
-72
-52
-33
-24
-26
-33
-39
-46
-56
-29
6
5
33
67
86
92
73
72
94
112
138
162
164
152
120
92
67
59
61
43
26
41
104
141
142
126
103
72
39
-32
-83
-120
-172
-203
-235
-237
-191
-175
-153
-154
-163
-162
-179
-178
-192
-203
-221
-231
-224
-172
-137
-120
-132
-159
-202
-226
-238
-205
-181
-151
-132
-120
-107
-115
-141
-177
-220
-252
-306
-341
-348
-328
-273
-202
-168
-103
-39
21
54
45
32
12
6
21
37
67
92
129
164
191
198
181
193
201
169
124
100
117
153
176
199
214
262
321
342
318
302
311
331
318
279
259
266
278
286
250
197
165
158
135
72
24
-10
-39
-68
-86
-75
-84
-95
-127
-153
-124
-80
-51
-35
-12
19
37
60
44
31
52
85
105
117
96
82
64
69
70
60
44
30
31
31
34
34
34
30
26
13
27
21
-39
-81
-98
-102
-110
-98
-67
-76
-107
-123
-139
-166
-192
-200
-192
-169
-164
-180
-217
-249
-239
-201
-158
-132
-145
-172
-229
-288
-330
-341
-343
-340
-313
-290
-249
-221
-192
-175
-156
-146
-109
-103
-112
-126
-121
-103
-94
-57
-23
-10
-5
34
96
141
186
210
196
195
204
214
209
215
223
227
232
258
256
253
247
231
238
268
283
258
262
319
363
361
323
277
238
207
181
143
67
30
20
22
-13
-59
-119
-192
-250
-328
-408
-465
-471
-450
-407
-375
-337
-299
-277
-229
-198
-178
-119
-58
15
57
81
127
161
178
191
165
153
150
123
84
32
16
28
68
115
118
120
131
143
171
174
145
95
42
3
-29
-71
-127
-173
-232
-281
-276
-264
-273
-240
-212
-173
-132
-124
-103
-77
-70
-66
-42
-7
-22
-55
-81
-91
-102
-101
-66
-47
-18
13
40
43
25
-1
-7
32
57
78
124
153
160
161
109
66
3
-62
-101
-113
-80
-35
35
89
147
190
233
270
268
287
339
393
424
439
447
443
412
364
326
254
186
124
79
36
20
55
110
169
207
228
252
268
245
180
109
70
48
41
15
-45
-124
-180
-219
-224
-225
-225
-201
-144
-91
-51
-24
17
79
129
186
232
255
274
265
243
242
198
125
63
32
40
70
74
36
28
31
59
68
33
-9
-25
-38
-47
-53
-81
-123
-160
-194
-245
-295
-335
-375
-390
-351
-302
-228
-152
-76
-40
-29
-21
-3
20
27
6
-43
-93
-132
-181
-237
-295
-348
-361
-362
-357
-373
-379
-366
-326
-265
-251
-254
-247
-230
-204
-204
-209
-216
-242
-280
-313
-343
-354
-353
-330
-283
-241
-203
-157
-96
-30
62
174
260
314
359
383
364
332
318
298
263
230
178
155
155
182
216
222
223
234
265
302
291
246
215
187
170
131
68
-24
-71
-104
-157
-224
-283
-330
-324
-269
-226
-163
-85
-14
19
32
66
99
128
134
107
117
121
75
15
-37
-73
-77
-73
-55
-47
-32
24
90
170
213
252
298
317
318
302
248
203
161
86
30
-33
-84
-94
-102
-98
-100
-125
-159
-194
-192
-176
-159
-158
-189
-218
-255
-293
-307
-299
-260
-231
-240
-247
-256
-271
-279
-283
-279
-252
-215
-188
-161
-143
-117
-126
-150
-196
-226
-255
-300
-356
-427
-467
-485
-482
-443
-382
-318
-250
-156
-60
-1
73
165
251
319
387
444
460
464
455
437
414
402
414
441
444
448
458
458
455
427
383
319
253
247
223
169
113
54
24
-23
-79
-125
-159
-205
-206
-194
-154
-105
-59
-2
48
87
73
36
12
36
81
119
147
167
175
166
132
110
112
119
150
189
216
231
238
223
203
177
200
216
211
187
157
124
59
-36
-103
-152
-196
-210
-222
-214
-229
-259
-313
-340
-323
-279
-252
-231
-194
-173
-175
-197
-204
-210
-218
-221
-236
-265
-272
-290
-319
-359
-395
-421
-398
-359
-330
-301
-308
-371
-421
-465
-502
-529
-545
-506
-465
-426
-396
-376
-344
-284
-201
-90
15
116
221
302
373
409
413
418
443
456
483
483
490
523
553
598
582
553
525
492
471
427
379
358
312
266
221
180
156
100
46
-21
-70
-80
-103
-136
-155
-196
-218
-256
-297
-308
-322
-322
-288
-231
-130
-27
88
160
196
228
218
203
171
142
143
147
152
171
198
244
271
267
272
288
311
297
228
162
86
23
-50
-140
-200
-236
-250
-279
-317
-329
-341
-350
-358
-351
-344
-323
-303
-286
-278
-281
-286
-281
-274
-239
-225
-222
-252
-293
-292
-296
-317
-349
-378
-402
-401
-373
-373
-390
-376
-346
-350
-365
-410
-458
-457
-440
-411
-398
-350
-270
-168
-38
50
149
218
274
314
312
346
378
400
457
478
507
544
603
703
770
806
808
791
768
754
697
640
533
482
435
396
400
399
428
419
362
263
129
20
-68
-187
-275
-345
-399
-396
-310
-200
-71
31
110
188
203
215
214
208
229
247
285
354
399
425
444
435
387
308
249
212
182
163
124
59
20
-7
-12
-18
-14
-21
-53
-79
-136
-217
-273
-300
-330
-331
-342
-362
-371
-372
-332
-281
-259
-239
-240
-265
-294
-314
-321
-309
-308
-324
-324
-302
-283
-273
-282
-295
-314
-341
-377
-415
-429
-417
-391
-359
-299
-242
-207
-167
-145
-115
-87
-102
-77
-75
-94
-54
-27
36
110
136
203
241
288
348
378
415
458
455
434
426
462
495
533
539
533
541
532
516
484
441
377
332
259
183
130
87
63
57
42
5
-48
-118
-161
-189
-211
-204
-191
-148
-88
-26
25
68
108
145
176
186
213
214
211
196
182
187
195
212
236
231
191
122
29
-44
-82
-119
-110
-100
-85
-90
-123
-131
-138
-154
-195
-260
-316
-349
-364
-372
-364
-323
-283
-252
-229
-252
-289
-297
-303
-287
-277
-273
-249
-214
-199
-205
-245
-281
-337
-382
-428
-455
-475
-499
-500
-509
-490
-469
-452
-418
-392
-316
-283
-298
-273
-265
-174
-112
-64
48
134
231
315
350
380
390
409
424
413
425
444
511
567
607
619
592
545
499
430
379
301
226
167
106
83
42
9
-35
-70
-106
-141
-156
-176
-129
-31
15
65
94
129
197
235
239
259
267
278
299
301
285
271
226
181
142
76
7
-55
-100
-102
-66
-47
-29
-16
9
21
13
-27
-78
-118
-165
-234
-311
-346
-342
-323
-311
-293
-278
-288
-259
-234
-215
-200
-202
-223
-245
-261
-276
-260
-243
-233
-219
-243
-249
-287
-340
-398
-438
-439
-445
-432
-414
-436
-452
-428
-393
-363
-302
-219
-116
-52
-39
-14
-30
35
86
101
136
125
140
193
189
194
188
199
253
311
403
517
635
715
754
717
653
551
479
406
359
343
319
296
229
138
51
-25
-77
-110
-96
-64
-46
-35
-48
-25
-2
22
19
41
82
125
183
247
284
279
250
180
149
153
160
193
210
219
225
225
220
209
191
157
111
62
29
6
-7
-20
-51
-95
-165
-212
-242
-240
-262
-302
-331
-369
-391
-399
-349
-291
-227
-167
-140
-116
-127
-171
-196
-227
-267
-302
-325
-334
-336
-332
-366
-385
-400
-417
-436
-453
-472
-490
-472
-405
-340
-250
-165
-96
-91
-150
-183
-199
-122
-14
108
202
270
277
270
249
243
281
364
446
483
513
528
581
642
682
668
620
544
537
523
542
527
502
442
330
201
60
-4
-28
-16
-4
-8
-24
-52
-81
-59
-28
12
38
85
97
114
110
95
108
103
106
98
122
162
229
280
275
214
144
52
-20
-30
-7
19
47
45
-5
-83
-173
-238
-290
-323
-329
-313
-318
-311
-315
-308
-309
-340
-365
-365
-342
-312
-288
-267
-259
-298
-365
-429
-445
-425
-392
-310
-237
-216
-232
-296
-356
-401
-448
-461
-479
-495
-496
-494
-450
-389
-311
-253
-180
-189
-231
-225
-177
-38
132
282
341
341
325
265
254
288
323
377
406
397
391
386
384
421
466
471
466
449
459
487
526
507
446
369
242
102
27
9
10
52
89
74
21
-85
-128
-110
-66
32
112
208
256
291
316
340
353
358
365
370
358
333
318
298
223
137
21
-62
-101
-110
-73
-63
-68
-100
-167
-228
-267
-267
-245
-227
-207
-222
-263
-317
-400
-428
-445
-475
-483
-485
-438
-399
-384
-349
-320
-317
-312
-314
-294
-254
-230
-193
-192
-198
-221
-229
-254
-281
-273
-271
-317
-368
-394
-362
-278
-181
-43
44
110
87
46
25
93
192
305
374
358
284
210
192
184
238
317
379
393
379
341
366
403
460
467
450
386
354
374
389
413
385
338
242
171
121
112
149
202
212
219
141
82
46
58
105
159
200
183
127
128
143
142
148
154
163
142
151
175
169
180
185
123
75
10
-48
-87
-100
-116
-112
-92
-109
-125
-131
-152
-181
-213
-276
-331
-355
-347
-340
-334
-361
-401
-451
-491
-489
-454
-390
-348
-336
-365
-404
-422
-429
-425
-421
-403
-391
-394
-391
-390
-384
-379
-397
-419
-475
-525
-544
-518
-416
-302
-198
-124
-73
-100
-178
-210
-175
-43
135
286
358
387
368
355
335
367
407
473
493
448
382
326
295
301
318
304
305
313
363
370
380
352
289
199
125
76
95
152
194
184
119
42
-33
-87
-73
13
79
127
133
107
81
50
14
15
52
98
118
137
156
146
117
87
20
-9
-8
6
45
72
43
-11
-84
-150
-198
-232
-250
-266
-297
-342
-374
-408
-405
-372
-340
-339
-342
-367
-400
-412
-416
-411
-390
-381
-370
-369
-359
-317
-275
-240
-227
-212
-198
-202
-211
-236
-276
-289
-285
-315
-369
-436
-510
-512
-447
-324
-186
-82
-36
-116
-202
-211
-128
13
193
325
410
437
425
399
405
438
465
480
462
427
397
420
436
435
386
354
302
270
262
265
275
267
198
104
34
11
49
100
122
117
119
128
178
218
207
197
183
170
175
202
247
281
296
246
175
114
100
112
143
149
138
107
49
-2
-39
-65
-65
-84
-102
-110
-125
-111
-110
-120
-165
-208
-245
-283
-287
-283
-268
-263
-263
-303
-335
-348
-364
-372
-382
-388
-382
-367
-355
-348
-352
-373
-396
-400
-382
-349
-298
-253
-240
-240
-257
-290
-290
-303
-320
-350
-398
-418
-376
-282
-156
-74
-59
-87
-149
-158
-88
68
239
385
455
451
410
395
426
475
553
606
585
519
474
459
492
527
494
434
367
294
278
285
290
275
236
173
108
89
102
147
207
207
147
49
-53
-89
-34
57
107
134
148
140
122
132
155
170
198
257
326
396
441
443
422
364
256
129
37
-11
-32
-66
-115
-180
-256
-283
-279
-277
-247
-223
-217
-245
-271
-282
-299
-269
-237
-261
-295
-315
-333
-348
-359
-377
-378
-394
-411
-394
-380
-349
-320
-291
-275
-243
-218
-182
-163
-159
-129
-133
-146
-141
-185
-243
-305
-366
-354
-320
-231
-146
-65
-23
-68
-113
-129
-50
113
292
414
469
493
510
499
496
518
519
514
495
464
448
452
482
508
480
448
385
363
363
327
303
267
218
143
81
47
39
61
88
89
52
4
-43
-49
-6
31
49
54
50
62
91
128
151
151
148
154
188
212
237
256
255
211
148
72
2
-20
-26
-63
-85
-121
-165
-196
-205
-186
-183
-191
-217
-245
-257
-258
-245
-244
-251
-255
-257
-270
-280
-284
-302
-319
-333
-328
-323
-302
-274
-248
-231
-236
-242
-262
-289
-312
-331
-357
-371
-381
-398
-403
-396
-390
-404
-407
-382
-340
-261
-108
41
157
145
60
4
22
149
307
416
513
569
574
551
508
506
528
570
568
492
416
389
393
412
423
379
314
250
211
189
175
164
136
71
-21
-105
-147
-146
-123
-124
-113
-103
-123
-121
-86
-20
65
93
103
100
111
116
130
155
169
175
181
215
217
214
192
155
95
30
-31
-75
-75
-43
-48
-74
-150
-237
-290
-319
-317
-313
-258
-212
-176
-145
-132
-113
-112
-123
-136
-157
-185
-191
-189
-183
-181
-208
-228
-228
-232
-246
-240
-248
-259
-242
-240
-221
-232
-233
-262
-300
-338
-378
-363
-355
-332
-342
-386
-422
-441
-417
-345
-200
-64
28
32
-68
-114
-89
78
294
461
569
601
603
567
539
556
624
711
743
710
632
596
562
519
467
370
292
231
235
240
236
221
144
47
-76
-180
-206
-157
-75
-43
-28
-22
-17
-47
-56
-23
5
82
126
164
234
303
360
361
345
303
286
289
300
331
338
334
274
196
137
95
60
19
-4
-62
-131
-179
-212
-205
-194
-183
-189
-210
-229
-256
-276
-277
-260
-246
-233
-225
-214
-208
-210
-215
-226
-250
-257
-235
-211
-188
-157
-142
-144
-156
-193
-230
-238
-237
-250
-253
-296
-357
-390
-433
-456
-462
-447
-433
-446
-471
-462
-395
-277
-112
49
166
162
96
59
101
250
417
540
609
609
606
586
574
603
646
682
643
589
527
496
476
456
387
287
207
132
129
147
157
145
69
-23
-154
-240
-260
-230
-185
-190
-211
-240
-217
-144
-14
137
231
229
178
110
114
160
246
289
264
192
106
52
34
41
32
13
-61
-141
-191
-207
-176
-127
-105
-101
-162
-214
-249
-236
-213
-206
-205
-258
-290
-289
-241
-170
-106
-85
-91
-102
-110
-82
-27
13
36
13
-44
-81
-116
-150
-152
-179
-204
-219
-225
-221
-216
-191
-186
-223
-297
-365
-423
-431
-403
-374
-353
-363
-372
-392
-360
-295
-206
-70
104
249
337
312
200
109
80
178
311
405
474
527
523
502
442
422
428
466
481
474
430
380
370
322
232
108
13
-32
25
110
162
191
143
75
-38
-153
-176
-172
-117
-77
-74
-109
-107
-54
77
242
327
331
288
275
283
324
324
327
283
213
127
45
20
62
137
148
88
-6
-65
-86
-61
-26
-3
-30
-59
-111
-157
-167
-161
-163
-155
-167
-197
-184
-145
-90
-55
-43
-75
-105
-121
-103
-64
-40
-29
-57
-115
-176
-219
-246
-240
-236
-247
-255
-292
-335
-380
-399
-422
-441
-455
-480
-476
-484
-482
-457
-445
-448
-430
-413
-386
-349
-307
-229
-141
-53
46
167
276
354
302
277
241
291
387
447
523
535
544
516
474
409
371
378
349
321
273
183
176
149
154
125
89
23
-3
32
14
62
40
-5
-38
-110
-173
-177
-119
-62
12
57
76
127
172
269
312
329
326
303
296
267
217
170
185
210
212
197
157
151
121
71
19
-49
-72
-67
-40
-4
14
14
-11
-73
-135
-169
-182
-158
-138
-146
-157
-182
-195
-141
-110
-70
-45
-55
-75
-104
-110
-148
-176
-211
-214
-206
-174
-168
-185
-183
-217
-243
-268
-303
-301
-300
-332
-336
-359
-401
-405
-448
-474
-494
-506
-481
-475
-453
-414
-372
-333
-281
-225
-171
-101
-52
-10
82
184
335
344
361
315
314
389
424
490
519
583
628
635
577
503
453
407
378
348
226
140
45
-9
-72
-86
-86
-79
4
34
73
56
35
10
-80
-149
-180
-166
-114
-7
116
172
201
196
211
195
195
192
207
279
356
384
357
331
272
212
124
50
3
29
83
164
190
174
166
126
69
17
-49
-85
-51
-31
4
23
31
40
10
-49
-89
-119
-104
-38
29
86
122
114
58
36
-30
-99
-155
-236
-287
-326
-358
-356
-361
-343
-314
-295
-306
-343
-378
-419
-431
-429
-434
-448
-465
-446
-427
-435
-463
-493
-497
-493
-502
-505
-473
-437
-335
-220
-61
107
225
286
302
295
287
263
247
263
322
413
459
471
461
473
480
450
375
320
288
287
272
239
153
53
-18
-35
-45
-20
28
67
123
151
154
114
83
63
67
41
-29
-73
-93
-110
-100
-79
-36
7
54
142
211
250
282
283
283
274
238
164
95
65
62
95
100
116
116
107
75
58
49
58
87
106
145
126
76
44
7
-50
-115
-176
-185
-160
-131
-127
-155
-188
-207
-194
-218
-255
-254
-262
-241
-236
-234
-217
-207
-199
-219
-246
-274
-279
-282
-265
-264
-286
-300
-331
-354
-412
-461
-508
-528
-492
-437
-365
-342
-356
-357
-388
-421
-434
-424
-348
-259
-187
-152
-132
-79
-24
49
65
65
66
113
161
250
311
331
393
418
428
392
371
375
393
422
428
393
360
327
309
250
203
153
114
106
126
155
154
149
103
49
-39
-132
-197
-249
-229
-159
-49
65
157
231
254
247
197
127
74
99
165
254
338
402
428
390
297
211
131
98
139
207
263
270
245
192
106
-4
-118
-182
-182
-132
-114
-99
-79
-90
-81
-79
-94
-80
-48
19
106
170
206
191
136
55
-2
-35
-63
-116
-196
-245
-283
-305
-377
-442
-451
-407
-337
-278
-229
-213
-193
-209
-287
-404
-501
-533
-524
-492
-445
-391
-319
-327
-342
-402
-489
-513
-504
-461
-401
-339
-313
-285
-287
-259
-203
-150
-88
8
116
264
389
431
388
315
272
226
249
277
340
397
397
376
334
261
208
197
177
179
164
145
126
95
42
-25
-91
-109
-93
-32
29
72
90
83
76
41
4
4
-3
0
6
-9
-12
-13
5
51
95
146
183
222
290
343
363
363
334
292
254
206
158
129
143
174
171
123
79
53
87
176
281
307
292
241
147
72
1
-34
-18
60
116
143
146
110
77
41
19
36
42
15
12
-31
-95
-152
-187
-206
-219
-239
-262
-265
-258
-225
-164
-130
-137
-158
-220
-317
-424
-503
-506
-479
-446
-367
-277
-171
-87
-25
-6
-66
-133
-234
-319
-355
-336
-266
-150
-55
8
7
-42
-113
-179
-174
-151
-130
-115
-86
-67
-11
56
146
197
189
137
47
8
1
49
125
216
317
368
376
331
240
195
161
172
185
158
111
56
14
-42
-99
-145
-171
-144
-119
-108
-78
-53
-42
2
47
65
83
100
138
147
140
136
117
111
112
133
143
129
104
63
15
-7
-40
-51
-39
-8
77
138
185
256
289
261
234
168
95
33
-51
-116
-138
-93
-36
25
103
166
244
274
259
243
200
191
171
119
71
27
39
63
56
26
-27
-77
-118
-150
-166
-181
-206
-210
-253
-304
-331
-376
-393
-414
-415
-385
-366
-336
-311
-267
-235
-219
-211
-181
-114
-33
60
130
176
219
212
175
161
151
133
120
81
20
-34
-97
-122
-113
-87
-51
-48
-87
-132
-175
-211
-213
-228
-237
-257
-252
-224
-177
-70
56
172
246
272
269
218
155
117
114
188
289
363
391
396
369
324
267
204
166
157
179
198
231
226
208
183
149
145
109
65
26
-40
-130
-218
-258
-275
-286
-274
-265
-244
-253
-269
-261
-278
-303
-295
-287
-248
-187
-167
-189
-227
-250
-245
-197
-122
-31
55
151
224
274
296
311
313
298
278
242
178
91
23
-8
-22
-24
-18
-7
30
59
72
35
-38
-67
-70
-45
-25
-34
-55
-60
-45
-13
23
31
58
97
147
176
165
164
164
166
158
156
147
156
185
172
110
58
26
6
-6
-40
-57
-75
-72
-52
-77
-116
-199
-269
-296
-290
-253
-210
-146
-83
-57
-39
-49
-68
-85
-99
-129
-170
-199
-189
-185
-213
-252
-277
-280
-279
-296
-343
-429
-490
-503
-443
-349
-263
-191
-140
-125
-133
-148
-165
-122
-51
31
91
120
169
196
228
250
289
377
450
498
494
458
409
341
261
181
91
36
21
49
120
184
243
293
283
256
185
92
9
-51
-71
-44
18
88
184
249
272
270
257
237
213
174
148
133
121
115
99
92
72
41
10
-11
-64
-133
-166
-171
-190
-193
-165
-156
-157
-148
-126
-81
-52
-42
-35
-26
-9
21
32
52
97
147
183
200
171
147
112
61
61
45
43
44
33
7
-5
1
-2
-4
20
76
123
154
208
274
276
227
138
70
-10
-92
-170
-231
-252
-256
-279
-284
-259
-244
-220
-207
-216
-213
-211
-210
-210
-189
-176
-151
-116
-108
-91
-84
-105
-123
-148
-187
-214
-238
-253
-247
-246
-246
-286
-353
-395
-414
-414
-436
-472
-514
-523
-487
-448
-406
-350
-316
-264
-223
-209
-178
-155
-129
-102
-77
-40
30
134
255
371
440
456
448
399
323
258
197
166
197
264
346
407
422
418
403
343
277
219
179
173
173
207
260
317
344
341
296
198
79
-42
-146
-204
-221
-201
-157
-101
-25
26
30
25
30
16
-1
33
84
139
209
269
343
398
422
445
414
351
270
205
190
221
262
297
320
325
311
252
167
64
-25
-107
-162
-181
-206
-207
-160
-109
-78
-59
-56
-53
-44
-31
-46
-40
-27
-12
11
38
82
102
88
48
-10
-66
-97
-117
-141
-145
-134
-102
-88
-104
-105
-134
-182
-229
-269
-263
-252
-225
-182
-114
-69
-31
18
21
-3
-46
-129
-212
-262
-279
-257
-198
-129
-56
18
80
107
95
54
-18
-71
-107
-133
-121
-97
-65
-11
34
56
47
10
-31
-88
-149
-216
-296
-325
-311
-278
-223
-217
-219
-214
-224
-253
-325
-384
-402
-370
-308
-228
-178
-156
-132
-120
-116
-87
-24
50
163
265
316
334
315
292
275
229
211
227
253
298
316
320
319
288
256
230
187
133
78
37
42
35
37
69
99
142
145
112
78
78
72
49
8
-27
-2
55
124
179
215
253
278
254
185
97
18
-38
-60
-58
-41
3
58
85
87
56
-3
-38
-76
-90
-83
-100
-124
-124
-116
-110
-116
-148
-173
-169
-160
-163
-157
-143
-138
-139
-136
-118
-80
-50
-28
5
49
112
163
182
185
164
144
112
84
96
117
125
119
97
34
-29
-73
-119
-132
-108
-71
-20
26
55
53
21
-14
-65
-87
-78
-49
-23
-27
-29
-35
-44
-74
-116
-146
-138
-104
-68
-51
-31
-13
3
10
-1
-17
-39
-43
-67
-115
-158
-192
-218
-198
-159
-131
-118
-114
-105
-113
-133
-177
-202
-205
-165
-127
-111
-117
-151
-188
-232
-285
-328
-338
-298
-248
-200
-154
-120
-67
-13
11
-7
-54
-79
-74
-62
-28
22
104
167
181
161
108
58
31
20
29
62
119
168
207
223
196
175
144
127
138
155
164
177
226
268
297
311
315
326
343
335
291
237
179
110
42
-35
-76
-81
-76
-27
21
66
108
128
135
120
122
120
106
113
133
136
139
130
130
112
81
48
-18
-62
-57
-59
-87
-112
-125
-104
-88
-84
-104
-99
-81
-65
-39
-29
-33
-46
-32
-2
41
83
119
149
168
168
160
132
116
116
130
154
180
210
205
176
133
90
66
39
27
21
-1
-33
-77
-132
-179
-198
-211
-211
-195
-195
-197
-164
-126
-86
-44
-18
33
81
115
111
99
92
76
54
43
35
31
27
9
-27
-77
-135
-183
-231
-282
-300
-277
-239
-194
-149
-128
-147
-165
-190
-242
-279
-298
-302
-275
-253
-232
-225
-208
-178
-173
-161
-153
-139
-120
-112
-74
-18
10
28
72
118
144
175
181
161
122
62
-20
-91
-143
-162
-127
-97
-64
-19
11
15
-12
-57
-84
-73
-47
-4
55
106
154
193
201
178
139
106
83
74
66
56
68
72
77
78
75
62
59
64
75
118
156
169
172
157
128
74
26
-23
-61
-65
-62
-57
-78
-76
-66
-65
-69
-64
-49
-19
5
10
21
50
92
130
162
187
175
155
132
112
103
72
43
14
-16
-22
-5
20
48
66
83
99
92
59
38
39
26
-7
-11
-17
-36
-49
-56
-73
-87
-96
-100
-76
-61
-56
-60
-56
-52
-66
-64
-47
-47
-20
7
26
57
85
96
94
65
34
-4
-46
-66
-85
-63
-22
-16
-46
-62
-52
-60
-97
-137
-187
-204
-176
-132
-85
-39
17
58
61
46
-2
-64
-100
-138
-166
-148
-120
-113
-119
-119
-101
-71
-64
-91
-141
-198
-245
-266
-277
-288
-282
-268
-230
-194
-187
-194
-192
-208
-244
-256
-240
-204
-201
-219
-217
-244
-270
-284
-302
-300
-249
-172
-113
-51
10
46
90
87
65
57
80
130
214
310
390
412
380
314
212
108
62
79
122
167
231
277
296
283
290
281
238
206
194
191
182
164
171
181
150
134
143
158
178
165
125
85
21
-11
-9
-17
-27
-3
48
91
100
84
38
-22
-74
-104
-122
-115
-82
-72
-94
-109
-114
-134
-145
-123
-86
-40
16
55
73
91
109
118
98
89
76
69
73
72
78
88
91
85
64
68
66
71
52
35
32
33
29
43
68
131
205
268
326
328
281
196
98
40
-12
-28
-23
-23
-36
-66
-95
-144
-188
-207
-191
-166
-151
-144
-142
-155
-191
-202
-201
-188
-169
-125
-98
-64
-32
-8
-6
-2
17
21
33
45
58
66
37
-14
-57
-88
-112
-139
-169
-182
-165
-125
-94
-92
-95
-102
-120
-169
-233
-295
-317
-317
-281
-228
-172
-129
-94
-63
-45
-28
-18
-11
-15
-32
-41
-41
-21
22
68
120
164
181
166
137
89
65
62
78
121
156
148
102
49
27
6
-15
-28
-4
33
82
124
146
167
160
126
91
63
57
65
91
121
141
142
111
67
34
15
9
29
87
125
146
174
195
200
175
124
71
23
-3
-27
-59
-46
-2
37
55
34
-13
-60
-104
-131
-136
-140
-140
-114
-89
-107
-128
-117
-100
-64
-24
8
21
16
20
21
26
35
40
55
47
42
19
-20
-49
-72
-80
-68
-87
-133
-159
-174
-167
-132
-65
-7
32
70
89
87
64
48
69
110
157
193
224
264
256
221
188
152
118
85
66
48
18
-5
-10
-6
-2
-1
17
60
89
109
135
163
170
153
98
41
11
2
1
2
4
3
-6
-9
-30
-58
-81
-96
-110
-133
-163
-208
-254
-269
-271
-252
-217
-192
-183
-195
-205
-228
-260
-278
-274
-257
-218
-148
-82
-31
3
23
34
36
38
16
-5
-23
-30
-31
-17
10
13
0
1
7
19
17
-10
-32
-57
-78
-107
-136
-138
-97
-48
11
43
42
33
22
-8
-52
-69
-73
-63
-54
-34
-8
22
62
85
103
128
141
153
161
163
177
215
245
245
232
213
179
147
124
122
121
118
123
94
66
35
11
-6
-24
-12
17
42
58
69
62
28
-24
-68
-98
-118
-118
-126
-129
-111
-75
-25
23
69
100
115
119
134
164
177
176
177
174
175
186
166
102
58
14
-18
-40
-53
-42
-50
-54
-33
-3
21
21
11
7
1
-7
-13
-21
-43
-36
2
32
72
135
193
215
195
170
155
127
99
56
19
3
2
4
-22
-49
-71
-108
-127
-128
-134
-131
-144
-145
-147
-135
-106
-91
-97
-126
-142
-132
-130
-133
-134
-108
-74
-64
-55
-67
-98
-134
-177
-198
-193
-192
-205
-224
-229
-224
-229
-248
-272
-280
-263
-226
-182
-131
-66
5
57
71
52
-10
-89
-135
-139
-131
-101
-66
-13
43
67
90
113
118
109
99
100
106
118
140
159
180
193
173
133
92
46
19
13
31
62
112
141
156
166
183
206
216
244
248
222
183
125
55
6
-3
11
49
97
145
177
182
173
154
141
134
114
110
110
93
81
74
84
103
110
102
72
-5
-102
-168
-208
-230
-238
-224
-179
-128
-78
-10
46
70
67
42
17
-22
-49
-54
-48
-25
13
41
44
26
10
2
-14
-45
-78
-100
-119
-142
-157
-159
-130
-96
-61
-32
-19
-4
-1
-13
-17
-14
-33
-74
-132
-163
-160
-149
-120
-68
-24
3
3
-11
-23
-36
-32
-16
4
33
49
53
40
29
29
21
-1
-15
-17
-18
-31
-35
-8
41
79
79
70
65
71
73
69
60
41
42
45
23
8
6
10
3
-3
2
-6
6
19
11
-3
-21
-44
-57
-65
-59
-36
-12
-2
-15
-42
-90
-158
-206
-239
-267
-290
-296
-271
-237
-199
-160
-109
-14
113
252
332
328
248
132
38
-13
-28
-10
39
89
127
157
191
191
205
248
292
292
241
157
75
21
-12
-32
-51
-89
-99
-59
9
62
90
108
84
53
15
-39
-76
-97
-86
-70
-56
-42
-26
5
50
109
151
147
121
81
44
18
4
-18
-33
-34
-24
-26
-39
-20
-22
-51
-65
-95
-142
-167
-137
-62
12
63
87
72
36
-8
-35
-31
-12
5
23
18
-31
-98
-161
-207
-220
-196
-167
-132
-77
-11
47
100
140
175
190
156
80
4
-73
-151
-221
-280
-314
-306
-259
-180
-83
3
55
66
40
12
-15
-45
-50
-48
-40
-26
-20
-29
-49
-65
-36
29
90
116
91
49
2
-22
-48
-85
-112
-115
-83
-53
-49
-47
-12
53
122
161
161
118
64
20
-21
-80
-157
-229
-290
-325
-344
-324
-277
-203
-101
-11
46
60
34
-6
-59
-103
-161
-225
-259
-286
-289
-263
-229
-224
-227
-227
-225
-192
-133
-51
29
95
124
117
111
104
140
212
297
371
397
399
349
260
170
83
4
-48
-81
-101
-127
-133
-96
-28
28
73
110
149
197
225
206
121
8
-114
-220
-289
-335
-348
-316
-249
-172
-113
-79
-49
18
115
212
255
259
228
187
160
123
78
21
-6
5
20
20
9
-13
-21
-28
-28
-30
-41
-67
-97
-114
-105
-78
-44
-14
34
124
221
290
295
275
222
149
76
-14
-91
-134
-167
-195
-195
-156
-100
-42
27
107
172
200
195
182
170
126
45
-53
-103
-108
-110
-93
-56
-22
-17
-37
-73
-91
-90
-93
-101
-117
-126
-129
-131
-128
-130
-145
-150
-152
-171
-196
-203
-210
-213
-206
-194
-197
-211
-189
-140
-69
15
89
136
166
188
193
181
163
126
64
-22
-119
-219
-298
-345
-373
-373
-331
-278
-256
-238
-213
-156
-87
-30
21
51
79
87
69
48
19
-7
-45
-77
-87
-103
-106
-128
-150
-155
-133
-88
-66
-62
-47
-5
58
152
260
338
410
475
525
531
516
465
361
253
162
103
65
22
6
2
-15
-29
-55
-53
-26
35
109
178
221
223
184
164
145
108
60
-3
-41
-21
10
7
2
31
69
77
60
32
5
-23
-53
-96
-136
-155
-163
-153
-85
10
100
155
180
181
167
135
95
41
-6
-58
-115
-160
-188
-180
-161
-126
-53
46
138
224
277
290
250
185
116
35
-54
-122
-152
-141
-120
-80
-60
-40
-9
39
98
171
232
249
233
198
172
167
186
219
260
292
304
264
190
102
29
-59
-161
-263
-343
-364
-340
-277
-196
-130
-62
31
146
251
326
380
395
375
322
207
74
-33
-105
-151
-203
-260
-320
-371
-395
-381
-361
-339
-293
-223
-111
14
113
194
267
322
338
326
289
218
173
159
131
78
7
-44
-70
-90
-111
-133
-157
-179
-207
-235
-247
-235
-207
-153
-79
-3
74
121
156
161
127
48
-53
-165
-273
-349
-378
-343
-244
-142
-43
66
187
304
414
492
524
531
518
459
336
205
83
-34
-143
-222
-256
-269
-242
-186
-125
-60
-17
8
29
68
97
85
49
32
59
98
103
71
28
-17
-80
-152
-213
-232
-236
-265
-294
-307
-313
-315
-276
-178
-44
80
154
203
230
262
279
257
214
181
157
127
90
45
-4
-63
-134
-229
-316
-370
-393
-371
-305
-206
-92
17
101
150
192
233
248
244
214
160
101
63
68
57
12
-29
-66
-46
11
117
179
160
120
50
-8
-41
-15
42
110
196
272
291
277
250
255
268
275
204
95
-1
-51
-111
-185
-249
-285
-273
-219
-135
-47
33
64
63
27
-37
-121
-220
-311
-358
-353
-310
-270
-219
-145
-81
-44
-36
-60
-101
-145
-161
-143
-105
-97
-129
-136
-103
-17
65
105
96
67
37
8
-45
-120
-197
-258
-299
-324
-332
-302
-231
-158
-98
-39
19
57
78
84
125
170
185
179
168
166
192
213
202
173
115
42
-15
-22
-10
-28
-94
-155
-146
-68
18
69
95
119
148
158
152
146
143
131
117
99
90
81
81
105
142
157
128
52
-27
-89
-145
-209
-273
-309
-307
-238
-144
-56
2
32
55
60
64
75
84
91
89
91
102
109
82
58
35
4
-31
-73
-116
-145
-165
-189
-188
-160
-142
-150
-157
-143
-89
-26
-29
-46
-69
-95
-70
-51
-68
-90
-65
-9
34
46
28
10
-3
-15
-35
-46
-56
-92
-154
-178
-183
-170
-182
-202
-198
-139
-59
-4
41
80
90
71
46
8
-27
-52
-54
-4
88
183
275
334
379
423
456
435
391
332
268
190
82
-50
-151
-197
-200
-196
-192
-179
-165
-149
-124
-92
-64
-48
-18
-3
38
102
152
212
285
349
371
351
324
286
226
168
100
22
-35
-99
-172
-228
-244
-242
-220
-192
-134
-80
-41
-9
24
66
110
151
144
120
99
57
21
-11
-40
-59
-58
-48
-45
-35
-26
-11
12
12
7
-18
-42
-57
-63
-59
-58
-76
-89
-90
-85
-92
-81
-82
-99
-114
-140
-173
-219
-259
-268
-254
-239
-239
-228
-214
-189
-130
-63
3
37
42
29
14
-6
-32
-69
-100
-115
-119
-131
-135
-134
-128
-143
-132
-103
-61
-14
-2
31
85
144
189
193
179
165
146
143
132
90
57
32
9
-18
-49
-78
-110
-125
-117
-83
-56
-34
-1
69
160
241
261
244
217
182
138
86
63
57
47
27
6
-19
-69
-119
-181
-227
-230
-248
-285
-307
-299
-273
-225
-178
-124
-49
20
80
127
167
191
194
192
195
213
214
176
125
109
114
95
28
-38
-78
-70
-77
-108
-133
-144
-133
-143
-153
-153
-136
-113
-107
-75
-36
-25
-65
-111
-138
-165
-206
-255
-289
-288
-238
-186
-133
-44
44
102
129
141
129
89
36
3
-8
-3
-30
-84
-123
-123
-90
-84
-83
-91
-87
-112
-165
-197
-223
-220
-208
-192
-131
-16
124
249
304
306
287
255
156
37
-61
-99
-80
-35
-11
-42
-118
-165
-150
-102
-41
26
69
92
105
108
119
133
153
190
222
245
235
222
211
181
112
8
-87
-176
-247
-288
-329
-347
-343
-336
-329
-313
-252
-191
-107
-18
54
86
109
127
123
115
113
123
151
206
267
288
277
256
202
126
46
-4
-53
-113
-151
-169
-145
-75
13
62
105
183
271
331
335
299
247
197
127
44
-22
-92
-156
-182
-212
-210
-177
-160
-137
-102
-57
12
58
82
71
93
139
150
132
122
149
178
181
186
210
226
209
166
104
50
-1
-68
-107
-76
-6
61
107
142
230
326
365
333
264
215
148
32
-107
-230
-324
-410
-487
-520
-506
-475
-435
-379
-266
-113
12
57
80
132
209
265
283
273
257
231
175
112
62
22
-44
-109
-160
-166
-166
-236
-320
-359
-351
-335
-311
-281
-233
-126
-22
76
168
231
281
308
317
305
260
192
105
23
-39
-81
-141
-228
-274
-292
-274
-227
-205
-160
-91
-22
63
155
248
312
312
296
291
294
262
186
79
18
-3
-41
-111
-178
-190
-172
-151
-130
-128
-109
-70
-38
9
54
101
95
69
56
87
138
152
133
144
155
164
121
63
8
-10
-36
-85
-135
-172
-192
-217
-240
-217
-131
-3
124
208
282
374
432
410
331
229
143
47
-49
-120
-175
-219
-257
-273
-250
-227
-211
-210
-191
-123
-44
11
34
53
83
117
152
183
217
244
264
283
262
205
100
-41
-167
-260
-337
-408
-464
-451
-349
-179
-9
130
263
378
467
499
483
436
355
242
151
82
22
-38
-95
-123
-108
-75
-32
-28
-57
-87
-96
-101
-113
-140
-187
-167
-106
-50
-7
25
67
120
169
200
208
196
140
39
-33
-91
-141
-192
-235
-236
-186
-107
-83
-61
-16
31
87
146
220
262
285
292
261
232
207
156
103
63
46
-3
-69
-132
-182
-180
-183
-204
-226
-236
-188
-131
-68
-3
53
103
125
143
186
231
208
129
77
76
105
99
52
2
-34
-56
-96
-155
-218
-256
-273
-273
-228
-168
-88
3
96
207
302
366
376
353
338
293
187
52
-88
-201
-309
-369
-378
-387
-371
-349
-308
-219
-134
-76
-68
-37
7
47
63
49
18
-12
-31
-54
-48
-24
-33
-54
-53
-47
-49
-65
-90
-110
-102
-68
-49
-32
1
61
139
184
213
260
320
331
292
247
210
188
128
52
-16
-43
-35
-53
-72
-73
-74
-88
-118
-129
-92
-46
-30
-39
-40
5
43
20
-10
-14
11
43
36
11
0
18
27
0
-8
-12
-24
-33
10
76
143
196
217
247
282
283
231
143
59
20
-22
-101
-171
-195
-185
-175
-184
-187
-149
-105
-130
-176
-221
-244
-264
-328
-362
-376
-323
-266
-203
-92
11
102
156
203
202
152
73
-9
-73
-137
-195
-252
-296
-290
-222
-159
-119
-96
-65
-33
-31
-50
-84
-100
-111
-118
-107
-83
-43
-17
-1
38
99
136
118
63
24
-16
-40
-95
-166
-184
-160
-104
-56
-15
20
67
116
143
168
186
152
72
22
41
76
77
45
55
123
193
224
223
222
244
272
260
216
184
141
87
45
-10
-37
-48
-55
-12
66
109
79
34
3
-26
-67
-139
-200
-204
-202
-190
-208
-191
-122
-35
12
26
67
116
125
69
-1
-43
-64
-87
-115
-111
-75
-10
15
6
-18
17
67
70
74
92
75
7
-84
-147
-192
-257
-307
-308
-255
-157
-65
-28
-7
29
68
69
5
-53
-86
-109
-135
-164
-178
-212
-263
-286
-229
-157
-115
-105
-102
-58
-24
-36
-82
-105
-82
-9
54
98
129
174
211
211
209
197
170
81
-39
-125
-181
-233
-266
-271
-259
-216
-170
-142
-114
-68
-17
12
55
82
62
5
-42
-29
10
49
43
26
40
73
91
97
104
115
113
122
166
211
225
202
188
186
197
197
186
142
102
88
45
-17
-80
-124
-142
-131
-85
-18
53
104
129
141
161
174
175
181
195
207
232
260
246
222
197
165
136
117
108
75
29
-21
-69
-107
-158
-198
-199
-174
-143
-114
-87
-70
-48
-31
-15
-25
-50
-48
-34
-6
9
36
70
57
28
-4
-11
-29
-71
-124
-156
-169
-167
-148
-151
-154
-107
-22
50
98
124
167
191
207
199
148
88
39
9
-22
-42
-62
-35
39
108
138
134
74
-7
-116
-208
-249
-252
-207
-139
-63
19
85
138
180
208
229
249
291
319
288
222
158
101
47
-4
-41
-39
-15
27
78
134
206
248
257
263
266
265
234
176
125
85
58
15
-47
-123
-184
-198
-205
-217
-236
-230
-210
-184
-149
-111
-70
-25
16
25
28
24
16
22
53
78
71
82
100
119
85
-1
-102
-198
-247
-274
-306
-322
-310
-285
-287
-292
-286
-249
-225
-222
-200
-170
-122
-98
-108
-102
-77
-55
-62
-57
-15
63
137
166
147
116
112
101
59
15
21
54
93
145
215
292
344
388
415
425
429
418
379
314
226
131
28
-43
-94
-101
-60
-46
-18
-8
4
8
-10
-30
-96
-147
-205
-255
-282
-295
-273
-220
-142
-82
-2
75
107
142
173
191
197
175
133
97
46
-14
-34
-42
-57
-64
-48
17
86
166
219
236
236
210
189
114
56
19
-11
-26
-55
-70
-105
-142
-192
-259
-293
-300
-320
-338
-315
-260
-204
-154
-120
-81
-31
-4
9
14
34
65
79
73
77
125
166
159
125
80
50
11
-90
-204
-265
-272
-265
-297
-284
-262
-242
-240
-239
-207
-180
-155
-145
-129
-117
-97
-98
-111
-83
-49
-24
-17
-24
-12
23
24
8
21
59
74
49
8
-5
-3
-2
12
58
123
175
190
203
217
188
175
146
109
76
24
-13
-49
-54
-25
0
16
2
13
40
55
27
-28
-64
-100
-139
-166
-161
-143
-133
-104
-79
-68
-74
-74
-76
-65
-21
20
35
38
62
105
131
129
136
142
164
192
194
175
132
82
57
62
106
137
122
124
156
196
213
205
184
168
143
105
58
-4
-37
-62
-73
-67
-23
21
40
34
32
57
70
70
73
92
125
153
152
123
113
104
62
1
-59
-121
-197
-272
-315
-312
-280
-232
-187
-144
-102
-57
-29
-10
7
20
13
-17
-28
-43
-71
-85
-73
-33
-3
6
-8
-39
-47
-45
-39
-44
-71
-97
-134
-161
-168
-162
-121
-80
-30
13
60
103
104
76
35
-7
-62
-139
-203
-252
-265
-245
-195
-146
-93
-45
-2
33
61
79
81
69
43
15
-15
-48
-82
-112
-107
-49
12
30
22
39
60
63
55
59
58
55
62
51
19
-26
-41
-45
-53
-50
-57
-44
-35
-31
-34
-48
-54
-38
-26
-16
33
101
163
182
157
109
75
32
-44
-112
-117
-77
-38
-43
-67
-75
-70
-60
-64
-53
-19
37
77
89
95
84
58
0
-51
-78
-63
-48
-61
-71
-67
-53
-75
-114
-124
-123
-107
-102
-113
-125
-137
-144
-137
-99
-50
-27
0
35
89
116
154
191
234
272
286
285
254
229
218
211
188
159
152
131
107
78
58
56
76
89
83
58
54
29
-16
-36
-44
-67
-87
-88
-64
-50
-57
-66
-90
-103
-119
-147
-161
-157
-143
-117
-90
-82
-61
-38
-5
28
48
63
90
121
142
146
120
75
23
-13
-13
2
26
42
49
38
13
-10
-50
-117
-174
-211
-230
-246
-245
-238
-196
-110
-11
73
147
204
230
223
185
128
72
18
-32
-78
-100
-94
-68
-50
-49
-5
83
170
214
228
235
234
224
211
161
120
133
151
159
146
118
104
79
37
10
2
-16
-65
-93
-108
-129
-158
-191
-239
-265
-244
-217
-183
-136
-96
-77
-73
-48
-11
0
5
17
33
80
88
77
69
80
111
117
114
112
110
111
105
81
48
-3
-58
-73
-70
-61
-39
-41
-50
-32
-13
3
15
14
14
-17
-54
-105
-143
-150
-161
-164
-185
-196
-214
-231
-215
-205
-192
-154
-126
-94
-60
-28
-15
-7
20
22
17
31
63
106
150
165
175
193
202
204
165
130
95
73
57
46
62
102
169
226
252
264
268
244
199
158
117
51
-43
-112
-169
-215
-226
-206
-141
-96
-95
-107
-119
-87
-42
-17
-22
-41
-45
-21
-12
-32
-37
-13
39
107
145
169
173
154
135
90
39
-11
-40
-34
-22
-18
-33
-75
-117
-175
-178
-169
-152
-169
-194
-208
-208
-204
-213
-210
-185
-144
-107
-88
-54
-30
-16
-23
-34
-47
-55
-60
-59
-58
-47
-21
-14
-17
-34
-54
-48
-31
-20
-2
14
52
66
67
77
89
134
164
202
217
204
173
137
104
36
-31
-98
-150
-189
-224
-240
-258
-268
-268
-279
-276
-270
-249
-221
-199
-181
-172
-171
-184
-187
-158
-119
-75
-35
4
29
40
49
66
82
102
117
133
148
157
173
185
196
212
230
246
259
267
251
234
201
173
136
97
52
-1
-25
-31
-28
-35
-55
-97
-121
-131
-122
-106
-88
-67
-90
-93
-68
-27
19
56
97
122
144
138
102
81
92
118
137
151
132
89
57
29
-7
-29
-32
-20
-5
-7
-3
-1
-16
-14
4
3
-18
-47
-78
-67
-30
3
11
-5
-19
-24
-34
-28
-17
-17
-6
13
24
31
27
10
4
-18
-29
-46
-81
-44
9
63
109
133
137
121
97
57
7
-35
-62
-77
-102
-134
-144
-139
-113
-79
-56
-25
-14
-33
-60
-59
-32
-18
-24
-34
-29
-23
-16
-28
-66
-102
-122
-139
-151
-163
-166
-163
-166
-132
-102
-65
-18
38
100
174
228
257
280
294
325
336
322
286
253
229
204
165
113
80
47
28
6
-2
1
-4
-15
-49
-98
-161
-227
-281
-316
-344
-344
-326
-266
-218
-182
-133
-87
-65
-62
-64
-84
-113
-127
-140
-156
-178
-187
-160
-120
-83
-46
-21
-30
-38
-52
-102
-159
-220
-265
-283
-281
-265
-253
-255
-239
-190
-133
-93
-80
-56
-25
8
17
20
11
-12
-8
-6
-27
-41
-33
1
54
101
139
162
200
247
258
220
170
143
124
131
135
141
142
148
130
114
119
135
137
114
74
31
-14
-60
-96
-98
-80
-51
-9
45
82
118
158
188
192
160
108
60
33
9
-32
-75
-113
-118
-77
-22
24
71
110
105
123
113
116
106
54
36
12
-9
-14
-32
-38
-38
-41
-45
-66
-68
-61
-59
-76
-102
-119
-129
-122
-87
-66
-47
-41
-56
-84
-87
-84
-68
-42
-42
-55
-62
-57
-45
-44
-41
-36
-27
2
8
5
17
40
49
61
101
113
122
132
141
158
164
189
234
284
312
298
252
215
196
179
169
143
124
125
132
132
124
105
82
63
41
5
-50
-96
-127
-147
-147
-136
-126
-86
-65
-70
-49
15
41
9
-12
-22
-13
16
18
-16
-38
-49
-71
-104
-127
-165
-185
-162
-127
-120
-160
-216
-258
-276
-271
-247
-221
-198
-164
-137
-110
-68
-7
22
27
39
34
41
57
51
60
72
78
74
61
55
52
74
114
170
193
170
126
91
57
42
32
38
51
54
42
36
55
87
99
120
147
171
196
178
139
106
88
60
47
44
47
71
95
88
49
45
50
47
34
15
-5
-30
-62
-91
-104
-104
-96
-92
-81
-58
-52
-63
-46
-18
26
30
11
22
47
44
22
29
53
77
80
76
49
40
57
61
30
10
4
1
21
11
-8
-20
-37
-58
-68
-105
-137
-133
-116
-122
-184
-212
-211
-216
-222
-234
-244
-246
-243
-229
-203
-170
-149
-143
-121
-99
-55
-19
7
39
65
56
37
13
-6
9
33
73
107
129
161
199
232
229
211
204
193
171
131
80
35
-1
-35
-18
18
17
12
37
84
128
136
109
62
19
-22
-63
-95
-131
-157
-143
-151
-156
-158
-160
-139
-114
-99
-104
-111
-100
-92
-65
-47
-64
-86
-125
-167
-197
-197
-187
-152
-102
-54
-14
-7
2
-24
-50
-63
-83
-82
-82
-69
-33
-14
12
43
69
83
113
135
121
98
55
0
-23
-28
-26
-44
-86
-102
-106
-127
-145
-147
-128
-134
-159
-147
-118
-80
-49
-28
-8
5
45
75
90
100
115
139
147
132
123
110
89
70
76
71
26
-9
-16
9
38
35
16
1
11
31
53
73
73
87
86
89
83
48
24
28
57
63
87
112
112
74
15
-28
-69
-104
-118
-161
-207
-195
-148
-118
-131
-95
-48
-8
26
34
52
37
7
-8
-25
-25
-14
-21
-28
-36
-47
-42
-32
-29
-34
-29
-20
-23
-26
-11
11
61
104
127
143
152
179
182
142
101
66
68
118
138
116
58
14
2
-19
-27
-28
0
29
49
62
50
53
59
33
20
19
34
40
67
93
84
65
-5
-36
3
32
64
44
16
19
-4
-37
-107
-128
-81
-35
5
32
40
52
31
-1
-11
-29
-41
-80
-109
-118
-129
-165
-216
-258
-288
-263
-252
-264
-243
-207
-145
-77
-26
-10
3
25
65
111
112
107
111
111
130
129
85
69
20
-16
-26
-28
-41
-50
-19
-14
-24
-34
-19
10
-19
-92
-113
-124
-111
7
-1
97
68
28
-45
-95
-120
-146
-159
-100
-31
16
38
-84
-115
-111
-87
-88
-127
-91
-53
72
89
70
97
132
169
137
43
46
124
253
254
245
162
80
52
-38
-92
-128
-115
-63
-28
-23
-29
-43
-119
-187
-176
-115
20
-40
-95
-158
-245
-149
-203
-279
-308
-274
-117
-55
-47
-8
5
10
-18
-100
-103
-55
5
60
68
64
84
120
102
6
-44
-94
-56
46
72
108
97
19
-64
-159
-213
-134
8
50
23
-27
-57
-35
-16
47
57
55
91
57
20
-9
-32
-8
63
110
99
75
133
162
163
133
110
170
200
219
191
157
238
358
399
376
288
147
53
-16
-48
5
29
33
30
-52
-111
-91
-58
-6
11
-10
-15
-26
-16
-35
-29
-38
-20
8
-12
-38
-53
-72
-73
-84
-107
-47
-17
-20
-60
-157
-206
-186
-168
-131
-89
-103
-105
-142
-124
-70
-104
-90
-85
-61
-14
-38
-77
-92
-72
-7
71
134
138
148
100
59
102
77
55
91
76
99
75
39
58
61
55
0
-72
-84
-57
11
40
28
-3
-46
-92
-122
-87
-61
-33
16
15
37
50
41
49
43
24
-31
-43
-8
43
80
40
-5
12
50
73
37
7
21
17
36
-8
-99
-141
-177
-110
-91
-80
-48
-28
20
41
92
158
174
202
159
83
52
25
35
58
32
73
85
69
76
36
-5
25
58
86
43
53
87
86
104
86
61
74
79
54
32
6
2
50
79
95
75
50
20
0
-38
-94
-98
-65
-33
-7
-14
1
5
-4
-6
-31
-28
-7
38
28
15
4
-9
-14
-16
55
121
103
56
10
10
44
59
57
20
31
27
-2
-14
-41
-4
23
8
23
22
13
-4
-37
-44
-80
-124
-158
-184
-126
-51
-13
12
-8
-55
-92
-140
-105
-35
-1
67
88
44
-5
-46
-62
-46
-38
-32
-30
-20
-20
-4
31
37
-16
-71
-115
-160
-199
-192
-152
-120
-79
-75
-85
-30
-2
26
-8
-44
-8
37
55
53
95
112
132
105
82
101
89
109
80
24
-4
-54
-85
-99
-76
-49
-17
5
19
79
158
174
149
81
28
36
25
-6
-36
-58
-46
-75
-99
-110
-143
-154
-171
-207
-214
-229
-237
-225
-199
-182
-157
-111
-84
-18
13
16
48
15
-9
3
10
35
44
69
134
168
197
190
126
101
85
80
101
77
93
94
102
112
88
71
91
135
173
197
181
151
136
99
92
97
130
146
118
60
18
-25
-64
-65
-77
-61
-36
-29
-13
-23
-28
-40
-38
-12
-7
31
53
17
-9
-41
-43
-72
-120
-111
-59
-3
15
-17
-65
-92
-82
-45
-28
-34
-6
1
-23
-18
-58
-110
-159
-224
-244
-240
-279
-260
-282
-266
-239
-249
-270
-318
-299
-256
-254
-240
-216
-202
-169
-135
-117
-77
-58
-67
-56
-55
-76
-94
-141
-175
-193
-196
-139
-73
-13
48
124
152
142
125
97
113
159
171
149
113
88
86
102
106
100
78
64
88
101
79
30
-14
16
39
85
143
165
173
148
125
103
90
93
72
112
164
196
163
123
114
98
119
119
118
159
246
297
284
226
136
94
67
91
88
42
56
38
15
-29
-71
-84
-103
-79
-17
-16
12
1
-21
-3
-32
-72
-98
-134
-83
-49
-42
5
56
98
93
47
8
-35
-67
-72
-91
-125
-170
-201
-220
-216
-223
-212
-187
-160
-129
-147
-125
-98
-94
-125
-149
-113
-88
-42
-19
-48
-40
-31
-62
-95
-116
-67
-1
6
8
29
35
51
54
39
37
20
55
91
125
163
175
191
161
92
44
31
26
13
3
-33
-46
-31
-18
-1
-8
-35
-47
-76
-72
-20
10
42
46
-1
-22
-95
-166
-189
-194
-159
-78
-29
-17
-22
-12
26
75
80
57
28
20
38
66
103
139
152
120
76
52
32
1
-39
-36
-20
-65
-108
-141
-155
-139
-106
-62
-67
-55
-17
29
48
14
-45
-65
-37
-33
-7
15
33
73
53
-19
-55
-65
-69
-74
-35
-20
28
50
11
-1
-8
-61
-94
-102
-102
-84
-49
-4
9
83
158
166
152
75
0
-70
-149
-148
-80
-3
86
169
237
251
215
164
134
123
116
122
163
200
181
131
82
36
-11
-53
-119
-147
-137
-101
-60
-69
-89
-132
-122
-79
-45
-23
17
87
109
112
66
28
60
26
-20
-48
-73
-51
5
62
89
103
54
-24
-89
-131
-156
-128
-83
-77
-43
2
56
75
53
25
-24
-65
-84
-80
-33
1
43
62
-4
-21
18
41
79
53
19
4
-4
0
-30
-23
20
39
26
-19
-53
-77
-117
-158
-180
-166
-159
-135
-132
-150
-164
-146
-94
-85
-124
-148
-115
-74
-86
-62
-42
-10
30
-38
-121
-197
-219
-206
-215
-206
-151
-64
64
154
158
138
100
63
23
-19
-32
-20
35
68
87
109
91
95
80
42
-15
-92
-117
-137
-145
-94
-18
60
143
192
217
217
192
187
143
89
