20
-4
33
174
268
177
18
-82
-164
-226
-218
-187
-143
-10
196
325
300
181
48
-81
-211
-257
-172
-81
-60
-41
40
134
175
183
178
123
29
-53
-97
-141
-185
-178
-105
12
93
119
127
83
10
-42
-106
-157
-158
-127
-87
-35
55
112
124
159
144
4
-137
-150
-96
-93
-82
20
129
191
217
158
9
-112
-154
-174
-169
-121
-26
99
166
169
178
183
148
41
-99
-196
-256
-236
-132
-58
-8
84
201
271
243
153
40
-92
-190
-171
-75
13
46
46
27
27
93
148
63
-80
-149
-181
-196
-150
-102
-93
-23
133
254
265
216
125
-9
-162
-294
-319
-263
-210
-124
-4
118
216
259
257
197
52
-106
-204
-242
-229
-181
-120
-23
89
164
195
151
41
-40
-90
-124
-115
-87
-64
-29
44
117
148
189
177
35
-112
-136
-106
-122
-135
-88
8
101
170
212
147
3
-85
-159
-206
-157
-72
27
107
132
150
164
126
36
-95
-197
-213
-165
-112
-81
-51
1
83
149
147
115
76
-8
-97
-126
-80
-10
13
-9
-13
4
53
132
121
-19
-126
-145
-145
-126
-97
-76
-16
119
250
238
115
13
-74
-190
-262
-206
-116
-70
-28
13
46
112
215
289
271
138
-51
-189
-245
-220
-145
-113
-82
47
163
188
166
92
1
-34
-69
-129
-140
-83
-51
-92
-70
77
220
219
99
-18
-87
-134
-151
-119
-59
2
93
178
148
40
-31
-83
-123
-83
-13
-5
-6
-5
-56
-48
67
171
171
66
-84
-151
-108
-35
0
5
26
38
4
-56
-87
-78
-54
-5
55
105
133
92
13
-51
-98
-66
4
4
-34
-21
25
52
39
10
31
54
19
17
43
13
-33
-52
-47
-11
15
-11
-32
-3
29
12
-4
32
77
96
90
29
-74
-130
-123
-119
-121
-94
-19
91
191
199
118
49
10
-39
-86
-112
-127
-137
-99
24
152
183
120
18
-77
-151
-158
-81
-24
2
55
97
121
166
149
35
-51
-59
-137
-245
-190
-36
88
151
122
55
-7
-76
-91
-36
15
12
-33
-82
-85
-32
30
81
80
29
-7
-57
-64
7
45
67
78
7
-55
-69
-43
43
88
38
-12
-35
-100
-168
-117
25
128
144
122
89
44
-15
-95
-125
-74
-19
14
-25
-82
-41
11
71
161
171
130
121
82
-63
-239
-284
-187
-50
51
84
70
41
-12
-69
-57
25
62
-5
-86
-118
-153
-139
-21
97
208
250
146
26
-60
-173
-234
-199
-102
11
53
54
103
117
23
-42
6
37
-10
-41
-28
-55
-92
-64
-29
-29
-35
-22
-2
21
49
30
-28
-17
36
31
-17
-40
-34
-42
-31
49
126
134
96
60
-3
-87
-87
-39
-67
-133
-141
-67
44
110
89
32
17
44
51
-3
-74
-86
-97
-136
-126
-72
17
101
79
-23
-76
-63
-57
-55
-8
59
94
115
154
117
-9
-52
-8
19
7
-39
-38
2
-26
-82
-62
59
154
86
-50
-90
-50
-30
-36
8
94
106
39
-8
-36
-95
-110
-41
43
81
63
26
9
-7
-34
-41
40
151
147
23
-63
-60
-68
-88
-73
-72
-83
-62
-9
37
14
-66
-102
-46
43
74
33
8
16
-30
-115
-126
-44
70
146
178
183
114
13
-47
-118
-195
-194
-95
41
123
130
108
81
70
64
-1
-78
-66
-38
-87
-138
-105
3
119
149
68
-24
-61
-72
-81
-56
3
37
70
134
131
20
-48
-13
30
10
-65
-109
-73
-54
-104
-101
31
161
162
71
-3
-32
-64
-105
-79
25
76
30
1
-13
-99
-159
-87
41
125
128
77
29
7
-34
-89
-81
-7
48
37
31
55
23
-24
-30
-46
-64
-59
-15
48
22
-68
-84
-19
49
50
-5
-22
10
-6
-86
-117
-35
66
121
159
144
47
-18
-22
-68
-153
-163
-65
63
136
145
102
43
34
38
-34
-106
-73
-16
-37
-53
23
118
128
48
-57
-120
-139
-129
-70
9
67
91
113
144
96
-7
-32
2
21
-11
-103
-159
-139
-127
-139
-63
107
201
141
26
-56
-104
-153
-165
-74
43
62
9
-8
-10
-88
-143
-68
56
141
137
59
-8
-35
-70
-96
-49
36
64
52
83
78
7
-33
-36
-39
-55
-79
-51
-1
-5
-38
-33
38
117
117
57
27
36
-6
-93
-94
-1
75
123
152
91
-35
-75
-39
-59
-107
-86
-20
38
71
58
-5
-42
-9
27
-6
-50
-29
-37
-130
-151
-23
108
101
21
-36
-75
-107
-118
-103
-32
57
112
156
159
65
-42
-75
-67
-57
-75
-118
-119
-88
-87
-91
-8
126
165
119
61
-12
-78
-125
-130
-51
35
47
19
23
11
-74
-96
-4
87
117
72
-3
-23
5
-7
-36
2
68
87
94
103
49
-16
-27
-38
-50
-69
-101
-71
-6
13
4
17
69
114
77
-6
-47
-43
-67
-127
-111
8
94
112
117
60
-36
-53
-35
-54
-58
-12
52
100
99
22
-68
-71
-9
21
-13
-34
-3
-9
-84
-98
-14
66
85
55
-15
-84
-115
-125
-78
27
115
144
147
127
46
-40
-51
-37
-47
-88
-126
-100
-37
-17
-38
13
127
140
50
-16
-75
-156
-190
-137
-14
78
56
21
51
35
-48
-74
-26
41
81
54
-31
-86
-79
-84
-86
-3
84
84
72
74
15
-69
-108
-111
-99
-86
-48
11
26
-7
-31
2
80
125
95
30
1
7
-38
-110
-75
50
132
158
171
121
58
57
27
-62
-101
-50
45
103
109
79
33
43
95
93
32
4
24
2
-44
-66
-38
47
141
161
66
-27
-3
33
28
72
149
176
128
61
16
-47
-113
-102
-67
-134
-180
-96
-54
-148
-208
-79
64
13
-68
-81
-119
-166
-206
-66
177
238
271
289
138
-146
-470
-500
-334
-276
-250
-254
-282
-217
-118
-47
-10
32
160
277
236
108
-34
-117
-121
-137
-135
-99
-27
101
161
137
117
77
46
53
48
48
49
4
-93
-171
-128
-14
40
39
26
-2
-11
-19
-75
-147
-135
-38
31
40
55
31
-6
49
126
124
54
5
25
-32
-139
-93
52
141
147
97
-1
-80
-63
-3
42
95
127
129
155
149
61
-7
2
8
11
17
11
12
40
55
20
54
182
255
205
76
-47
-72
-23
43
119
168
155
139
151
95
-17
-29
70
182
232
168
48
23
75
70
13
20
76
96
72
17
-60
-112
-137
-165
-156
-113
-72
-42
-73
-151
-192
-164
-108
-99
-153
-207
-218
-230
-324
-412
-324
-167
-91
-78
-99
-168
-206
-195
-239
-328
-329
-236
-145
-103
-105
-133
-128
-69
-38
-65
-118
-130
-107
-159
-246
-193
-35
77
111
82
4
-52
-55
-46
-15
72
153
193
272
323
224
117
121
136
136
170
196
183
188
223
234
255
298
300
252
147
35
28
89
145
201
239
213
156
120
57
-49
-69
26
123
136
65
-16
-29
4
-25
-40
37
110
116
77
6
-77
-106
-102
-114
-93
-17
39
49
27
1
-20
-4
64
115
76
-7
-34
-49
-148
-198
-52
130
185
181
166
84
-22
-71
-111
-169
-149
-33
60
82
65
9
-44
-62
-49
-53
-105
-130
-135
-207
-268
-198
-56
19
9
-54
-145
-187
-210
-244
-224
-162
-131
-108
-48
-39
-133
-191
-192
-199
-199
-209
-239
-255
-257
-261
-240
-150
-40
-27
-102
-194
-201
-101
-9
18
69
136
136
109
70
-23
-59
59
214
274
229
149
135
194
200
132
140
251
316
293
215
128
115
142
106
65
77
93
89
96
96
66
74
135
173
130
54
45
52
-29
-113
-70
50
97
70
32
-27
-52
-29
-33
-55
-13
82
139
164
174
119
66
65
71
45
-27
-74
-89
-136
-121
-4
120
168
111
-9
-115
-148
-123
-88
-39
17
45
71
106
78
-27
-78
-54
-39
-38
-61
-111
-149
-144
-128
-114
-40
54
39
-64
-152
-166
-161
-224
-285
-248
-178
-157
-145
-158
-240
-265
-168
-91
-112
-183
-259
-281
-219
-189
-253
-247
-116
-22
-21
-75
-144
-145
-115
-136
-140
-78
-5
35
69
100
91
102
186
264
257
203
201
245
225
160
178
274
323
309
313
299
222
183
149
84
86
152
186
182
180
158
91
38
58
82
26
-53
-74
-88
-107
-55
59
130
126
91
6
-112
-180
-191
-141
-59
-7
47
133
175
118
37
11
17
36
55
32
-21
-24
-1
11
82
213
251
134
-1
-51
-49
-89
-168
-169
-72
-4
39
80
29
-37
18
105
103
16
-88
-130
-88
-56
-119
-153
-55
35
8
-54
-75
-68
-82
-165
-247
-263
-245
-209
-164
-181
-238
-250
-209
-178
-198
-235
-237
-231
-277
-350
-338
-254
-211
-204
-169
-152
-168
-165
-174
-220
-202
-98
-10
41
62
56
52
91
171
192
127
91
129
186
220
257
328
384
342
233
174
169
174
204
227
230
247
315
386
360
250
179
169
167
136
62
-29
-67
-39
-18
-7
79
177
138
-21
-131
-121
-103
-160
-227
-209
-126
-40
21
14
-39
-31
43
118
153
121
60
54
105
101
60
134
277
331
289
243
224
201
133
23
-46
-25
35
83
86
23
-21
2
51
82
39
-35
-75
-101
-167
-228
-170
-71
-59
-69
-66
-117
-176
-200
-263
-346
-316
-189
-85
-71
-147
-264
-337
-308
-224
-210
-287
-330
-301
-298
-370
-409
-321
-186
-127
-178
-265
-285
-254
-257
-298
-294
-229
-145
-52
-26
-108
-165
-132
-61
-8
-5
-14
24
110
171
182
266
412
480
414
302
266
300
291
220
204
267
327
360
356
293
246
237
222
206
175
123
83
76
72
-4
-50
23
101
102
67
21
-39
-110
-201
-296
-337
-292
-204
-130
-110
-111
-64
-18
8
45
43
26
54
91
67
60
185
320
371
411
413
347
301
280
197
91
94
181
239
246
199
89
1
-13
13
11
-61
-111
-84
-83
-155
-186
-114
-58
-112
-222
-263
-181
-67
-61
-162
-223
-188
-141
-103
-91
-138
-193
-220
-224
-202
-198
-221
-248
-274
-315
-325
-254
-181
-205
-311
-400
-377
-280
-252
-340
-418
-407
-361
-303
-274
-303
-302
-249
-194
-134
-87
-65
-51
-33
-32
-22
97
289
423
459
475
494
501
478
379
270
311
464
585
603
535
427
340
269
239
244
212
150
112
63
-63
-155
-132
-58
-28
-71
-120
-113
-107
-173
-302
-382
-326
-208
-125
-115
-121
-65
7
64
119
131
131
154
177
157
147
289
495
582
550
484
487
550
525
356
128
-53
-116
-137
-177
-189
-122
34
132
76
-37
-170
-272
-298
-256
-120
26
96
90
14
-97
-167
-98
26
64
44
9
-15
17
57
46
-65
-205
-262
-293
-329
-271
-174
-133
-127
-158
-274
-474
-653
-723
-713
-627
-430
-219
-155
-240
-349
-413
-491
-548
-510
-439
-413
-375
-248
-91
7
35
43
35
11
35
65
100
250
414
496
556
553
442
288
212
341
603
738
684
607
551
449
297
127
-18
-96
-142
-188
-260
-280
-180
-97
-75
-67
-63
-46
-25
-18
-27
-92
-121
-30
86
140
110
29
-35
-58
-9
119
238
335
408
423
398
355
258
140
91
104
169
251
242
201
192
159
119
70
-16
-116
-210
-237
-233
-261
-197
-43
40
73
100
90
55
9
2
81
187
246
254
210
103
-51
-178
-162
-65
-33
-55
-93
-168
-217
-225
-226
-215
-206
-218
-239
-265
-291
-323
-311
-254
-277
-385
-468
-497
-513
-562
-607
-553
-425
-312
-255
-237
-250
-276
-305
-365
-408
-379
-288
-193
-162
-157
-101
-43
33
153
218
227
254
308
363
373
391
471
517
537
571
547
462
404
387
363
315
243
144
29
-37
-53
-105
-186
-239
-260
-242
-185
-108
-24
37
81
160
249
278
244
173
137
118
58
69
163
223
210
163
146
144
111
140
227
250
199
181
246
294
229
120
46
-36
-132
-173
-157
-162
-153
-90
-35
28
135
224
238
193
153
126
123
188
238
194
119
75
25
-98
-156
-47
92
134
76
-36
-126
-185
-214
-216
-236
-267
-257
-223
-191
-145
-98
-77
-86
-172
-316
-383
-393
-385
-373
-363
-318
-321
-416
-461
-428
-416
-427
-428
-441
-476
-476
-408
-331
-285
-209
-107
-38
-31
-113
-223
-260
-238
-150
37
187
320
477
608
699
726
711
650
517
352
140
-8
-14
-14
-16
30
108
141
128
99
6
-126
-198
-168
-23
129
163
135
133
132
109
129
165
176
219
249
217
222
267
230
143
123
150
144
126
109
48
-84
-210
-146
15
49
-18
-21
50
150
289
395
351
238
165
89
-26
-80
-54
-20
32
137
248
260
172
93
96
148
146
112
110
64
-68
-141
-70
63
160
137
-23
-210
-325
-334
-275
-212
-180
-119
-16
68
84
14
-126
-277
-409
-541
-560
-424
-321
-356
-399
-310
-216
-237
-281
-338
-440
-577
-669
-629
-566
-526
-432
-326
-228
-142
-105
-88
-137
-244
-325
-301
-187
-91
-79
-89
-46
59
187
313
437
571
709
753
717
697
577
296
54
-42
-87
-162
-200
-179
-179
-238
-219
-50
101
148
213
320
386
428
502
500
371
271
190
34
-59
35
142
140
135
229
311
254
104
-32
-75
-67
-85
-79
-54
-98
-149
-60
146
347
500
540
429
284
198
160
143
92
10
-49
-55
-16
-1
-34
-75
-100
-112
-122
-20
203
333
295
293
382
383
278
172
51
-108
-291
-394
-357
-276
-188
-93
-1
106
164
153
119
0
-191
-365
-424
-364
-330
-395
-486
-540
-549
-521
-473
-436
-413
-421
-488
-500
-445
-455
-527
-550
-479
-375
-304
-250
-234
-272
-317
-318
-252
-232
-282
-261
-162
-72
56
256
425
538
662
684
511
377
375
316
143
0
10
66
-1
-143
-213
-133
1
130
318
447
404
349
409
484
531
529
416
228
114
119
158
193
221
247
272
306
370
380
252
31
-190
-398
-589
-561
-326
-161
-46
196
482
673
780
808
726
517
249
54
-75
-209
-334
-422
-430
-334
-213
-92
34
116
167
187
242
386
426
288
146
30
-107
-188
-194
-156
-102
-74
-63
-1
100
156
120
50
27
23
-8
-77
-218
-368
-445
-432
-317
-210
-191
-164
-166
-271
-345
-355
-416
-499
-587
-751
-946
-972
-816
-688
-625
-492
-285
-134
-120
-194
-250
-262
-338
-436
-416
-381
-384
-285
-36
247
512
688
753
722
579
389
230
113
-17
-156
-204
-127
9
73
62
57
115
222
326
484
614
566
483
519
540
497
469
430
374
316
231
182
195
208
189
160
135
112
52
-72
-215
-370
-449
-421
-268
23
265
409
574
703
712
661
588
434
205
-75
-331
-454
-453
-427
-430
-359
-170
53
246
326
269
186
100
-13
-58
-61
-94
-81
-51
-57
-6
108
176
164
99
-22
-141
-142
-75
-112
-238
-274
-140
7
25
-20
-20
64
73
-25
-51
-106
-326
-539
-630
-638
-615
-592
-615
-675
-723
-732
-687
-588
-472
-400
-371
-319
-220
-185
-313
-547
-749
-842
-791
-502
-75
191
337
584
788
863
865
739
492
179
-146
-404
-534
-495
-348
-188
-6
260
538
738
830
772
606
395
204
170
222
223
317
471
509
566
705
757
694
570
387
163
-8
-136
-293
-423
-421
-311
-164
-1
167
357
530
580
551
549
529
434
304
128
-79
-198
-241
-262
-251
-241
-243
-198
-60
61
45
-6
53
138
113
10
-96
-125
-72
-72
-61
45
64
-13
-33
-12
17
22
-42
-150
-249
-332
-373
-285
-121
-11
46
136
270
318
197
-10
-249
-443
-571
-643
-610
-585
-607
-517
-395
-368
-341
-308
-329
-400
-531
-709
-816
-758
-633
-609
-614
-508
-350
-182
25
160
180
140
152
263
456
524
427
322
119
-48
-115
-184
-220
-185
-111
-99
-5
228
452
560
562
595
619
606
495
399
399
430
425
466
615
753
866
814
551
284
82
-56
-232
-423
-549
-511
-224
83
246
362
607
864
932
792
563
353
120
-144
-326
-367
-360
-322
-152
33
148
219
175
30
-125
-285
-412
-384
-296
-229
-158
-33
146
261
230
95
-74
-208
-301
-379
-398
-413
-419
-255
-73
3
107
187
206
174
23
-242
-432
-432
-334
-319
-322
-204
-66
15
-32
-246
-463
-582
-668
-733
-711
-649
-540
-408
-378
-349
-306
-336
-424
-497
-557
-527
-342
-86
135
225
373
582
713
664
374
97
-122
-308
-525
-585
-379
-143
102
196
273
413
494
515
393
208
29
13
165
326
404
487
701
930
1071
1041
902
658
339
80
-101
-212
-350
-396
-251
-16
276
483
611
692
661
483
295
273
231
126
44
-5
63
155
168
72
-52
-95
-99
-122
-174
-237
-227
-104
-48
4
130
189
182
122
-71
-313
-389
-333
-336
-412
-386
-235
-59
68
40
-113
-238
-277
-337
-402
-367
-270
-149
-61
-56
-34
-41
-151
-251
-309
-430
-541
-513
-414
-377
-375
-310
-232
-210
-278
-415
-523
-572
-650
-740
-709
-574
-455
-272
-32
239
444
461
463
475
409
241
39
4
-75
-226
-349
-251
37
203
247
194
151
141
189
204
103
53
144
334
451
548
677
759
772
644
498
455
482
371
224
136
59
98
128
107
103
156
271
283
300
336
328
351
376
387
412
468
397
298
208
32
-118
-136
-116
-167
-210
-185
-86
108
254
211
38
-41
-42
-137
-224
-230
-212
-182
-177
-178
-125
-128
-177
-206
-274
-390
-422
-352
-316
-307
-243
-136
-71
-60
-133
-256
-322
-371
-533
-656
-590
-421
-269
-262
-294
-268
-264
-306
-369
-465
-577
-587
-487
-427
-519
-709
-725
-542
-278
-37
129
269
329
415
552
605
457
302
238
177
46
-97
-117
-70
19
1
-31
82
170
257
243
179
206
301
400
352
381
536
634
569
456
400
373
408
330
237
269
328
272
151
12
-37
132
272
254
185
237
409
517
563
497
301
218
206
114
-48
-94
-85
-84
-77
-74
-13
52
74
105
133
36
-74
-75
-32
-45
-92
-94
-44
7
-3
-139
-288
-343
-437
-545
-521
-363
-217
-147
-165
-183
-168
-181
-239
-314
-377
-391
-343
-304
-398
-541
-531
-371
-244
-275
-372
-450
-514
-581
-600
-624
-638
-553
-422
-299
-291
-320
-336
-369
-301
-180
91
373
565
587
502
401
217
152
54
-89
-181
-171
-16
38
132
201
188
250
241
273
392
538
576
550
453
387
469
538
529
378
335
408
493
533
368
154
35
79
74
2
130
277
354
339
295
362
379
361
324
291
176
82
84
95
48
-49
-51
-2
54
60
-24
-53
-27
-64
-152
-144
-51
5
10
1
20
-6
-71
-134
-224
-276
-265
-232
-297
-459
-521
-369
-175
-84
-110
-142
-147
-191
-230
-304
-411
-443
-384
-311
-289
-308
-299
-315
-386
-492
-586
-584
-545
-540
-512
-479
-500
-453
-354
-351
-434
-485
-399
-296
-146
90
283
440
425
401
373
377
247
8
-143
-217
-95
98
179
168
119
176
231
297
358
319
311
407
521
477
475
533
612
579
521
530
467
397
297
292
220
98
121
198
274
293
309
386
420
482
461
389
366
324
205
34
2
77
153
124
94
74
21
-18
-44
-102
-137
-71
-13
-70
-213
-307
-233
-77
27
-2
-87
-109
-189
-289
-367
-461
-501
-444
-329
-214
-187
-210
-240
-277
-311
-347
-317
-279
-325
-371
-376
-434
-443
-299
-187
-224
-312
-398
-540
-709
-763
-692
-608
-492
-405
-289
-147
-132
-236
-282
-284
-215
26
262
400
361
240
207
125
158
116
17
-38
-32
43
53
153
270
256
138
56
125
228
268
356
474
467
411
467
505
536
497
530
554
535
522
429
343
224
129
17
-80
-6
200
383
452
478
543
511
479
422
308
186
176
210
174
40
-123
-127
-23
107
108
75
114
88
-72
-186
-227
-257
-247
-171
-81
-39
-51
-65
-128
-254
-379
-422
-429
-477
-479
-433
-464
-463
-276
-104
-130
-242
-298
-366
-550
-651
-626
-563
-439
-293
-202
-134
-114
-203
-312
-459
-646
-695
-615
-559
-548
-501
-406
-297
-225
-212
-225
-134
154
409
490
455
296
162
16
53
117
85
58
99
198
134
110
187
264
209
68
24
146
324
555
665
619
491
378
208
196
311
490
589
560
601
616
565
393
229
97
37
109
157
145
97
122
299
458
505
418
372
325
229
188
172
102
40
72
124
149
153
160
124
15
-50
-84
-115
-175
-206
-198
-280
-291
-137
31
17
-103
-216
-372
-580
-656
-579
-524
-456
-340
-233
-91
-24
-79
-205
-408
-573
-604
-537
-530
-513
-446
-353
-268
-208
-224
-382
-500
-534
-599
-643
-595
-538
-581
-530
-362
-277
-317
-312
-125
109
276
441
564
454
285
104
115
159
246
350
332
282
210
134
-5
-40
73
135
150
234
420
598
645
608
464
361
288
385
368
377
429
547
715
677
607
468
403
282
130
106
97
116
138
159
232
279
319
284
242
176
176
164
119
132
107
65
-36
-21
85
158
213
221
93
-217
-390
-381
-365
-339
-309
-213
-57
138
175
-37
-276
-442
-569
-628
-546
-444
-380
-323
-262
-226
-293
-341
-342
-361
-375
-429
-466
-483
-449
-442
-425
-358
-318
-376
-499
-541
-528
-580
-610
-558
-466
-412
-435
-498
-516
-404
-185
170
410
460
387
225
188
119
155
192
254
376
441
444
298
208
126
61
64
50
20
47
190
374
445
481
487
563
497
483
442
528
653
586
512
424
449
405
326
289
295
323
293
290
256
191
226
186
153
52
6
82
235
328
276
183
43
20
-4
-74
-118
-46
159
286
224
44
-114
-217
-282
-214
-204
-228
-219
-174
-152
-248
-271
-255
-307
-384
-385
-385
-450
-423
-352
-316
-352
-383
-372
-494
-583
-493
-405
-365
-313
-270
-276
-271
-329
-389
-458
-527
-518
-465
-443
-461
-492
-578
-624
-647
-672
-530
-258
25
319
387
371
296
272
301
289
190
104
161
147
257
442
511
476
364
205
38
-98
-86
14
154
294
496
555
419
258
304
502
567
656
701
668
557
502
501
430
478
576
559
347
169
174
160
144
82
26
39
71
130
159
248
357
363
191
49
21
-63
-105
-59
47
85
94
125
65
-28
-6
68
-26
-217
-398
-541
-516
-371
-182
-127
-196
-197
-230
-395
-573
-657
-672
-547
-382
-281
-298
-355
-321
-349
-452
-457
-425
-501
-553
-464
-297
-190
-250
-390
-470
-458
-407
-504
-619
-588
-491
-459
-446
-391
-364
-239
17
230
313
257
254
219
134
209
369
449
447
483
417
269
239
328
306
251
299
290
173
179
259
249
175
261
361
356
399
491
504
378
444
574
586
526
473
439
405
512
613
491
311
227
195
88
52
145
169
154
245
332
213
104
108
73
-27
-50
23
14
-23
-15
16
-1
-56
-51
-92
-245
-351
-345
-293
-199
-73
-35
-12
-23
-170
-397
-580
-623
-650
-640
-489
-280
-149
-165
-313
-476
-566
-550
-443
-426
-516
-529
-510
-516
-457
-400
-392
-361
-325
-352
-544
-657
-526
-538
-723
-698
-482
-289
-137
54
141
149
215
282
243
103
127
200
213
221
308
426
467
524
604
546
340
227
115
-72
-27
230
430
450
410
431
346
319
402
442
379
315
333
381
508
569
567
523
500
560
546
404
282
256
284
364
416
333
183
50
47
107
78
56
62
40
-39
-107
-110
-66
33
75
56
38
91
62
-100
-241
-291
-353
-400
-333
-226
-178
-153
-180
-245
-294
-296
-272
-336
-455
-525
-531
-536
-533
-466
-390
-302
-206
-192
-394
-624
-659
-678
-753
-643
-404
-280
-259
-249
-277
-396
-526
-546
-528
-517
-500
-447
-354
-224
-61
99
200
258
296
287
131
66
89
42
91
272
466
548
609
653
542
333
256
243
145
131
220
275
272
273
326
345
349
412
459
435
382
417
373
321
371
433
457
445
499
515
415
353
405
386
254
204
193
148
158
270
312
254
272
286
123
-113
-192
-156
-181
-140
-19
91
133
96
6
-118
-215
-196
-130
-179
-245
-232
-264
-268
-199
-212
-295
-268
-155
-199
-454
-551
-423
-450
-541
-431
-254
-209
-309
-409
-449
-563
-653
-545
-476
-512
-480
-445
-534
-647
-643
-506
-380
-381
-352
-335
-398
-474
-543
-414
-148
84
339
513
530
363
-42
-250
-134
-64
-129
-176
-87
60
273
594
784
795
858
903
731
410
199
153
153
177
293
457
578
647
668
645
494
345
314
249
195
268
334
297
356
506
505
457
514
534
394
216
145
57
-61
-59
61
159
193
129
28
-68
-119
-36
39
-13
-73
-108
-187
-289
-316
-291
-267
-186
-38
0
-168
-318
-342
-421
-536
-479
-293
-184
-188
-230
-258
-340
-381
-309
-255
-315
-415
-454
-416
-373
-401
-407
-326
-236
-194
-261
-400
-477
-505
-558
-577
-492
-309
-142
-52
-69
-239
-413
-403
-305
-274
-261
-158
-52
-30
40
149
249
385
486
527
447
317
274
238
185
243
426
585
630
593
488
380
387
458
360
134
75
109
12
-65
49
196
273
379
451
300
53
50
80
-81
-167
-43
135
216
204
217
232
256
374
455
375
271
296
319
180
102
171
175
134
139
105
-25
-131
-89
-84
-150
-65
83
86
1
-91
-216
-361
-393
-294
-185
-152
-167
-181
-188
-176
-185
-201
-152
-102
-94
-149
-281
-355
-390
-482
-532
-445
-246
-43
17
-20
-132
-278
-306
-338
-508
-647
-649
-619
-568
-437
-310
-206
-119
-109
-153
-248
-366
-433
-487
-534
-475
-302
-109
57
160
188
154
147
201
162
82
170
349
420
454
571
606
524
553
635
529
355
407
551
501
391
457
569
558
461
361
279
201
227
332
301
207
186
157
33
-30
52
101
84
179
295
231
106
101
78
-50
-87
60
196
217
228
219
117
33
42
50
-8
-111
-186
-191
-188
-224
-213
-95
17
49
8
-126
-295
-405
-476
-531
-470
-279
-71
26
-41
-217
-379
-409
-370
-417
-478
-407
-257
-137
-107
-123
-122
-81
-44
-69
-130
-203
-241
-245
-257
-243
-173
-101
-90
-117
-174
-288
-309
-224
-242
-304
-271
-224
-249
-273
-243
-230
-248
-176
-62
-95
-198
-177
-94
-116
-101
106
320
388
366
346
351
356
415
453
356
287
329
316
254
323
460
529
569
640
614
402
222
202
165
96
157
262
265
234
225
142
33
11
7
-9
8
46
86
115
112
86
125
212
247
249
178
49
-35
-92
-149
-134
-20
127
237
263
169
-27
-130
-82
-115
-276
-349
-345
-361
-313
-221
-163
-69
38
49
-40
-196
-315
-364
-430
-455
-365
-232
-112
3
52
-37
-148
-174
-233
-365
-359
-217
-171
-218
-120
76
93
17
34
-30
-219
-314
-296
-320
-396
-329
-100
26
-31
-123
-183
-243
-244
-186
-252
-355
-265
-163
-238
-269
-162
-75
-27
80
184
172
96
95
114
38
29
177
318
412
473
417
362
419
479
505
489
394
307
264
217
173
233
390
492
492
394
218
63
-48
-141
-175
-121
38
222
293
241
103
-30
-45
-78
-193
-180
-49
24
60
121
150
150
181
197
126
-21
-119
-146
-182
-173
-98
-3
96
145
89
-75
-214
-219
-250
-338
-280
-122
-97
-178
-133
-27
-53
-104
-64
-60
-152
-205
-187
-237
-296
-193
-36
17
-21
-46
-29
-54
-35
42
-22
-144
-169
-197
-269
-255
-117
14
83
166
166
9
-187
-324
-373
-402
-384
-254
-143
-98
-93
-166
-244
-263
-235
-169
-166
-220
-238
-199
-148
-106
18
169
283
360
336
219
119
90
109
136
212
368
530
565
440
294
262
282
246
208
255
313
259
233
294
309
308
330
327
285
184
93
27
-73
-129
-57
64
162
260
306
208
101
105
21
-195
-231
-66
-13
-79
-46
62
61
10
47
28
-109
-180
-183
-248
-322
-245
-58
36
10
-10
-5
-71
-155
-153
-175
-235
-175
-65
-105
-186
-134
-70
-81
-52
24
44
-39
-139
-186
-248
-304
-236
-101
-8
32
16
-37
-58
-34
16
33
-24
-100
-170
-231
-285
-276
-165
-52
16
56
2
-157
-338
-439
-457
-466
-399
-192
-37
-32
-95
-170
-185
-208
-266
-252
-164
-76
-16
68
152
209
299
364
362
313
225
157
84
6
33
155
285
409
487
442
297
195
163
57
-22
116
314
328
239
227
225
158
170
244
220
143
124
115
24
-65
7
149
191
168
166
144
60
72
149
82
-14
18
44
-51
-127
-71
-25
-17
66
144
85
-73
-200
-246
-310
-352
-252
-101
-10
27
7
-53
-110
-116
-73
-77
-139
-174
-179
-199
-229
-177
-71
25
100
85
-39
-182
-261
-265
-243
-190
-77
50
92
16
-83
-111
-136
-214
-262
-234
-207
-224
-207
-150
-149
-144
-81
-48
-101
-224
-309
-336
-381
-409
-365
-272
-161
-22
76
53
-14
12
13
-67
-15
127
140
130
243
326
274
278
376
378
261
167
153
126
108
197
311
350
346
332
292
200
182
274
232
137
211
244
103
60
168
208
187
263
343
252
53
-73
-118
-151
-120
18
164
217
200
183
165
138
163
182
82
-40
-60
-31
-67
-164
-174
-90
26
132
129
12
-159
-296
-320
-303
-279
-177
-46
7
-31
-57
-54
-143
-260
-247
-195
-191
-190
-185
-183
-178
-108
25
78
-2
-105
-154
-206
-280
-297
-257
-181
-48
96
125
27
-56
-104
-230
-321
-257
-196
-254
-285
-229
-255
-347
-317
-239
-243
-281
-290
-269
-265
-220
-108
-13
41
95
141
128
86
145
256
248
231
322
339
251
238
293
297
306
394
417
308
201
174
163
101
60
130
262
320
309
286
249
211
227
260
212
141
108
71
31
-11
-4
72
176
246
235
168
74
-16
-68
-115
-64
118
260
240
128
82
76
-51
-163
-129
-85
-83
-92
-99
-108
-120
-75
-10
17
-7
-74
-149
-220
-309
-377
-336
-193
-46
42
26
-77
-157
-194
-256
-291
-226
-155
-158
-169
-144
-189
-277
-225
-101
-77
-121
-163
-183
-219
-266
-231
-171
-158
-119
-77
-130
-235
-321
-413
-486
-456
-338
-307
-369
-340
-260
-255
-179
-36
-3
-47
-69
3
89
77
90
240
394
428
398
360
318
337
413
426
376
373
365
277
215
228
216
214
326
439
442
366
241
117
40
25
87
187
233
214
185
160
108
-26
-64
52
101
92
84
63
98
193
276
327
334
294
219
104
-33
-166
-268
-219
-42
97
120
71
14
-34
-81
-139
-167
-143
-100
-79
-91
-110
-180
-262
-235
-147
-131
-199
-258
-251
-273
-330
-295
-201
-132
-55
10
-39
-144
-181
-223
-330
-388
-335
-300
-328
-264
-132
-131
-158
-113
-153
-279
-332
-297
-290
-396
-530
-496
-347
-275
-273
-308
-346
-271
-182
-197
-231
-169
-5
55
107
248
260
275
441
581
519
362
320
299
232
202
253
407
568
666
676
596
490
396
303
268
303
325
270
202
278
305
171
114
141
112
46
7
-73
-206
-225
-90
127
305
386
390
342
328
308
232
144
102
118
85
-15
7
101
49
-1
77
103
41
12
9
-67
-178
-224
-170
-54
38
67
-16
-166
-251
-333
-482
-572
-558
-536
-550
-463
-259
-146
-147
-99
-45
-136
-246
-262
-323
-429
-509
-509
-348
-188
-148
-194
-265
-259
-249
-352
-464
-500
-485
-469
-425
-324
-292
-339
-298
-227
-245
-302
-349
-340
-304
-221
-38
154
363
517
570
538
430
348
287
273
290
245
240
308
474
676
732
670
650
692
720
693
557
349
167
110
152
212
249
199
140
102
89
16
-152
-203
-157
-156
-161
-102
50
200
286
314
354
365
246
143
119
42
-49
-55
3
146
338
435
389
297
261
172
31
-62
-172
-294
-324
-221
-61
10
-29
-97
-101
-84
-160
-263
-363
-489
-551
-506
-465
-464
-410
-319
-268
-241
-238
-269
-256
-243
-323
-451
-494
-375
-166
-32
-77
-224
-332
-398
-472
-517
-557
-571
-502
-441
-444
-432
-356
-275
-216
-215
-223
-219
-247
-185
-137
-75
81
173
235
208
191
311
442
516
457
398
420
506
648
689
685
680
697
685
556
386
297
334
388
355
189
36
23
130
259
261
196
130
94
46
-55
-152
-248
-243
-164
-67
19
71
179
331
445
492
471
396
290
194
106
61
64
117
227
313
337
317
285
231
185
148
67
-66
-184
-223
-195
-160
-170
-247
-327
-323
-269
-274
-385
-496
-502
-413
-323
-310
-345
-406
-442
-445
-446
-441
-403
-304
-231
-247
-301
-348
-344
-298
-285
-311
-375
-439
-456
-494
-550
-593
-623
-616
-592
-484
-339
-173
-89
-130
-99
-120
-30
40
-34
-24
-57
62
244
356
445
470
621
759
774
679
552
552
575
592
561
550
570
644
712
631
475
291
220
208
189
221
252
310
280
134
-90
-284
-326
-264
-133
-23
78
85
24
88
202
265
208
114
79
129
236
307
328
362
452
454
319
191
96
56
67
83
56
-7
2
73
132
68
-59
-125
-171
-187
-164
-157
-185
-221
-247
-322
-424
-456
-426
-427
-453
-412
-331
-275
-289
-316
-272
-234
-294
-411
-500
-527
-486
-378
-328
-366
-426
-440
-410
-383
-377
-443
-556
-637
-657
-630
-571
-526
-457
-332
-213
-198
-168
-181
-97
35
70
136
153
247
409
510
525
463
495
576
612
611
548
554
577
635
636
596
595
625
635
541
504
474
421
332
232
200
141
48
-47
-132
-174
-188
-137
-135
-126
-46
80
164
133
35
-68
-102
-77
-28
-6
29
155
359
488
446
358
289
238
219
194
170
155
164
206
218
183
104
24
-17
-28
-58
-146
-231
-216
-133
-93
-149
-219
-259
-305
-377
-464
-525
-584
-581
-499
-382
-272
-247
-293
-342
-340
-329
-385
-419
-386
-322
-288
-306
-302
-332
-426
-495
-522
-530
-530
-528
-491
-451
-404
-412
-433
-414
-300
-195
-243
-297
-297
-165
5
43
68
74
159
337
410
486
570
697
709
598
484
418
454
602
745
753
723
725
676
575
499
575
606
458
279
136
106
110
132
122
52
-6
38
62
-84
-278
-368
-376
-310
-204
-99
-25
128
322
410
340
203
99
24
13
19
72
149
212
318
433
497
500
518
502
344
112
-70
-176
-255
-281
-226
-130
2
113
166
152
38
-180
-425
-605
-685
-647
-548
-465
-400
-325
-246
-199
-207
-226
-292
-405
-489
-526
-567
-604
-544
-354
-157
-53
-79
-166
-279
-374
-440
-536
-643
-706
-656
-613
-564
-442
-248
-102
12
51
-48
-187
-301
-290
-258
-271
-111
74
211
420
584
752
768
718
580
428
352
355
476
591
702
809
850
807
753
727
676
605
483
252
38
-93
2
127
214
260
259
202
71
-40
-179
-321
-428
-442
-392
-321
-195
-45
118
275
350
305
174
63
-1
16
42
65
104
109
198
321
444
519
510
432
305
187
59
-51
-153
-193
-159
-119
-67
-3
53
75
56
-32
-253
-502
-635
-627
-574
-526
-472
-396
-277
-164
-120
-202
-358
-495
-556
-582
-552
-475
-399
-334
-231
-142
-127
-177
-226
-253
-322
-444
-555
-665
-722
-634
-491
-376
-279
-152
-51
30
-129
-357
-514
-491
-204
22
124
106
98
108
178
283
429
570
637
604
540
432
467
552
654
702
692
696
643
687
654
671
596
472
310
167
141
224
313
282
179
79
11
-24
-63
-117
-180
-272
-313
-369
-358
-266
-79
85
154
142
47
-10
-41
32
110
142
129
136
195
302
410
412
342
258
227
190
124
53
34
53
112
128
94
34
-12
-40
-88
-167
-249
-332
-403
-393
-328
-285
-304
-310
-311
-335
-390
-421
-437
-456
-441
-373
-323
-338
-367
-344
-290
-241
-250
-329
-383
-368
-304
-283
-372
-473
-492
-477
-450
-450
-482
-524
-381
-156
-44
-95
-314
-382
-366
-200
-11
53
75
22
76
157
257
417
523
621
585
483
426
381
502
628
765
792
778
686
550
513
521
605
539
470
371
337
390
348
279
167
127
117
42
-41
-126
-128
-102
-94
-87
-149
-179
-162
-95
-101
-148
-145
-77
76
152
175
89
36
23
39
77
121
178
153
139
170
212
229
237
255
238
151
75
-4
-80
-126
-55
39
51
3
-70
-156
-245
-266
-261
-277
-296
-265
-229
-285
-379
-399
-363
-324
-293
-290
-352
-419
-392
-313
-282
-291
-320
-346
-360
-364
-378
-424
-461
-424
-366
-372
-425
-488
-525
-533
-444
-250
-156
-199
-365
-474
-396
-206
45
132
70
10
-33
-4
84
209
382
535
612
544
430
416
504
637
660
623
575
583
619
682
672
571
515
522
567
485
370
277
214
235
275
279
186
69
-14
-88
-144
-188
-178
-135
-91
-35
-47
-78
-102
-77
-55
-75
-71
-72
-53
-47
-18
27
75
132
153
163
161
149
75
-7
31
155
242
197
108
31
2
8
46
53
-27
-94
-101
-123
-172
-215
-200
-159
-139
-150
-232
-329
-389
-347
-273
-227
-231
-261
-316
-369
-366
-359
-388
-421
-374
-296
-265
-267
-320
-391
-433
-447
-438
-453
-492
-523
-548
-488
-418
-362
-256
-196
-179
-306
-469
-414
-282
-7
114
105
57
-67
9
181
313
367
346
390
428
451
517
497
571
608
690
681
596
507
476
521
592
687
657
584
475
442
393
278
200
155
133
136
134
126
56
-27
-75
-73
-10
-26
-83
-191
-239
-204
-167
-125
-110
-44
-30
-47
-94
-114
-115
-52
60
93
86
54
57
47
42
90
103
109
148
166
158
87
63
51
51
84
112
101
-46
-164
-165
-86
-30
-20
-35
-121
-183
-225
-264
-306
-335
-317
-297
-253
-212
-251
-317
-341
-297
-257
-281
-351
-435
-463
-452
-374
-340
-397
-433
-398
-371
-478
-597
-633
-572
-392
-194
-171
-255
-433
-421
-261
-91
59
-9
-71
-52
55
143
157
164
307
424
487
430
390
385
443
591
679
707
647
570
510
564
603
630
563
543
583
591
528
391
297
274
302
299
200
66
23
53
53
-13
-54
-33
-2
1
-116
-262
-313
-218
-74
-52
-101
-130
-107
-102
-96
-75
-42
-54
-59
-13
28
50
57
73
112
163
160
78
9
15
53
70
96
140
123
53
36
37
33
-19
-52
-72
-123
-162
-171
-179
-225
-217
-148
-108
-158
-242
-298
-318
-319
-305
-341
-390
-367
-307
-325
-420
-470
-447
-373
-315
-318
-385
-495
-534
-534
-535
-528
-544
-515
-339
-174
-142
-285
-483
-392
-212
-18
4
-126
-164
-108
48
217
269
297
383
467
515
435
380
311
384
554
687
726
665
563
507
545
655
695
566
463
436
435
378
285
273
350
412
378
247
76
-48
-92
-94
-92
-43
7
-35
-94
-171
-191
-228
-215
-133
-84
-70
-89
-167
-246
-233
-100
48
47
5
-5
18
1
-31
-23
11
79
151
157
88
48
78
145
155
146
117
50
-5
-25
-37
-70
-88
-85
-49
-12
-6
-62
-153
-208
-215
-236
-271
-282
-304
-331
-340
-285
-235
-259
-312
-371
-399
-418
-434
-463
-486
-472
-413
-388
-463
-558
-580
-506
-429
-405
-449
-383
-235
-152
-273
-553
-559
-365
-55
140
118
70
71
166
244
171
100
118
222
391
471
588
644
694
726
704
639
546
488
467
478
570
711
729
654
526
438
390
369
395
409
383
306
171
-20
-151
-186
-113
-20
60
109
28
-126
-271
-279
-269
-268
-219
-156
-117
-129
-159
-178
-154
-79
-3
-39
-137
-200
-143
-14
135
239
276
263
174
52
-57
-75
7
153
265
326
321
254
142
27
-19
-10
20
18
-20
-50
-24
20
5
-70
-140
-173
-197
-215
-249
-289
-296
-255
-260
-321
-385
-414
-403
-354
-279
-278
-352
-429
-454
-482
-560
-649
-623
-514
-397
-357
-401
-463
-506
-408
-270
-222
-220
-327
-359
-231
-90
36
-64
-128
-3
143
274
319
316
367
329
310
290
320
458
600
730
743
689
614
497
455
537
599
607
530
485
462
418
411
397
371
379
392
299
87
-119
-161
-87
-1
35
6
-12
-51
-132
-260
-312
-228
-120
-101
-159
-222
-201
-153
-131
-121
-116
-71
-51
-35
-12
30
58
57
38
54
93
127
175
212
210
188
197
189
109
49
121
227
242
164
42
-90
-144
-76
1
-6
-56
-111
-175
-209
-205
-198
-232
-274
-267
-286
-337
-343
-289
-257
-335
-465
-543
-569
-501
-389
-316
-352
-414
-474
-546
-585
-527
-453
-444
-462
-486
-530
-490
-290
-123
-88
-281
-386
-282
-196
-48
-3
27
54
56
162
250
350
489
484
404
276
214
329
487
687
726
686
651
597
503
445
466
575
650
624
524
388
316
249
227
227
269
288
181
8
-80
-65
-83
-121
-115
-57
-62
-117
-172
-241
-237
-191
-138
-152
-176
-126
-74
-79
-109
-159
-127
-9
105
124
52
52
100
128
108
138
183
193
189
200
181
153
190
254
255
170
100
36
-6
7
63
94
76
54
-3
-108
-196
-202
-177
-196
-235
-250
-269
-300
-308
-294
-287
-309
-307
-341
-437
-515
-514
-459
-404
-371
-406
-450
-455
-439
-481
-531
-535
-499
-470
-446
-423
-439
-405
-247
-109
-98
-203
-336
-243
-99
86
124
59
63
91
155
234
323
453
536
516
468
375
399
487
633
685
635
563
519
473
506
583
622
570
464
399
332
303
258
187
150
228
307
242
78
-38
-55
-84
-136
-189
-183
-143
-108
-91
-167
-228
-203
-117
-62
-69
-95
-117
-159
-137
-67
8
75
118
114
74
83
118
134
121
144
185
216
229
239
240
235
235
222
175
110
106
125
123
91
47
-2
-27
-12
-18
-92
-186
-214
-187
-163
-175
-222
-298
-347
-345
-356
-414
-448
-403
-348
-345
-386
-463
-501
-485
-465
-483
-495
-484
-446
-470
-456
-428
-439
-447
-437
-408
-447
-466
-378
-213
-112
-65
-162
-230
-184
-68
134
162
170
165
54
44
127
301
489
539
586
462
317
325
383
521
565
636
659
548
436
419
475
575
617
563
387
194
182
213
253
266
283
202
64
-13
-32
-45
-84
-113
-172
-180
-165
-138
-147
-169
-187
-210
-201
-146
-101
-87
-98
-96
-82
-97
-40
57
128
127
135
146
123
104
113
147
200
285
310
230
121
123
186
216
219
204
188
157
135
96
26
-39
-70
-97
-146
-146
-126
-146
-195
-239
-279
-314
-310
-274
-271
-290
-288
-301
-363
-451
-489
-487
-481
-476
-479
-471
-416
-354
-339
-395
-458
-460
-432
-417
-418
-446
-480
-460
-409
-371
-305
-191
-62
-5
-95
-160
-185
-164
-24
83
200
218
183
189
159
271
468
582
592
462
375
335
330
418
483
583
669
673
585
434
370
432
502
521
404
248
159
178
251
241
195
150
116
30
-69
-135
-145
-115
-79
-100
-211
-252
-178
-61
-23
-44
-83
-161
-238
-238
-168
-81
18
118
143
68
29
79
174
207
224
217
184
174
193
212
219
252
279
249
176
170
208
246
226
117
-24
-99
-41
36
23
-28
-29
-40
-127
-264
-364
-362
-269
-168
-166
-273
-378
-361
-315
-301
-293
-309
-358
-388
-381
-408
-483
-486
-403
-365
-407
-433
-389
-321
-259
-281
-435
-583
-642
-611
-520
-394
-225
-69
-20
-65
-183
-321
-342
-244
-40
113
181
241
235
190
200
268
358
434
495
507
437
442
495
464
367
382
486
587
681
710
657
555
452
314
166
58
119
252
292
241
184
151
117
113
129
69
-55
-135
-189
-223
-241
-171
-124
-182
-205
-144
-88
-36
12
12
-12
-26
-26
-50
-65
-62
-8
39
54
109
190
273
344
358
294
182
113
134
192
254
288
289
214
89
14
-15
11
108
172
158
100
2
-114
-192
-204
-189
-203
-257
-324
-351
-311
-243
-213
-234
-252
-243
-275
-335
-380
-440
-475
-419
-372
-424
-524
-572
-481
-331
-230
-226
-291
-368
-398
-447
-586
-717
-736
-697
-602
-439
-221
-30
72
110
68
-54
-208
-228
-145
-42
83
221
284
285
295
361
415
462
525
557
543
497
487
463
447
486
547
515
433
378
416
519
609
611
466
250
44
-72
-69
69
212
229
109
-4
-99
-142
-74
15
18
-38
-60
-87
-175
-288
-301
-265
-256
-282
-211
-92
-18
40
101
166
219
221
143
31
-2
99
181
195
168
127
101
169
297
349
318
300
257
141
32
-3
24
53
89
135
131
93
81
44
-45
-126
-177
-251
-365
-440
-409
-295
-157
-67
-105
-217
-283
-320
-398
-430
-351
-244
-207
-204
-242
-409
-575
-594
-593
-660
-650
-475
-257
-153
-183
-256
-412
-562
-606
-556
-518
-466
-306
-122
-51
-74
-122
-182
-247
-171
16
170
316
368
351
316
284
274
289
355
485
581
631
664
663
663
650
597
476
332
282
379
491
505
427
369
340
314
276
230
200
189
168
113
40
-73
-205
-287
-313
-351
-363
-263
-86
38
66
64
8
-146
-288
-293
-216
-120
-14
88
128
150
182
152
50
18
124
277
346
363
313
182
97
81
109
193
300
359
355
298
213
131
24
-60
-73
-84
-90
-45
11
-9
-68
-66
-30
-68
-142
-120
-62
-79
-101
-131
-233
-384
-476
-505
-545
-529
-421
-295
-203
-157
-138
-171
-276
-429
-602
-756
-783
-680
-570
-499
-492
-489
-468
-422
-373
-369
-371
-345
-317
-316
-322
-273
-174
-57
55
118
140
185
278
297
271
244
256
329
418
519
586
645
691
687
627
563
541
535
477
388
343
419
510
569
609
532
357
175
0
-192
-271
-166
43
206
265
214
90
-49
-173
-283
-369
-387
-352
-309
-281
-248
-210
-161
-95
19
111
122
76
26
-30
-97
-110
-70
-14
114
233
250
244
260
318
349
316
260
176
58
16
122
255
280
227
176
136
112
124
127
72
49
62
39
7
31
28
-81
-202
-274
-362
-424
-365
-204
-92
-110
-183
-287
-452
-529
-445
-347
-332
-376
-407
-465
-539
-566
-580
-561
-480
-392
-340
-317
-299
-334
-447
-560
-625
-659
-665
-557
-374
-216
-104
-31
15
43
36
7
-4
23
126
238
252
225
214
250
319
408
546
668
742
798
842
827
723
589
451
305
193
175
252
385
493
543
535
442
237
22
-45
16
62
49
16
-22
-80
-164
-218
-197
-158
-182
-229
-255
-295
-341
-318
-229
-135
-82
-51
-36
-8
63
106
88
87
125
153
153
203
308
374
360
283
184
85
53
125
194
213
258
391
489
491
455
340
141
4
-52
-139
-200
-128
-18
43
57
16
-72
-186
-228
-205
-208
-247
-301
-339
-356
-364
-346
-300
-281
-301
-327
-376
-428
-454
-486
-541
-555
-509
-483
-466
-399
-342
-346
-359
-398
-451
-406
-326
-331
-442
-557
-561
-495
-404
-268
-131
-40
-7
-10
-33
-22
105
313
502
598
568
449
366
357
378
419
478
537
592
615
620
600
552
527
516
508
505
488
427
345
265
194
128
62
10
-21
-62
-125
-177
-185
-150
-78
-29
-76
-175
-259
-302
-282
-214
-180
-206
-201
-123
-90
-159
-191
-154
-118
-56
97
261
318
320
356
343
228
137
147
207
259
273
257
232
234
241
212
173
165
205
228
205
195
197
172
109
63
43
37
41
57
63
55
17
-90
-227
-311
-333
-357
-393
-411
-392
-301
-183
-135
-167
-254
-357
-448
-484
-461
-478
-535
-557
-571
-623
-636
-593
-526
-456
-428
-418
-406
-385
-329
-300
-348
-421
-432
-376
-327
-254
-152
-66
-15
4
-9
5
105
253
334
337
362
406
426
441
481
505
504
468
451
455
426
441
519
563
506
433
361
280
192
163
177
200
239
269
274
248
182
93
18
-46
-98
-156
-198
-264
-341
-349
-306
-237
-117
2
49
54
33
-29
-121
-177
-190
-191
-151
-78
-26
43
169
314
382
346
275
225
199
181
183
179
181
212
264
292
266
234
241
245
207
201
243
258
241
194
99
12
-28
-57
-60
-34
-22
-64
-129
-175
-202
-268
-312
-280
-250
-293
-373
-405
-391
-382
-407
-457
-489
-466
-390
-307
-259
-235
-218
-271
-425
-584
-659
-672
-638
-574
-486
-388
-290
-173
-71
-53
-117
-218
-312
-332
-247
-158
-146
-163
-145
-76
10
141
329
481
532
467
351
256
258
351
452
493
514
554
537
465
393
377
378
363
329
300
286
296
313
319
307
255
179
141
137
81
-33
-110
-110
-126
-125
-33
60
67
-12
-136
-278
-398
-403
-283
-160
-64
47
136
189
222
225
177
102
55
53
42
29
21
14
54
179
343
445
441
384
306
212
131
106
103
104
132
126
61
-25
-44
35
135
174
175
184
167
108
3
-140
-286
-401
-442
-384
-264
-155
-96
-88
-139
-205
-269
-332
-375
-382
-355
-324
-325
-337
-328
-325
-362
-426
-474
-484
-479
-498
-520
-515
-480
-437
-396
-374
-351
-287
-208
-157
-122
-106
-136
-178
-168
-124
-114
-114
-42
75
160
217
259
287
337
408
441
405
364
404
461
460
439
426
406
359
301
240
175
151
205
260
272
284
307
323
297
253
202
140
89
43
-48
-139
-167
-118
-68
-64
-67
-73
-92
-85
-76
-100
-133
-130
-74
-32
-46
-50
-21
29
101
160
208
246
227
173
136
125
139
132
106
101
152
243
300
286
238
196
168
147
115
87
82
92
114
111
98
90
77
55
-4
-96
-166
-200
-192
-161
-134
-126
-136
-154
-178
-245
-348
-421
-401
-317
-249
-241
-270
-315
-362
-398
-430
-445
-432
-418
-426
-463
-487
-483
-483
-474
-431
-378
-336
-301
-265
-245
-248
-247
-236
-248
-279
-276
-210
-106
-10
63
105
146
204
258
284
267
252
248
251
295
354
401
455
494
506
476
414
382
382
375
351
313
305
315
291
244
188
161
168
160
135
100
64
51
47
62
73
30
-14
-47
-96
-128
-142
-124
-77
-46
-30
-40
-73
-96
-110
-105
-66
2
75
121
157
204
228
197
126
69
85
160
240
272
244
224
240
242
195
111
80
134
218
251
198
124
104
118
111
69
19
-15
-41
-49
-42
-46
-81
-119
-159
-213
-259
-270
-246
-234
-245
-265
-278
-268
-237
-237
-289
-353
-392
-406
-412
-414
-404
-384
-365
-349
-362
-403
-447
-470
-457
-441
-420
-373
-335
-320
-300
-270
-225
-179
-136
-110
-83
-49
-30
-36
-49
-35
18
85
152
228
285
325
346
353
366
379
391
425
429
401
378
364
378
400
386
349
306
273
250
236
238
210
155
116
106
138
150
100
37
-1
19
57
43
-1
-58
-107
-106
-91
-106
-141
-167
-127
-67
-39
-41
-53
-56
-58
-57
-15
42
81
104
128
169
208
229
230
223
248
294
299
259
223
210
209
204
196
167
123
98
102
99
93
98
99
80
40
7
-10
-41
-70
-99
-148
-174
-165
-160
-175
-186
-169
-173
-231
-290
-338
-365
-353
-339
-355
-388
-391
-344
-307
-320
-359
-401
-414
-413
-414
-417
-429
-437
-434
-440
-436
-398
-361
-330
-284
-236
-207
-181
-136
-96
-90
-97
-80
-55
-38
-30
5
76
152
220
261
290
332
355
355
361
356
374
402
412
413
379
342
334
321
323
325
299
258
196
167
152
129
143
145
113
91
67
59
49
32
42
24
4
-10
-62
-104
-108
-103
-108
-137
-129
-80
-56
-64
-91
-109
-101
-80
-46
-18
32
132
218
253
274
293
313
325
337
353
314
258
245
244
237
234
222
214
179
132
94
50
15
5
6
23
48
67
72
63
43
-22
-101
-150
-182
-196
-199
-213
-237
-280
-321
-315
-287
-276
-304
-347
-374
-367
-329
-299
-317
-348
-375
-408
-430
-433
-442
-443
-426
-393
-369
-352
-316
-287
-288
-303
-335
-348
-320
-275
-219
-147
-67
20
45
-3
-45
-32
40
122
160
163
174
195
227
247
261
312
372
443
525
508
421
344
293
285
279
281
296
251
216
252
308
300
183
89
64
43
62
89
76
62
49
69
67
24
22
5
-55
-130
-195
-194
-142
-91
-44
-50
-55
-16
21
30
12
2
38
83
125
151
165
215
286
316
332
320
278
269
296
316
314
328
354
296
163
90
80
87
86
61
23
-11
-14
42
74
60
51
8
-84
-173
-192
-174
-182
-202
-228
-304
-382
-414
-407
-400
-393
-352
-323
-327
-330
-333
-322
-303
-327
-393
-457
-445
-347
-256
-227
-240
-278
-338
-413
-486
-536
-544
-508
-466
-404
-268
-100
40
111
121
62
-34
-112
-113
-30
49
54
14
15
80
210
326
398
407
336
249
215
239
345
427
459
447
367
358
441
533
555
450
266
64
-94
-139
-147
-128
-90
-2
153
230
229
216
161
130
98
-19
-184
-331
-333
-264
-232
-191
-122
-20
103
169
186
103
-40
-112
-131
-145
-118
-5
181
325
413
526
590
565
503
376
188
49
51
122
129
92
88
132
230
342
390
287
128
49
-2
-80
-136
-129
-127
-167
-146
-36
41
72
66
-10
-119
-190
-270
-432
-587
-586
-466
-352
-289
-268
-290
-373
-399
-300
-201
-195
-240
-298
-337
-362
-414
-496
-559
-572
-527
-446
-345
-259
-283
-388
-395
-306
-255
-253
-246
-205
-139
-17
135
196
125
31
-18
-48
-82
-31
99
179
213
264
346
440
543
621
688
725
649
517
396
288
218
206
243
253
162
86
82
140
239
309
329
251
147
98
23
-66
-108
-174
-234
-266
-211
-98
-54
-24
-25
-88
-94
-55
-20
13
22
9
-76
-152
-123
-62
22
119
205
280
336
401
483
516
499
474
450
427
383
288
121
-6
-41
-30
-2
30
36
51
92
124
123
86
72
87
115
77
11
-54
-128
-192
-224
-261
-316
-329
-259
-186
-176
-144
-126
-161
-202
-234
-298
-331
-343
-413
-516
-539
-484
-405
-294
-199
-186
-227
-206
-144
-186
-360
-522
-627
-739
-790
-675
-514
-432
-331
-169
-44
7
29
97
124
88
53
-35
-107
-60
31
72
64
64
127
257
435
598
724
791
812
794
628
476
434
385
319
266
193
67
-47
7
78
61
117
163
120
-10
-101
-117
-178
-218
-159
-185
-245
-246
-177
-44
12
52
124
120
43
-29
-89
-101
-55
15
30
17
82
163
208
270
409
526
537
521
527
507
402
268
168
115
97
112
92
51
29
32
0
-117
-206
-179
-86
31
152
189
177
135
113
148
99
-125
-309
-339
-268
-179
-184
-118
76
238
255
117
-114
-364
-617
-698
-673
-698
-598
-391
-277
-197
-72
-70
-271
-533
-653
-721
-862
-879
-705
-491
-390
-458
-414
-208
-109
17
87
-119
-409
-554
-411
-261
-329
-384
-284
-61
185
289
344
431
474
555
636
592
515
489
500
579
655
699
679
690
719
536
279
201
231
261
267
188
121
133
138
-1
-194
-297
-363
-394
-342
-280
-201
-100
-62
6
48
24
-20
-34
-46
-121
-178
-158
-178
-262
-287
-266
-132
90
246
240
181
150
163
247
347
407
451
476
454
423
399
369
310
194
-1
-189
-211
-107
-77
-94
13
212
373
432
378
255
142
79
-3
-33
5
21
0
5
-17
-45
-43
-36
-64
-154
-244
-245
-153
-49
-17
-72
-66
10
26
-102
-298
-452
-514
-543
-612
-607
-520
-449
-399
-358
-405
-544
-685
-772
-852
-873
-729
-474
-291
-241
-181
-90
-4
18
-27
-39
-38
-103
-170
-188
-155
-49
113
267
375
531
740
835
806
717
562
469
386
252
191
211
282
363
327
255
216
188
174
96
-53
-198
-327
-355
-265
-169
-73
43
126
103
-29
-193
-332
-400
-335
-199
-44
83
103
100
154
245
315
299
265
271
263
256
261
290
351
468
638
744
741
693
605
414
181
41
13
-16
-80
-144
-217
-270
-242
-127
-30
-4
54
152
152
35
-52
-57
-87
-127
-47
94
144
121
76
-9
-127
-156
-111
-171
-300
-373
-377
-287
-141
-49
-103
-256
-352
-368
-391
-436
-506
-615
-698
-693
-638
-568
-481
-419
-384
-367
-420
-525
-598
-643
-653
-543
-373
-222
-121
-95
-76
22
134
199
215
209
189
160
141
166
249
370
508
629
744
833
866
810
744
663
498
315
252
259
273
273
183
35
-102
-251
-410
-457
-381
-297
-289
-312
-307
-257
-194
-110
-12
41
60
50
-25
-135
-192
-216
-222
-200
-63
135
277
348
374
399
427
469
522
518
458
463
467
401
277
166
138
228
338
319
160
-4
-94
-135
-162
-234
-278
-274
-249
-121
116
295
386
416
360
251
136
87
62
-23
-111
-65
2
-4
-60
-111
-130
-113
-110
-190
-355
-493
-497
-377
-231
-170
-172
-176
-218
-315
-464
-662
-752
-756
-789
-812
-811
-783
-706
-620
-578
-519
-408
-255
-158
-171
-232
-273
-275
-249
-192
-129
4
217
387
441
399
346
402
460
460
492
599
701
803
899
879
783
685
605
490
319
155
71
-5
-89
-177
-216
-148
-41
11
-21
-92
-168
-240
-297
-298
-279
-205
-82
43
102
93
51
5
-13
12
93
102
5
-60
-17
55
120
144
163
191
245
370
484
529
535
493
353
194
118
101
23
-28
44
127
124
89
32
-76
-158
-171
-129
-70
-14
3
23
140
319
422
379
261
152
55
-29
-62
-78
-103
-109
-45
39
31
-25
-25
-30
-102
-261
-442
-553
-595
-550
-491
-516
-530
-492
-513
-566
-548
-496
-538
-692
-805
-842
-900
-923
-834
-720
-608
-430
-191
-14
32
37
73
84
62
65
119
141
147
235
330
392
476
521
480
439
453
485
498
516
586
672
707
685
590
393
210
133
112
77
-16
-107
-135
-212
-306
-270
-133
-27
12
32
29
21
34
2
-55
-70
-26
13
-63
-189
-225
-163
-42
114
221
165
-15
-99
-72
-14
131
297
423
504
549
598
603
522
409
279
170
81
15
10
9
-1
43
54
-16
-83
-105
-94
-55
6
55
82
125
204
315
398
389
357
369
337
223
88
-90
-274
-361
-364
-319
-261
-175
-64
-63
-171
-226
-241
-257
-327
-485
-653
-767
-816
-809
-809
-830
-797
-687
-568
-524
-550
-606
-621
-570
-521
-474
-405
-311
-198
-66
15
-4
-96
-178
-206
-169
-83
31
139
185
237
313
367
413
510
637
738
782
792
712
618
594
568
543
509
479
439
308
133
9
-83
-65
-24
-66
-131
-205
-214
-144
-69
0
54
73
78
36
-72
-247
-324
-312
-334
-286
-150
-10
107
183
215
235
205
182
179
215
251
298
381
420
401
416
463
448
346
204
70
-80
-179
-228
-289
-324
-294
-203
-29
165
278
323
341
324
273
219
101
-55
-121
-97
-26
118
266
363
371
284
150
-25
-200
-311
-385
-422
-407
-374
-329
-293
-276
-277
-274
-234
-223
-286
-404
-515
-574
-602
-653
-684
-655
-613
-577
-544
-549
-543
-500
-452
-424
-417
-405
-342
-250
-160
-117
-104
-58
9
33
7
-12
25
177
365
498
556
576
625
722
809
855
845
810
761
623
451
299
180
144
181
205
172
80
2
-79
-178
-256
-330
-367
-358
-311
-227
-115
26
151
177
145
82
52
26
-78
-166
-188
-175
-107
-30
37
143
275
391
393
333
310
287
247
200
167
182
232
279
285
269
298
321
260
135
5
-126
-244
-311
-336
-346
-262
-59
160
360
524
588
505
334
142
-8
-67
-65
-79
-114
-141
-107
-38
-4
-33
-68
-62
-39
-46
-76
-141
-196
-214
-225
-277
-362
-428
-438
-430
-440
-517
-630
-704
-786
-881
-877
-783
-678
-617
-614
-622
-579
-480
-374
-314
-295
-264
-180
-94
-57
-75
-92
-16
121
244
320
347
348
332
333
375
426
526
710
887
968
913
795
638
458
313
151
-3
-77
-152
-184
-162
-125
-48
14
34
39
39
7
-96
-179
-167
-117
-27
24
7
34
100
168
166
75
3
-32
-62
-86
-134
-138
-77
47
205
343
444
523
587
583
506
395
256
84
-9
-32
-69
-88
1
96
123
183
204
110
-31
-186
-301
-323
-252
-105
46
146
239
316
345
333
316
324
322
262
192
121
44
-25
-58
-82
-94
-90
-92
-120
-152
-201
-255
-304
-363
-453
-523
-569
-618
-687
-768
-841
-860
-808
-730
-688
-677
-676
-670
-650
-587
-465
-296
-167
-85
6
31
-65
-153
-171
-141
-66
50
175
258
348
435
437
375
276
239
270
300
346
414
443
512
617
711
706
587
485
389
246
73
-132
-213
-143
-94
-77
-85
-68
10
93
146
133
90
63
4
-49
-90
-145
-118
-61
-1
76
105
100
99
119
109
22
-37
-51
-55
3
83
176
263
338
457
559
522
386
229
92
-38
-132
-175
-210
-221
-191
-139
-100
-98
-57
46
163
276
346
341
315
299
296
316
349
365
369
349
306
259
192
89
3
-56
-122
-206
-293
-374
-417
-422
-398
-357
-329
-364
-449
-533
-622
-684
-692
-657
-581
-480
-416
-422
-456
-510
-599
-678
-701
-669
-572
-405
-201
-28
77
116
112
74
-27
-174
-281
-288
-263
-252
-238
-162
-1
138
237
332
430
514
563
568
551
522
532
546
493
446
406
359
329
308
315
254
120
0
-134
-245
-279
-264
-183
-84
39
170
235
230
219
193
139
3
-94
-137
-192
-200
-163
-117
-35
61
169
243
242
207
139
60
1
-51
-63
-13
70
166
216
217
215
210
213
214
201
178
148
132
145
131
83
63
104
180
245
282
309
356
423
446
373
248
138
93
112
130
84
33
-19
-102
-226
-351
-433
-442
-386
-293
-230
-219
-207
-188
-207
-267
-365
-490
-615
-695
-720
-686
-591
-457
-341
-317
-352
-356
-370
-462
-589
-690
-725
-709
-623
-452
-256
-90
3
31
41
55
51
9
-76
-156
-165
-96
33
108
175
313
468
594
654
625
555
486
414
382
366
364
372
378
397
400
394
317
167
34
-81
-140
-110
-78
-26
14
-3
-3
74
161
219
214
209
198
149
75
-55
-203
-304
-369
-391
-353
-255
-135
-49
4
59
145
235
288
315
341
342
319
300
278
273
292
305
302
301
283
235
163
64
-30
-58
-14
49
84
111
141
149
125
86
50
33
63
126
168
183
215
230
206
151
66
-56
-182
-258
-304
-362
-394
-360
-255
-120
-31
-26
-78
-175
-299
-453
-625
-777
-858
-846
-774
-684
-617
-583
-547
-472
-384
-342
-349
-357
-362
-382
-378
-320
-193
-38
89
148
172
179
136
37
-99
-209
-240
-189
-91
1
121
269
414
534
583
582
558
516
448
410
392
379
367
333
289
238
228
233
209
149
64
5
-24
-56
-106
-163
-179
-173
-173
-158
-108
-58
-5
25
33
62
51
16
-39
-111
-128
-90
-25
53
126
199
255
265
263
293
323
341
366
407
443
444
380
258
162
87
-2
-93
-165
-201
-219
-210
-141
-16
121
210
248
262
243
202
183
182
181
190
214
256
315
384
401
322
200
57
-111
-243
-337
-431
-517
-579
-587
-501
-377
-289
-286
-343
-403
-454
-522
-572
-603
-638
-678
-696
-630
-490
-373
-314
-309
-364
-448
-492
-481
-434
-376
-314
-231
-88
78
189
214
204
190
156
74
-48
-168
-246
-213
-98
-15
88
240
398
508
585
654
693
663
578
531
510
479
367
191
18
-121
-201
-216
-162
-108
-92
-57
0
58
84
64
45
65
108
150
204
225
217
185
160
106
31
5
-14
-14
6
7
-12
-32
-44
-26
-23
-65
-79
-36
40
118
169
224
286
334
351
320
256
179
109
37
-24
-44
-8
59
105
156
225
288
339
393
430
430
404
328
211
111
33
-7
16
56
47
-7
-83
-154
-204
-275
-361
-425
-421
-379
-338
-290
-233
-204
-221
-281
-355
-420
-505
-603
-646
-621
-579
-522
-440
-361
-313
-304
-311
-317
-289
-261
-268
-304
-350
-363
-273
-98
20
61
90
117
148
172
154
86
18
-9
4
2
-58
-134
-126
-60
3
71
178
294
409
475
470
433
414
417
375
297
251
270
262
187
96
45
60
70
43
40
69
131
204
233
208
182
149
55
-79
-185
-232
-274
-291
-250
-175
-98
-33
9
3
-26
-50
-58
-56
-41
17
126
247
336
389
445
523
595
610
564
476
363
250
155
73
-4
-66
-105
-72
12
92
129
114
83
77
99
133
146
167
192
190
208
257
275
216
75
-110
-302
-463
-555
-569
-527
-475
-417
-330
-243
-177
-158
-194
-248
-282
-320
-401
-521
-620
-668
-659
-567
-459
-396
-325
-237
-174
-140
-140
-173
-212
-226
-185
-103
-71
-119
-195
-224
-195
-162
-153
-154
-137
-98
-51
-26
-32
-41
-51
-42
29
131
222
295
378
453
499
490
443
464
559
639
622
513
387
293
184
19
-140
-245
-272
-269
-241
-158
-50
50
79
41
5
-1
-2
-53
-109
-130
-109
-74
-27
15
47
101
155
185
160
132
108
69
83
131
176
201
198
197
212
261
327
356
320
258
194
148
113
97
102
114
148
173
170
156
159
164
115
23
-62
-94
-43
46
99
117
157
280
387
344
197
49
-37
-75
-173
-351
-536
-630
-592
-501
-425
-359
-298
-202
-75
-19
-86
-206
-298
-362
-414
-426
-406
-386
-403
-461
-507
-520
-529
-518
-474
-412
-334
-255
-196
-142
-86
-36
11
40
84
139
167
160
111
19
-51
-50
20
100
127
115
125
168
166
117
50
3
25
125
217
265
326
381
397
357
283
187
96
13
-68
-134
-199
-186
-80
25
102
154
204
224
228
246
240
199
153
137
122
116
102
64
-26
-115
-124
-102
-87
-122
-176
-191
-158
-83
-3
92
208
321
423
491
509
461
360
244
150
93
87
107
121
154
195
261
307
297
249
177
131
125
122
62
-39
-88
-45
37
86
103
128
156
189
217
173
49
-82
-192
-270
-348
-421
-445
-429
-401
-415
-470
-510
-513
-492
-447
-405
-376
-357
-337
-317
-315
-325
-343
-352
-333
-297
-266
-245
-226
-188
-121
-47
13
66
115
137
125
83
-4
-103
-163
-181
-188
-197
-198
-184
-140
-78
-53
-110
-221
-277
-247
-157
-57
35
129
243
391
512
584
593
568
517
449
370
276
216
196
222
210
130
50
-37
-106
-146
-128
-101
-106
-86
-50
6
44
97
177
239
235
193
166
120
60
-63
-189
-266
-281
-229
-174
-114
-53
61
238
386
467
480
469
468
457
413
314
206
139
116
99
69
22
40
144
244
300
293
240
169
121
98
56
19
29
73
97
55
-9
-53
-103
-185
-267
-300
-298
-317
-356
-401
-430
-405
-356
-330
-324
-287
-216
-164
-153
-175
-209
-189
-122
-84
-92
-134
-179
-203
-233
-307
-411
-472
-478
-431
-350
-290
-242
-187
-129
-102
-141
-191
-209
-201
-188
-185
-179
-127
-70
-58
-61
-48
-29
-37
-28
8
55
79
113
187
268
344
388
406
353
287
265
251
215
167
134
128
148
148
136
123
112
139
132
94
39
-6
-14
-23
-7
-32
-60
-38
33
143
239
291
283
231
155
109
58
-2
-78
-173
-227
-219
-150
-61
-9
47
149
325
479
533
544
539
520
464
397
321
255
218
204
159
51
-59
-123
-140
-138
-105
-58
-29
-34
-48
-23
33
92
143
142
112
91
94
100
67
2
-46
-68
-80
-98
-139
-191
-259
-301
-342
-391
-425
-394
-293
-206
-185
-206
-224
-210
-208
-286
-437
-574
-599
-535
-466
-415
-362
-316
-254
-196
-145
-114
-93
-34
35
66
56
54
90
140
159
112
-4
-151
-275
-348
-379
-391
-391
-381
-332
-214
-41
133
243
305
346
412
482
493
424
301
207
186
193
137
63
30
41
71
114
172
194
203
213
209
187
123
64
21
13
40
70
104
132
138
117
111
129
138
90
52
64
55
8
-40
-54
-35
0
49
85
108
110
103
127
182
230
198
143
135
169
189
173
149
154
173
164
149
128
114
129
175
208
205
199
207
202
189
166
109
34
-31
-95
-121
-97
-95
-151
-242
-313
-358
-422
-514
-567
-554
-482
-390
-329
-299
-269
-225
-187
-163
-135
-109
-98
-91
-86
-107
-164
-207
-208
-185
-186
-204
-237
-279
-307
-329
-349
-367
-340
-268
-179
-79
-2
34
27
31
44
-14
-146
-269
-337
-367
-361
-313
-254
-187
-60
84
191
259
344
460
523
525
495
447
382
293
205
129
74
64
86
85
77
90
98
92
99
165
233
309
386
371
287
204
158
130
85
27
-21
-86
-155
-197
-207
-207
-212
-215
-205
-181
-147
-85
-13
57
141
227
282
325
374
435
493
533
535
488
391
259
151
93
80
57
30
29
86
179
213
150
53
-3
-14
-38
-102
-170
-192
-159
-108
-68
-52
-61
-84
-109
-158
-213
-249
-231
-168
-110
-90
-96
-97
-84
-54
-34
-64
-153
-260
-335
-359
-367
-373
-394
-408
-380
-307
-239
-188
-161
-154
-147
-170
-234
-313
-350
-320
-230
-149
-121
-123
-120
-83
-57
-46
-47
-60
-77
-81
-85
-107
-156
-221
-245
-220
-158
-100
-47
35
129
249
347
398
430
476
527
534
534
495
378
224
129
107
85
34
-21
-28
-15
3
42
89
97
43
3
18
82
130
129
111
87
99
131
131
91
45
28
27
26
4
-39
-79
-88
-38
34
87
126
202
296
358
380
359
303
248
226
198
133
36
-41
-70
-72
-45
-27
-39
-57
-29
34
97
155
204
249
292
342
338
249
126
70
81
53
-46
-167
-253
-300
-341
-408
-500
-550
-506
-388
-281
-238
-212
-167
-102
-49
-62
-153
-259
-307
-316
-328
-329
-307
-280
-278
-283
-282
-270
-236
-175
-121
-98
-99
-104
-115
-141
-153
-146
-135
-128
-115
-110
-128
-144
-144
-146
-169
-159
-114
-84
-47
-2
15
-15
-19
27
79
132
192
278
316
296
266
233
190
130
85
61
66
80
93
100
109
159
203
216
226
268
322
345
354
335
302
271
244
212
174
140
111
86
62
30
-6
-41
-68
-121
-203
-287
-329
-319
-297
-267
-229
-175
-93
23
149
240
306
360
418
450
475
485
448
360
273
228
213
207
174
100
30
-8
-19
-45
-75
-90
-66
-9
59
98
101
105
96
47
-40
-145
-261
-355
-401
-402
-377
-363
-374
-384
-387
-366
-327
-275
-217
-145
-72
-37
-53
-77
-97
-140
-196
-241
-271
-274
-253
-207
-168
-161
-169
-177
-161
-88
-12
-2
-4
8
-7
-36
-55
-61
-69
-78
-63
-38
-61
-147
-253
-345
-415
-459
-465
-429
-355
-224
-70
48
114
166
242
326
395
439
447
423
415
428
404
337
262
233
246
252
241
226
212
211
234
242
207
166
146
136
101
39
-24
-69
-68
-36
-11
-23
-49
-32
15
61
77
67
58
63
39
-14
-50
-56
-23
8
34
74
119
155
167
155
145
153
184
231
265
282
297
292
246
166
81
-4
-77
-114
-112
-74
-22
13
18
13
20
37
46
54
91
135
132
76
-9
-106
-198
-266
-325
-393
-452
-453
-394
-323
-286
-295
-307
-276
-187
-76
-20
-27
6
77
95
46
-45
-136
-182
-162
-109
-109
-185
-272
-323
-366
-416
-457
-455
-375
-248
-135
-81
-72
-38
26
72
68
30
-15
-45
-49
-65
-120
-194
-228
-207
-154
-105
-68
-25
63
173
240
250
230
199
180
158
122
73
22
-9
8
57
98
111
104
101
151
251
329
356
353
348
353
342
330
332
329
322
302
257
193
118
44
-36
-94
-113
-117
-107
-83
-71
-72
-70
-50
-33
-70
-106
-90
-53
-18
17
66
115
144
156
153
150
142
146
185
236
245
213
171
142
104
16
-95
-163
-154
-95
-30
23
55
70
81
90
83
71
77
64
22
0
-38
-130
-237
-300
-311
-290
-261
-239
-248
-293
-347
-387
-436
-511
-550
-488
-358
-225
-112
-28
10
22
34
29
-3
-56
-96
-96
-71
-55
-80
-131
-154
-120
-54
-8
-1
2
19
36
44
21
-67
-178
-245
-275
-299
-338
-395
-427
-376
-273
-179
-136
-135
-107
-27
95
205
258
290
337
399
431
414
381
348
307
259
230
222
221
222
236
234
220
231
254
269
259
248
254
258
237
183
130
93
57
38
28
18
6
-30
-71
-86
-81
-71
-40
9
37
30
29
34
19
-17
-46
-54
-29
32
97
129
135
127
116
110
109
109
100
91
105
160
224
204
95
9
-11
7
27
32
16
-9
-43
-92
-163
-260
-349
-373
-315
-232
-184
-175
-178
-163
-123
-76
-56
-86
-134
-142
-107
-75
-86
-131
-167
-141
-57
24
48
35
61
120
125
46
-80
-202
-271
-293
-320
-377
-436
-430
-347
-257
-219
-234
-262
-249
-180
-114
-101
-112
-91
-32
10
6
-20
-39
-35
-29
-38
-58
-73
-61
-25
22
62
80
86
99
136
176
211
255
278
255
204
179
169
134
117
153
197
225
231
229
247
263
261
264
281
293
283
246
196
143
85
14
-43
-50
-14
30
48
44
21
-8
-13
-4
-16
-17
25
91
151
199
215
182
154
154
147
124
86
59
32
-18
-65
-115
-198
-280
-292
-228
-136
-53
15
76
127
161
173
138
69
28
35
49
32
-32
-110
-139
-107
-76
-90
-103
-63
2
30
-11
-107
-203
-254
-269
-288
-333
-394
-433
-409
-332
-263
-252
-273
-265
-208
-147
-118
-112
-105
-74
-16
33
34
-3
-45
-82
-124
-167
-185
-179
-171
-153
-148
-170
-201
-222
-225
-199
-147
-99
-62
-32
-5
2
-25
-64
-65
7
105
179
206
202
210
230
237
215
203
231
274
286
269
234
187
140
111
113
160
223
249
229
199
208
236
248
217
155
93
90
162
232
242
215
167
86
11
-36
-70
-107
-127
-112
-101
-132
-177
-187
-172
-149
-80
12
97
169
222
255
260
244
225
185
127
88
55
-1
-41
-35
-3
38
82
122
160
203
237
235
183
87
-1
-62
-133
-207
-276
-350
-395
-390
-353
-311
-296
-311
-317
-295
-241
-168
-103
-54
-6
34
45
18
-28
-72
-102
-133
-167
-182
-174
-171
-201
-256
-298
-292
-262
-242
-223
-206
-195
-156
-102
-87
-129
-190
-231
-238
-213
-188
-170
-140
-99
-46
16
52
56
40
51
113
174
212
230
215
197
193
202
225
237
230
232
264
295
292
244
187
159
166
168
170
209
270
322
367
371
319
248
202
165
104
38
-20
-75
-134
-195
-266
-305
-270
-177
-88
-32
17
68
104
106
88
73
67
78
110
145
170
205
237
231
202
182
185
194
185
151
111
70
38
23
-1
-52
-109
-159
-189
-178
-128
-66
-48
-79
-111
-112
-88
-53
-14
1
-7
-16
-22
-34
-49
-66
-79
-110
-156
-175
-166
-160
-170
-199
-225
-226
-215
-222
-248
-279
-288
-258
-232
-259
-330
-395
-414
-384
-345
-322
-290
-217
-123
-48
-18
-50
-117
-172
-171
-134
-121
-142
-166
-166
-135
-94
-56
-25
2
35
77
132
178
202
205
215
254
303
317
323
373
427
448
451
421
337
247
198
181
155
118
86
68
57
47
14
-27
-18
42
93
119
125
126
115
71
23
-11
-43
-70
-83
-86
-69
-34
15
50
67
95
134
196
269
302
290
258
232
200
129
31
-81
-179
-235
-248
-206
-133
-89
-76
-65
-32
15
57
110
176
235
272
280
263
220
154
90
27
-42
-114
-181
-234
-275
-285
-259
-219
-180
-164
-166
-150
-112
-69
-58
-98
-153
-218
-292
-336
-331
-310
-303
-298
-281
-263
-264
-289
-332
-362
-343
-285
-244
-238
-238
-225
-201
-167
-143
-158
-191
-201
-184
-174
-194
-207
-188
-135
-72
-6
44
101
223
359
440
498
533
513
458
404
342
249
167
145
146
119
77
39
21
48
131
203
225
250
286
330
344
305
251
184
113
83
72
51
28
-4
-60
-114
-100
-39
7
41
73
113
146
151
151
131
91
51
-2
-37
-26
18
48
25
-9
-18
-3
23
34
49
90
157
251
320
341
335
297
255
211
151
90
19
-52
-102
-131
-129
-120
-123
-144
-170
-169
-160
-155
-157
-177
-195
-204
-211
-204
-189
-174
-162
-153
-137
-136
-165
-217
-285
-337
-344
-322
-310
-336
-363
-367
-358
-350
-354
-359
-363
-363
-356
-359
-374
-378
-352
-304
-265
-249
-255
-230
-102
56
153
187
208
228
230
230
220
197
217
284
343
345
278
215
187
202
249
274
294
337
405
469
460
409
360
295
248
215
204
181
118
69
29
12
49
66
54
31
7
-3
-48
-97
-131
-161
-173
-201
-208
-178
-131
-59
-1
19
43
78
145
194
213
241
278
338
398
425
417
361
287
228
171
122
79
43
38
44
58
67
57
29
-29
-90
-123
-144
-178
-239
-301
-313
-293
-273
-268
-257
-232
-187
-129
-99
-107
-128
-155
-185
-218
-241
-254
-279
-306
-327
-353
-361
-359
-361
-380
-406
-406
-399
-416
-452
-481
-467
-449
-454
-473
-498
-474
-366
-226
-145
-101
-16
90
117
63
15
10
91
213
287
285
247
253
321
370
406
431
463
553
651
715
730
698
668
629
547
453
351
294
253
212
173
118
130
179
191
174
129
69
-5
-93
-160
-247
-340
-410
-454
-432
-363
-276
-183
-122
-61
19
111
193
215
226
258
315
363
358
311
262
241
272
309
315
276
218
197
185
153
115
55
-25
-94
-147
-184
-214
-227
-248
-277
-295
-284
-247
-238
-254
-257
-253
-248
-237
-231
-235
-249
-256
-253
-256
-239
-187
-142
-131
-152
-201
-247
-281
-303
-339
-408
-471
-499
-498
-474
-437
-405
-380
-381
-386
-379
-375
-331
-277
-248
-209
-109
-25
-46
-56
-31
50
155
232
278
275
268
305
309
319
368
449
577
687
767
794
765
708
656
584
515
428
413
402
381
380
332
307
294
285
228
129
35
-44
-129
-196
-277
-354
-385
-355
-281
-177
-116
-74
-38
-68
-67
-61
-29
2
10
44
143
247
365
428
423
407
389
375
341
261
129
17
-30
-31
-15
5
-8
3
24
1
-76
-188
-299
-358
-379
-406
-424
-445
-460
-451
-400
-315
-233
-173
-148
-177
-244
-325
-379
-388
-350
-307
-295
-291
-278
-265
-238
-222
-231
-275
-350
-433
-492
-512
-506
-503
-500
-458
-383
-280
-182
-127
-22
85
82
76
39
-35
-66
-72
7
115
181
287
379
435
495
535
553
543
485
436
445
493
534
558
546
532
567
569
516
464
424
385
331
226
125
87
95
102
79
34
33
51
47
22
-58
-153
-219
-255
-237
-206
-187
-144
-66
5
52
84
79
69
73
127
208
251
259
254
243
239
216
180
128
58
2
-31
-69
-102
-110
-121
-145
-162
-177
-213
-260
-305
-339
-377
-407
-402
-371
-348
-349
-339
-297
-248
-216
-191
-213
-264
-307
-332
-323
-298
-271
-267
-264
-267
-282
-317
-327
-345
-388
-456
-517
-549
-533
-478
-415
-338
-222
-102
20
60
16
10
18
99
137
182
260
264
287
337
367
423
444
463
475
465
480
488
500
488
474
489
484
448
403
311
262
226
227
250
231
232
222
195
141
85
39
21
41
22
22
81
137
203
217
196
162
100
14
-22
-2
21
46
63
86
116
131
141
139
129
149
179
185
166
144
118
101
82
50
-20
-119
-203
-224
-231
-264
-281
-285
-295
-309
-313
-331
-375
-408
-409
-390
-378
-379
-376
-359
-357
-371
-372
-347
-312
-255
-204
-194
-220
-260
-301
-336
-366
-376
-389
-402
-405
-425
-457
-462
-431
-383
-339
-293
-244
-164
-129
-149
-125
-78
50
171
246
320
391
496
588
608
639
605
502
420
391
427
489
553
613
646
630
600
522
444
336
267
212
157
123
84
51
14
-2
4
6
19
46
59
36
2
-7
-12
9
38
71
100
161
250
338
362
282
183
85
29
27
37
29
7
18
50
62
49
25
16
22
32
26
-16
-67
-78
-55
-61
-114
-194
-276
-336
-350
-336
-333
-352
-350
-339
-360
-384
-389
-394
-383
-350
-336
-345
-356
-372
-392
-387
-391
-368
-328
-303
-284
-281
-263
-282
-323
-353
-385
-420
-443
-454
-419
-356
-254
-175
-110
-86
-117
-141
-174
-132
-54
66
181
265
331
384
416
475
543
595
648
690
706
691
722
722
616
445
306
234
280
348
451
504
495
455
362
213
28
-108
-168
-139
-88
-50
-58
-85
-78
1
64
96
101
111
116
129
137
152
164
165
177
185
232
290
340
347
290
207
113
-4
-105
-169
-182
-168
-151
-140
-143
-166
-192
-207
-225
-244
-260
-268
-292
-309
-298
-275
-288
-322
-340
-330
-302
-279
-286
-324
-344
-343
-333
-332
-329
-305
-283
-261
-266
-287
-322
-378
-415
-416
-420
-431
-432
-423
-408
-367
-293
-223
-143
-54
19
-53
-166
-238
-220
-84
69
196
260
277
287
279
252
262
321
422
495
518
522
540
575
637
671
641
602
594
619
581
546
484
354
158
-7
-69
-40
49
145
233
285
281
218
66
-73
-149
-158
-109
-80
-25
19
72
145
217
252
259
248
242
222
183
170
167
145
135
113
96
114
147
187
167
109
4
-121
-259
-372
-430
-443
-455
-468
-470
-460
-447
-417
-359
-315
-333
-374
-382
-359
-327
-299
-272
-264
-274
-277
-281
-286
-290
-291
-267
-264
-253
-278
-326
-353
-341
-295
-276
-300
-342
-404
-446
-405
-302
-184
-146
-116
-123
-121
-106
-13
98
220
338
377
322
231
215
257
361
436
489
488
490
500
531
506
458
385
365
340
318
337
406
512
569
542
391
242
155
151
148
165
148
66
-72
-150
-145
-59
44
149
242
298
291
224
117
8
-50
-62
-35
-22
15
83
172
254
286
241
164
85
59
50
8
-49
-94
-110
-97
-90
-108
-122
-115
-106
-142
-230
-336
-417
-488
-549
-607
-651
-664
-625
-545
-463
-408
-369
-351
-351
-362
-361
-324
-305
-287
-248
-218
-227
-239
-236
-237
-255
-281
-328
-369
-372
-366
-350
-274
-143
6
74
96
35
-114
-233
-254
-120
32
146
226
305
334
341
358
432
506
600
636
565
450
396
406
439
468
451
439
417
446
425
359
241
150
86
37
-5
14
111
240
322
323
238
106
36
40
73
66
66
43
0
-25
29
129
211
251
279
302
292
244
173
69
-17
-58
-66
-74
-79
-54
2
62
88
68
5
-83
-133
-149
-194
-273
-355
-401
-388
-319
-264
-241
-228
-210
-212
-258
-321
-390
-466
-524
-551
-565
-583
-580
-539
-473
-406
-345
-292
-255
-261
-277
-279
-287
-293
-279
-247
-262
-304
-345
-342
-293
-205
-110
-30
46
35
15
34
116
218
308
342
325
259
211
195
244
338
410
466
511
556
570
584
592
613
574
511
404
317
307
340
377
365
289
185
108
67
47
14
-44
-99
-84
-20
41
100
163
228
259
260
239
205
196
196
178
103
24
5
45
99
177
235
250
225
193
169
122
53
-22
-113
-193
-240
-263
-262
-248
-201
-168
-164
-184
-223
-264
-303
-326
-334
-370
-427
-440
-398
-336
-268
-232
-243
-245
-207
-174
-183
-231
-296
-372
-442
-485
-504
-506
-498
-475
-457
-435
-414
-360
-305
-276
-281
-303
-304
-282
-204
-71
33
68
9
-96
-123
-57
85
231
371
456
491
496
485
489
537
577
566
507
416
338
310
337
386
410
416
440
460
472
453
416
340
242
128
14
-53
-45
40
141
164
97
-17
-103
-117
-65
-17
-9
3
51
118
188
260
321
373
359
295
213
149
120
124
122
94
61
49
32
20
34
49
53
16
-50
-134
-213
-262
-282
-329
-395
-466
-508
-503
-459
-392
-325
-287
-284
-306
-330
-347
-338
-335
-365
-407
-425
-403
-353
-282
-215
-144
-85
-62
-108
-197
-294
-367
-420
-492
-558
-593
-588
-544
-496
-457
-384
-301
-143
21
136
167
84
9
-38
-2
108
221
323
396
417
422
408
447
546
651
742
760
705
650
589
511
452
394
344
255
194
183
175
184
197
204
162
95
65
63
59
64
71
44
-22
-65
-55
-10
48
70
60
28
33
76
104
127
153
184
215
262
309
340
333
303
234
131
20
-69
-106
-91
-69
-51
-51
-67
-86
-103
-100
-104
-133
-202
-296
-393
-460
-476
-470
-464
-454
-430
-400
-349
-282
-225
-201
-220
-253
-298
-338
-378
-386
-373
-329
-263
-214
-177
-165
-156
-160
-174
-210
-267
-329
-382
-419
-455
-494
-514
-493
-427
-295
-155
-26
16
-14
-3
71
211
370
479
530
503
437
373
326
372
475
599
681
687
667
652
652
662
623
530
444
359
298
248
189
127
16
-91
-170
-225
-190
-52
100
171
152
83
-19
-90
-70
-7
61
97
142
161
176
168
148
133
140
160
155
126
103
133
174
214
231
225
190
149
111
62
-19
-108
-204
-278
-303
-282
-237
-181
-131
-144
-191
-238
-264
-274
-289
-316
-357
-388
-402
-409
-409
-390
-360
-341
-297
-234
-168
-152
-180
-230
-280
-322
-376
-394
-401
-356
-290
-245
-256
-285
-292
-301
-284
-264
-253
-271
-304
-321
-338
-288
-209
-134
-119
-179
-147
-60
129
337
501
616
633
632
597
533
480
481
520
533
531
498
510
551
607
622
547
473
371
316
260
176
112
40
-27
-137
-245
-302
-300
-246
-199
-126
-65
-34
-33
-5
41
56
104
141
183
234
301
361
341
276
188
89
13
25
100
167
190
155
120
97
84
92
88
79
52
10
-87
-213
-303
-379
-418
-393
-298
-205
-139
-99
-101
-118
-150
-182
-232
-294
-335
-340
-306
-261
-247
-268
-282
-260
-228
-211
-214
-219
-241
-294
-337
-370
-380
-389
-366
-332
-321
-339
-401
-447
-456
-391
-311
-270
-267
-261
-228
-178
-112
-65
-23
-75
-161
-175
-107
80
292
498
675
738
742
706
662
612
552
516
448
387
350
391
465
540
555
513
444
341
303
263
204
124
-11
-143
-277
-349
-341
-288
-209
-133
-59
-49
-58
-42
12
85
122
140
170
210
309
409
491
463
358
231
130
70
56
129
223
234
99
-16
-84
-127
-79
40
110
89
-40
-177
-278
-326
-354
-346
-280
-226
-170
-110
-75
-86
-139
-179
-154
-147
-170
-144
-113
-94
-98
-150
-229
-302
-326
-271
-183
-122
-40
-13
-89
-220
-350
-494
-639
-687
-684
-636
-534
-382
-243
-178
-175
-225
-299
-431
-476
-408
-327
-209
-35
88
152
102
-36
-99
-45
161
429
655
782
829
779
636
482
414
370
444
587
651
579
453
405
337
158
-3
-32
8
123
189
207
201
65
-106
-226
-271
-235
-203
-194
-199
-189
-167
-126
-63
100
299
391
373
303
286
353
421
358
332
351
343
264
165
108
105
93
20
-66
-127
-137
-116
-74
-36
-6
-34
-68
-107
-128
-159
-188
-216
-261
-293
-287
-190
-82
9
42
-30
-162
-237
-214
-150
-87
-46
14
38
-65
-191
-261
-312
-265
-168
-115
-121
-207
-294
-363
-487
-588
-607
-574
-488
-400
-370
-369
-389
-416
-450
-480
-451
-332
-234
-187
-137
-134
-188
-172
-66
21
53
35
154
236
341
467
540
654
730
784
742
661
594
558
496
341
215
164
137
169
167
168
166
195
158
107
109
74
33
-124
-232
-300
-318
-216
-90
-6
5
5
-15
-57
-60
-49
70
246
395
475
514
546
508
401
334
370
393
342
218
47
-59
-121
-190
-237
-241
-152
-30
35
12
-27
-63
-96
-120
-187
-223
-200
-142
-94
-106
-136
-123
-68
-20
13
21
11
16
-1
-68
-143
-175
-127
-70
-24
-35
-83
-136
-193
-282
-400
-459
-441
-484
-596
-609
-521
-397
-345
-355
-314
-297
-304
-348
-397
-415
-447
-425
-257
-136
-170
-210
-197
-220
-205
-137
-92
-42
80
317
366
278
184
275
474
568
599
723
914
851
764
622
331
55
-218
-260
-114
-89
-22
47
127
171
164
175
184
145
123
208
128
-1
-69
-143
-209
-209
-57
128
256
344
365
357
324
305
290
319
389
519
590
509
355
201
54
-60
-61
-62
-109
-119
-84
-46
-17
-24
-9
10
-16
-79
-129
-222
-279
-214
-126
-53
-49
-44
1
12
-65
-128
-133
-84
4
58
54
-29
-149
-228
-286
-376
-375
-220
-79
-50
-55
-99
-224
-339
-396
-479
-563
-530
-391
-298
-340
-410
-425
-442
-428
-371
-274
-173
-78
-25
-45
-173
-318
-376
-381
-318
-247
-143
-67
58
174
183
151
208
336
465
548
582
595
573
500
426
396
340
328
337
358
346
324
320
350
359
331
266
148
-17
-118
-135
-118
-78
-44
-79
-169
-252
-331
-386
-354
-240
-131
-91
-82
-29
27
45
63
112
151
191
281
405
431
330
179
44
-32
-97
-138
-94
40
207
299
238
142
53
-24
-43
-47
-72
-56
-45
-54
-25
-14
-14
23
69
127
195
224
226
187
119
41
-9
-15
39
108
152
172
155
90
-19
-125
-178
-208
-264
-328
-361
-374
-397
-399
-383
-357
-340
-354
-379
-396
-387
-366
-331
-294
-345
-452
-507
-510
-517
-477
-379
-274
-222
-202
-207
-244
-310
-360
-345
-226
-33
157
351
447
445
367
280
146
88
81
104
243
390
485
466
438
452
461
460
487
469
382
276
185
85
16
-99
-190
-175
-81
29
86
118
78
50
42
7
-11
28
106
184
209
149
68
20
-58
-114
-118
-89
-44
15
56
90
154
239
308
294
218
127
72
106
156
121
47
-16
-43
-87
-95
-24
89
196
238
230
159
92
33
-32
-88
-82
18
94
133
200
232
217
198
157
51
-81
-134
-178
-234
-220
-149
-87
-79
-123
-175
-208
-218
-178
-166
-210
-246
-287
-330
-408
-492
-522
-501
-453
-417
-441
-512
-575
-559
-518
-443
-342
-233
-124
-24
32
-5
-97
-207
-282
-324
-308
-269
-200
-116
24
160
259
338
377
394
399
374
346
365
363
365
335
292
266
204
101
84
159
231
241
164
98
73
80
92
111
133
203
267
243
194
194
166
105
54
-36
-114
-128
-139
-141
-93
-12
64
107
124
147
156
156
166
144
64
-26
-104
-134
-96
-52
5
73
129
198
229
197
168
111
63
8
-7
32
115
209
278
312
314
312
245
151
100
92
70
30
-26
-61
-50
-31
-3
44
64
79
111
111
105
92
40
-113
-262
-364
-397
-354
-267
-170
-115
-120
-169
-255
-345
-394
-430
-465
-454
-398
-342
-273
-186
-149
-173
-204
-237
-322
-423
-478
-482
-486
-425
-331
-242
-175
-68
63
137
163
117
-21
-198
-311
-362
-379
-386
-310
-161
-2
124
202
199
114
38
19
52
105
218
381
475
482
446
360
251
164
107
74
73
82
102
132
144
143
152
176
214
226
213
206
198
164
97
-16
-127
-179
-186
-134
-21
88
143
164
152
125
96
28
-50
-95
-74
20
117
156
188
214
187
133
94
79
46
-21
-46
-23
-42
-59
-7
67
126
154
169
169
162
154
158
154
120
114
113
100
98
111
110
62
18
-24
-90
-142
-146
-58
50
129
179
181
140
69
5
-75
-154
-205
-231
-232
-239
-221
-182
-165
-172
-163
-119
-84
-48
-18
-27
-64
-84
-99
-165
-245
-286
-334
-385
-375
-291
-211
-200
-235
-257
-268
-287
-290
-256
-195
-121
-23
19
-1
-34
-91
-168
-265
-317
-401
-477
-452
-372
-279
-142
73
245
305
272
181
88
37
20
8
8
42
133
279
382
404
390
376
326
255
180
95
65
93
141
186
228
248
223
201
180
158
158
156
121
71
33
-45
-136
-196
-234
-246
-189
-83
7
92
181
265
308
301
275
195
74
-25
-84
-85
-8
111
211
224
191
184
158
85
17
-12
-38
-49
-1
71
123
173
242
241
170
107
30
-68
-143
-134
-129
-142
-69
60
156
198
233
287
284
203
77
-62
-183
-233
-186
-121
-74
-26
37
42
-37
-149
-271
-366
-335
-190
-59
19
86
122
97
19
-62
-121
-176
-230
-264
-253
-213
-168
-118
-109
-122
-99
-45
2
30
43
44
30
-31
-154
-301
-400
-395
-320
-235
-181
-156
-142
-153
-185
-244
-332
-440
-526
-525
-472
-372
-251
-171
-112
-67
-59
-86
-78
-21
31
32
-3
6
10
15
86
224
364
441
477
489
452
359
256
169
115
119
164
226
299
310
233
110
1
-90
-174
-221
-179
-50
96
167
193
219
186
125
95
67
25
3
27
59
67
69
93
131
164
220
282
307
305
306
282
212
134
62
-6
-65
-112
-161
-214
-219
-165
-133
-172
-217
-231
-241
-246
-193
-94
-8
61
135
196
163
125
113
83
54
58
66
57
111
170
187
217
274
304
294
248
198
165
138
97
23
-44
-79
-56
9
74
92
99
76
8
-90
-187
-275
-323
-290
-245
-196
-105
-16
-6
-16
-18
-21
-17
-26
-54
-87
-122
-201
-301
-359
-395
-420
-367
-242
-118
-31
29
68
63
-9
-131
-277
-423
-523
-544
-469
-338
-220
-153
-142
-189
-226
-273
-341
-381
-352
-307
-297
-245
-176
-122
-71
14
65
56
64
73
65
61
54
36
40
140
307
471
573
618
636
583
427
246
137
121
134
159
194
214
217
196
125
13
-104
-198
-212
-143
-54
-13
22
82
126
117
71
42
34
26
-9
-49
-70
-93
-115
-75
29
124
180
225
281
346
395
395
339
224
84
-16
-64
-48
28
117
165
173
157
105
15
-88
-162
-195
-178
-126
-72
-4
96
175
191
156
82
-18
-78
-60
-1
27
12
18
49
57
91
190
284
301
257
185
109
24
-34
-48
-23
27
83
147
179
117
-26
-170
-272
-339
-359
-321
-240
-146
-66
-15
0
-25
-87
-143
-144
-121
-108
-92
-74
-85
-132
-187
-222
-182
-103
-36
18
75
135
184
173
91
-16
-87
-120
-161
-252
-358
-386
-324
-244
-227
-272
-308
-324
-345
-376
-395
-364
-300
-239
-182
-144
-157
-180
-180
-222
-301
-329
-329
-339
-316
-264
-216
-108
74
225
289
282
244
207
160
92
13
-24
35
185
371
499
541
520
449
323
185
80
-8
-69
-45
51
149
229
297
305
270
255
242
213
184
139
88
36
-56
-142
-168
-174
-150
-58
70
188
273
313
320
293
221
116
21
-46
-84
-78
-24
44
96
109
74
15
-38
-80
-131
-155
-104
-41
-35
-40
-13
-2
-11
-4
-26
-81
-127
-152
-170
-184
-184
-156
-91
18
147
252
298
291
254
184
84
19
42
116
173
216
269
278
212
133
46
-72
-169
-194
-158
-80
6
67
113
143
126
80
52
38
15
-13
-72
-161
-239
-291
-325
-280
-165
-81
-61
-54
-16
42
73
55
-10
-77
-126
-164
-181
-159
-110
-61
-35
-38
-74
-126
-181
-226
-241
-223
-192
-157
-134
-121
-90
-76
-123
-176
-206
-268
-329
-335
-291
-266
-302
-341
-343
-343
-284
-162
-69
-40
-61
-103
-157
-213
-218
-190
-142
-42
135
305
345
276
188
103
19
-46
-65
-19
100
257
376
427
421
395
362
319
270
220
188
182
175
128
45
-28
-36
26
102
144
171
218
276
305
273
196
124
82
52
20
-22
-64
-37
37
67
41
-3
-25
-22
-9
17
58
114
150
161
169
156
99
29
-12
-44
-85
-109
-123
-136
-125
-108
-101
-54
9
43
43
31
3
-56
-145
-229
-276
-229
-93
65
201
280
267
193
100
-6
-85
-94
-59
-14
17
47
86
135
189
247
279
264
216
198
206
160
38
-103
-227
-295
-301
-263
-195
-91
39
148
182
154
92
6
-91
-173
-220
-232
-203
-135
-50
9
26
2
-40
-81
-122
-157
-149
-72
34
76
47
18
9
-13
-39
-73
-132
-210
-258
-282
-305
-326
-327
-304
-231
-128
-71
-90
-146
-233
-337
-395
-370
-305
-256
-203
-111
-19
3
-56
-150
-227
-295
-329
-297
-250
-221
-151
-29
77
149
202
234
253
267
262
236
191
119
38
-27
-59
-26
75
177
224
214
188
199
246
270
229
162
122
128
164
208
216
179
133
117
112
95
57
16
9
60
136
187
190
145
113
148
168
126
82
24
-58
-96
-86
-70
-74
-69
-29
33
74
73
43
9
-25
-69
-130
-177
-154
-58
47
99
136
185
171
58
-63
-137
-191
-202
-141
-55
17
76
119
150
157
145
139
137
130
126
120
95
56
22
-26
-81
-102
-84
-44
4
50
90
129
153
146
100
53
40
50
30
-38
-121
-164
-153
-144
-177
-216
-223
-190
-129
-79
-61
-44
-26
-6
31
68
67
53
53
15
-83
-166
-185
-158
-111
-39
26
56
80
96
63
-17
-108
-180
-240
-298
-322
-274
-162
-55
44
119
99
-18
-127
-204
-274
-301
-293
-295
-291
-241
-158
-88
-34
34
111
150
114
51
25
25
-31
-132
-234
-300
-320
-276
-204
-114
1
125
194
203
169
110
45
5
-38
-71
-67
-8
64
114
141
150
136
105
59
45
74
139
215
266
276
291
319
314
267
228
174
80
-4
-19
10
55
120
186
204
183
160
122
35
-79
-152
-158
-113
-37
47
93
118
149
151
81
-22
-88
-134
-193
-205
-179
-150
-105
-26
40
83
126
183
209
185
139
98
69
34
-25
-75
-110
-113
-79
-38
-26
-17
-2
28
59
81
79
71
77
110
129
124
108
80
25
-25
-62
-85
-98
-88
-49
17
86
125
103
49
8
25
44
5
-38
-58
-116
-198
-258
-274
-233
-143
-31
53
56
17
-35
-114
-208
-279
-281
-213
-118
-30
45
91
135
169
111
-35
-146
-170
-185
-222
-235
-205
-142
-66
-20
-23
-31
-10
26
37
2
-61
-102
-107
-118
-147
-179
-197
-207
-206
-183
-146
-93
-47
-14
2
14
45
74
80
59
-7
-88
-143
-163
-164
-156
-139
-105
-75
-74
-76
-56
-22
9
47
80
117
168
215
216
183
122
5
-119
-136
-26
131
239
308
326
281
201
112
30
-11
-13
-10
-28
-29
27
121
209
300
361
324
196
95
45
-19
-82
-85
-67
-70
-59
-4
73
146
205
258
272
212
126
85
80
45
-39
-133
-223
-272
-237
-160
-91
-34
3
37
70
70
39
18
29
22
-30
-86
-121
-127
-101
-66
-29
13
34
25
8
-4
18
79
140
166
174
202
221
182
108
17
-101
-174
-147
-70
1
59
109
129
102
53
-14
-110
-201
-234
-193
-118
-50
5
42
76
116
138
98
8
-54
-85
-160
-249
-267
-216
-142
-69
-11
28
74
128
151
124
78
35
-1
-33
-89
-176
-238
-248
-212
-183
-188
-208
-199
-171
-151
-138
-116
-94
-69
-28
4
-10
-45
-83
-123
-143
-153
-165
-161
-122
-73
-22
32
74
95
88
55
54
68
43
-10
-42
-90
-144
-175
-165
-128
-74
26
160
232
208
140
42
-65
-128
-121
-68
18
122
221
298
358
377
295
132
24
-8
-39
-70
-67
-10
55
117
145
141
152
187
216
227
194
137
87
26
-34
-68
-76
-66
-51
-51
-61
-53
-8
29
45
63
90
140
182
158
74
-7
-62
-106
-120
-97
-74
-66
-64
-92
-139
-147
-94
-28
18
45
56
59
76
91
62
9
-20
-69
-137
-140
-63
52
145
193
196
158
93
13
-72
-119
-124
-119
-132
-144
-86
38
160
264
316
248
93
-25
-70
-124
-191
-186
-133
-99
-84
-72
-46
24
132
197
202
165
92
52
50
17
-58
-133
-180
-206
-203
-175
-144
-102
-75
-60
-12
48
76
69
40
-19
-100
-155
-185
-204
-196
-156
-110
-89
-111
-166
-188
-150
-108
-73
-38
-13
1
10
19
13
-20
-71
-132
-184
-201
-178
-136
-80
-11
40
50
8
-62
-140
-222
-259
-249
-193
-109
-46
13
87
155
182
133
46
-12
-24
-55
-112
-125
-68
20
91
144
185
218
266
332
358
324
268
228
205
175
110
37
-8
4
35
33
-19
-53
-10
55
104
129
124
98
93
100
79
45
21
8
-3
-16
-30
-41
-54
-63
-33
37
95
127
136
129
123
126
112
55
-3
-40
-101
-165
-193
-185
-135
-43
79
170
164
82
-19
-111
-199
-257
-250
-177
-51
86
174
211
237
232
137
8
-58
-94
-143
-149
-106
-49
16
62
72
73
110
174
217
206
125
23
-41
-68
-86
-106
-116
-106
-81
-70
-89
-95
-85
-62
-16
30
51
55
55
37
-23
-85
-101
-88
-53
-17
-25
-81
-149
-193
-199
-167
-91
-3
64
97
113
96
51
-1
-53
-88
-101
-111
-138
-137
-80
4
89
134
111
45
-42
-130
-217
-267
-279
-278
-257
-183
-52
72
157
239
271
182
19
-100
-150
-195
-207
-168
-133
-124
-98
-53
-25
13
74
109
103
67
-4
-69
-92
-74
-52
-46
-68
-106
-143
-172
-176
-115
-10
87
175
230
224
185
139
80
48
51
84
109
115
99
74
57
42
30
39
73
115
157
202
226
195
149
84
21
-19
-57
-77
-32
39
47
13
-2
26
47
46
11
-45
-106
-159
-176
-156
-105
-34
42
119
199
237
208
124
33
-19
-50
-116
-192
-211
-145
-56
-10
12
31
45
56
93
118
110
91
97
123
125
72
-13
-105
-159
-154
-123
-109
-87
-10
76
109
90
52
13
19
59
83
68
57
57
42
-11
-88
-155
-187
-163
-99
-19
46
90
119
98
31
-26
-65
-94
-108
-100
-105
-142
-177
-187
-165
-100
3
93
113
64
-18
-108
-195
-256
-257
-187
-64
65
151
199
204
149
29
-91
-157
-203
-242
-235
-182
-107
-40
-8
-7
-17
4
60
121
140
113
56
5
-26
-29
-37
-69
-98
-96
-63
-36
-30
-34
-9
21
25
-6
-41
-59
-46
-26
-1
47
85
68
-4
-103
-199
-268
-258
-175
-50
86
188
239
227
179
109
50
38
61
74
88
103
106
90
96
136
197
234
209
147
90
9
-106
-206
-257
-249
-195
-84
60
176
231
260
242
124
-41
-145
-176
-164
-124
-65
-29
-8
29
58
55
63
123
199
247
244
186
117
96
101
85
3
-94
-140
-111
-67
-52
-54
-46
-25
7
36
36
29
37
53
52
41
17
-13
-25
-43
-90
-126
-119
-73
4
80
134
169
178
161
121
80
45
5
-29
-43
-44
-48
-37
-5
1
-8
2
16
-8
-84
-167
-238
-302
-327
-276
-185
-106
-41
32
99
120
86
37
-1
-30
-49
-67
-103
-131
-116
-83
-72
-75
-72
-55
-20
21
84
144
147
116
80
44
-2
-70
-138
-193
-214
-168
-112
-116
-138
-116
-74
-48
-58
-66
-46
3
62
103
98
71
40
-6
-71
-139
-170
-163
-125
-69
-9
32
65
93
91
47
-9
-56
-75
-77
-83
-91
-85
-109
-135
-127
-58
46
155
212
185
87
-15
-87
-134
-137
-66
58
178
274
319
320
261
168
69
-5
-57
-60
-39
-7
9
24
29
14
4
24
76
145
190
183
129
47
-25
-65
-81
-88
-78
-46
14
49
39
8
-5
-4
-8
-17
-22
-16
30
93
131
120
85
35
-53
-141
-189
-220
-245
-230
-167
-79
11
97
148
127
61
5
-42
-88
-123
-115
-64
37
162
239
223
209
229
252
219
139
42
-82
-169
-166
-116
-68
-20
76
196
252
240
186
84
-52
-137
-165
-177
-189
-183
-148
-99
-49
-27
-55
-70
-16
70
130
141
107
65
36
7
-26
-52
-60
-39
-15
-43
-107
-148
-145
-115
-87
-79
-63
-24
27
50
19
-30
-77
-128
-179
-238
-286
-275
-217
-144
-70
5
75
112
122
101
63
30
-5
-42
-65
-66
-13
50
78
97
92
49
19
18
-11
-78
-158
-226
-285
-297
-229
-125
-63
-37
10
58
48
-11
-64
-85
-64
-5
39
16
-63
-107
-78
-37
-23
-29
-9
60
168
274
329
308
257
228
209
169
115
86
94
113
125
91
11
-46
-56
-46
-19
18
50
81
110
138
162
145
81
-7
-91
-160
-189
-179
-154
-108
-40
29
92
145
169
146
97
52
3
-40
-53
-61
-64
-28
-3
-32
-55
-20
57
108
90
21
-50
-102
-149
-196
-212
-176
-85
28
116
148
120
53
-16
-36
-27
-19
-33
-76
-91
-82
-15
47
70
90
120
171
221
262
251
197
127
55
-14
-37
-32
4
57
107
95
43
-44
-97
-114
-107
-88
-59
-17
31
86
115
86
1
-95
-188
-255
-285
-276
-250
-195
-103
-8
40
75
87
55
-10
-74
-141
-196
-191
-129
-66
6
88
118
80
33
30
27
-23
-111
-196
-276
-296
-238
-154
-103
-73
-24
48
100
108
79
14
-55
-97
-118
-147
-168
-160
-124
-76
-39
-42
-64
-58
-7
56
96
108
87
44
14
11
24
38
25
-6
-44
-78
-96
-92
-70
-53
-41
-15
41
137
239
281
264
190
85
-19
-93
-106
-70
-24
18
55
107
170
225
230
189
131
85
73
60
26
-14
-18
28
73
82
95
103
72
28
-10
-60
-116
-172
-207
-213
-172
-86
-13
-1
4
55
98
81
28
-5
6
44
68
51
-13
-74
-84
-63
-68
-107
-126
-80
6
91
150
156
114
84
88
78
46
25
40
65
58
-12
-117
-192
-188
-142
-92
-33
45
134
223
277
270
214
133
49
-23
-86
-128
-124
-91
-47
7
60
97
131
158
144
91
24
-29
-57
-55
-38
-47
-62
-44
-33
-68
-110
-103
-53
-13
-5
-28
-79
-127
-140
-130
-122
-107
-58
14
65
67
35
-6
-40
-50
-41
-53
-90
-128
-138
-110
-79
-71
-60
-20
30
75
105
110
92
53
8
-31
-38
0
40
51
34
-6
-62
-118
-149
-150
-118
-61
11
85
136
155
145
83
-17
-104
-158
-192
-217
-222
-211
-179
-95
5
65
70
38
-14
-64
-93
-115
-141
-142
-69
33
108
163
167
119
68
50
38
-11
-79
-122
-132
-110
-48
23
47
48
79
136
162
135
89
55
39
27
16
-6
-26
-25
18
76
96
65
24
22
60
112
147
152
139
129
137
136
118
98
82
60
13
-66
-142
-170
-139
-84
-38
1
68
150
181
147
81
5
-70
-126
-154
-162
-154
-129
-76
-13
30
56
73
78
78
65
43
15
-8
-25
-26
10
72
110
117
123
99
27
-48
-97
-120
-127
-140
-157
-155
-116
-52
-19
-37
-53
-34
-16
-25
-44
-37
0
35
34
-14
-93
-146
-132
-89
-84
-116
-137
-114
-43
18
33
35
43
58
70
68
61
49
21
-26
-85
-163
-245
-282
-261
-217
-147
-34
75
146
165
126
76
9
-47
-100
-135
-150
-132
-99
-64
-27
-11
51
120
57
-25
-4
64
104
43
-21
-11
28
24
27
32
-15
-149
-184
-71
-23
-59
-22
18
-23
3
61
-16
-152
-165
-54
25
39
96
169
199
165
97
186
237
151
202
244
172
1
-251
-290
-183
-181
-179
-161
-72
80
183
287
319
238
268
300
176
30
-58
-79
-75
-40
41
125
226
313
318
297
260
162
60
-2
-28
-28
-77
-160
-165
-134
-124
-86
-53
-58
-70
-78
-122
-200
-238
-211
-164
-107
-45
8
45
45
14
-33
-84
-99
-96
-103
-122
-152
-151
-104
-67
-50
-63
-51
-18
11
26
35
34
10
-3
-3
-39
-91
-98
-20
87
141
118
55
24
21
43
64
83
134
210
255
270
266
253
212
152
86
9
-81
-127
-100
-31
29
81
143
215
253
233
181
121
52
-16
-70
-121
-156
-159
-137
-117
-88
-36
22
45
28
-15
-65
-108
-133
-147
-143
-124
-74
-27
-33
-55
-85
-149
-201
-214
-214
-226
-255
-274
-273
-236
-176
-141
-152
-156
-133
-97
-81
-86
-97
-74
-27
-5
-15
-45
-63
-39
-11
-31
-64
-95
-121
-122
-89
-24
64
149
225
260
235
185
137
85
35
-28
-114
-186
-194
-140
-58
19
108
209
241
227
204
170
128
91
41
8
-35
-48
-14
31
71
103
107
108
117
108
85
49
19
15
3
4
41
70
66
51
14
-71
-132
-118
-53
-12
2
14
16
-15
-52
-72
-94
-97
-68
-19
39
86
101
93
84
68
52
11
-51
-76
-47
4
41
48
22
-23
-35
9
79
139
185
204
199
190
152
93
38
-16
-80
-124
-116
-84
-54
-19
31
76
88
71
57
43
35
21
-26
-89
-137
-166
-184
-186
-152
-98
-58
-23
-8
-41
-101
-154
-191
-199
-166
-123
-70
8
63
65
47
6
-76
-142
-143
-105
-100
-129
-139
-123
-104
-91
-90
-97
-105
-89
-44
-16
-16
-25
-33
-40
-26
-12
-11
-17
2
35
50
44
20
-20
-55
-72
-67
-30
38
126
214
255
230
169
106
43
-26
-92
-134
-140
-122
-76
-19
37
91
138
159
148
131
127
119
91
39
-10
-37
-50
-35
-15
15
69
116
135
112
58
12
-21
-26
5
24
45
87
139
143
92
53
42
30
21
-11
-57
-100
-121
-117
-90
-47
5
39
43
35
34
19
-7
-15
-6
42
95
120
104
60
20
-20
-68
-91
-95
-111
-139
-146
-95
2
110
196
241
244
206
140
81
15
-67
-158
-234
-257
-222
-168
-107
-17
84
144
156
140
113
76
35
-17
-89
-142
-146
-104
-43
4
46
91
106
87
42
-6
-25
-13
7
-3
-36
-34
18
54
37
3
-42
-82
-83
-57
-42
-40
-30
-14
-15
-35
-46
-49
-49
-49
-42
-17
11
19
20
18
15
11
1
-32
-65
-66
-48
-45
-57
-76
-108
-133
-106
-40
36
116
176
188
166
113
37
-30
-82
-127
-162
-172
-146
-93
-38
9
49
79
88
65
40
43
35
4
-32
-60
-86
-97
-93
-75
-50
-36
-30
-26
-42
-64
-79
-80
-63
-28
3
11
18
60
102
102
63
13
-39
-73
-75
-78
-84
-86
-67
-40
-22
-18
-17
-11
6
-1
-29
-68
-98
-87
-52
-25
9
50
72
71
62
50
23
-15
-73
-131
-149
-113
-47
41
121
183
225
232
206
144
58
-36
-111
-148
-150
-132
-106
-74
-28
37
111
155
157
134
109
77
40
3
-28
-40
-53
-62
-53
-12
55
114
134
119
95
77
66
60
56
45
39
52
79
98
98
79
58
54
42
-6
-68
-121
-150
-148
-117
-71
-34
-22
-20
-14
-14
-48
-90
-102
-65
-11
30
56
59
39
8
-38
-94
-136
-164
-186
-189
-164
-113
-38
41
104
146
159
133
90
44
-8
-69
-133
-189
-218
-202
-149
-87
-21
58
125
148
120
73
30
5
-13
-29
-47
-55
-44
-16
24
55
71
65
42
15
-4
-19
-16
2
12
-6
-24
-15
19
26
3
-24
-47
-82
-110
-110
-91
-65
-45
-38
-35
-19
-4
4
-11
-43
-59
-51
-40
-19
8
36
63
80
68
28
-15
-39
-49
-59
-60
-54
-44
-14
43
108
174
220
233
214
168
98
31
-9
-24
-34
-37
-20
15
60
88
103
116
119
101
70
52
56
64
51
24
2
-16
-34
-51
-66
-68
-66
-65
-57
-46
-38
-34
-29
-17
-3
-11
-33
-22
30
73
71
40
3
-39
-72
-83
-78
-69
-55
-29
1
21
19
-4
-32
-51
-64
-79
-77
-59
-29
5
39
76
95
78
45
15
-9
-29
-47
-69
-88
-83
-44
30
113
173
196
191
182
156
103
30
-44
-101
-138
-149
-147
-150
-138
-97
-39
18
51
59
54
29
-12
-67
-119
-152
-176
-197
-204
-179
-117
-49
-15
-14
-19
-21
-28
-36
-34
-29
-39
-56
-57
-36
-10
17
35
39
22
-13
-60
-108
-147
-163
-146
-107
-54
-10
5
-12
-27
-38
-61
-92
-83
-27
47
102
134
131
102
56
16
-23
-58
-79
-81
-61
-30
5
64
142
211
241
215
165
122
91
58
13
-40
-77
-98
-98
-78
-42
5
56
105
135
127
99
70
50
32
14
-7
-21
-14
16
49
56
44
25
17
13
7
10
27
55
74
51
9
-24
-18
11
11
-20
-46
-68
-96
-119
-116
-91
-60
-30
-1
21
22
7
-27
-71
-102
-102
-77
-35
11
45
66
72
51
17
-23
-56
-71
-74
-71
-53
-16
20
49
74
106
133
144
120
81
49
28
11
2
-13
-31
-50
-52
-39
-21
-1
25
49
59
57
47
38
31
24
15
10
-5
-32
-61
-78
-87
-87
-93
-96
-85
-49
-5
29
50
53
30
-7
-33
-24
12
38
42
38
31
8
-29
-58
-63
-51
-23
7
18
14
1
-28
-55
-65
-66
-61
-39
-5
15
26
49
79
98
88
44
-10
-38
-31
-23
-29
-38
-32
-3
39
85
120
127
121
127
145
134
81
21
-36
-100
-153
-180
-190
-176
-132
-59
12
57
82
88
69
24
-34
-81
-111
-138
-164
-174
-157
-111
-50
-1
30
51
64
62
43
19
-11
-37
-53
-49
-27
2
25
47
59
50
20
-28
-77
-117
-135
-121
-83
-43
-14
4
6
2
-10
-33
-59
-63
-34
10
51
79
89
82
56
13
-40
-80
-94
-83
-57
-28
-2
21
53
91
123
128
102
81
86
88
60
2
-53
-84
-91
-89
-83
-60
-9
46
87
109
103
77
42
18
16
19
5
-17
-23
-4
3
-10
-22
-13
7
20
23
30
50
63
43
1
-42
-59
-39
-12
-9
-24
-42
-73
-112
-125
-104
-69
-35
-16
-7
-3
-9
-34
-70
-101
-112
-98
-65
-25
7
29
38
27
4
-24
-59
-91
-103
-84
-43
-3
15
21
36
57
73
80
76
67
70
82
76
48
12
-20
-47
-67
-73
-59
-22
27
67
80
76
69
63
52
38
24
18
12
0
-25
-64
-92
-95
-82
-71
-62
-44
-9
30
58
53
13
-30
-42
-25
11
42
60
62
45
3
-49
-81
-71
-32
6
27
30
20
1
-24
-52
-74
-78
-56
-20
10
22
35
67
93
90
57
14
-15
-17
0
16
17
18
24
33
40
51
77
116
146
166
172
158
124
75
13
-57
-113
-140
-142
-127
-86
-22
48
99
131
137
109
56
1
-46
-81
-114
-140
-149
-134
-96
-51
-19
2
34
76
94
71
23
-28
-59
-63
-50
-38
-21
11
49
57
24
-32
-84
-122
-147
-149
-123
-80
-36
-6
-4
-27
-49
-58
-68
-78
-69
-41
-4
29
51
59
47
25
-11
-52
-82
-93
-78
-51
-22
7
28
43
63
83
81
62
47
51
50
26
-7
-30
-47
-68
-94
-105
-83
-34
14
45
61
69
68
55
39
31
26
11
-9
-17
-27
-32
-25
-5
13
14
11
31
66
93
88
60
34
10
-14
-26
-24
-26
-43
-57
-62
-69
-60
-25
18
41
40
32
21
6
-15
-37
-52
-52
-30
4
26
37
50
57
45
16
-20
-57
-91
-96
-65
-15
40
74
76
58
31
9
1
12
42
80
112
122
98
56
-3
-74
-131
-142
-111
-49
14
47
53
62
65
30
-31
-72
-73
-58
-43
-27
-9
0
-5
-29
-80
-152
-205
-212
-175
-110
-35
29
65
77
80
49
-8
-49
-65
-67
-70
-84
-102
-96
-53
6
44
45
24
2
-16
-27
-38
-54
-72
-78
-68
-57
-43
3
100
199
242
209
114
-5
-108
-183
-219
-194
-114
-21
60
137
208
258
264
214
118
7
-89
-145
-149
-119
-75
-31
14
41
46
45
49
43
35
28
25
23
26
28
17
-9
-42
-76
-99
-103
-68
-8
39
57
60
47
7
-38
-59
-44
7
62
98
104
93
74
47
-1
-52
-82
-74
-41
-3
29
52
58
45
19
-4
-10
1
9
7
10
22
32
38
35
28
12
-16
-45
-66
-83
-81
-34
35
72
58
6
-64
-118
-132
-110
-66
5
96
179
214
182
92
-32
-150
-227
-258
-227
-134
-1
112
158
148
105
32
-50
-87
-70
-42
-20
-7
-9
-29
-49
-58
-69
-73
-51
3
68
101
85
50
22
-5
-47
-96
-121
-105
-64
-25
-3
3
2
5
8
-10
-57
-88
-76
-50
-16
30
80
115
104
40
-55
-131
-148
-112
-59
17
111
188
209
145
13
-121
-197
-204
-125
5
129
213
242
208
128
23
-55
-78
-54
-9
35
57
56
25
-24
-65
-71
-39
24
100
161
182
141
74
20
-23
-55
-59
-30
23
62
54
-9
-94
-154
-172
-142
-82
-30
11
53
81
76
40
-1
-20
-24
-25
-26
-44
-67
-80
-63
-20
23
58
83
69
9
-69
-132
-157
-141
-82
8
94
149
156
100
2
-92
-151
-162
-135
-84
-22
24
45
29
-27
-76
-77
-31
36
96
134
145
113
25
-82
-157
-175
-135
-57
19
55
47
14
-12
-23
-18
5
46
85
95
61
-4
-76
-129
-157
-163
-129
-59
3
30
34
30
19
-3
-17
8
63
100
89
37
-23
-63
-72
-62
-47
-28
-3
10
14
22
22
4
-19
-33
-32
-12
19
30
27
31
28
16
10
-5
-23
-36
-59
-75
-41
44
116
139
116
40
-81
-196
-250
-206
-86
66
213
307
293
170
17
-98
-171
-198
-164
-88
14
112
155
109
16
-72
-130
-102
26
177
254
227
131
-2
-141
-248
-255
-147
-8
101
172
195
170
115
39
-56
-125
-125
-82
-34
13
51
59
36
-14
-66
-100
-110
-85
-25
33
45
13
-15
-26
-21
-11
-12
-21
-9
30
65
60
-12
-95
-139
-210
-278
-195
5
159
210
201
145
29
-115
-215
-183
-47
104
230
284
219
103
-8
-101
-112
-53
9
42
25
-23
-98
-181
-153
-38
56
150
184
91
-11
-85
-164
-172
-109
-20
74
103
64
13
-37
-49
-13
32
48
18
4
1
-45
-65
-21
24
32
37
77
110
81
41
-6
-106
-190
-197
-202
-206
-96
82
163
99
-12
-90
-163
-181
-57
98
165
178
152
65
-36
-81
-53
-2
31
70
100
52
-25
-39
-18
11
55
104
146
159
136
100
78
40
-49
-153
-216
-233
-208
-137
-21
106
162
105
20
15
56
21
-65
-68
-34
-87
-184
-171
-52
33
21
10
42
77
120
134
55
-25
-18
-43
-140
-129
20
106
61
25
-4
-117
-199
-132
-26
14
22
35
18
-22
-27
-2
-5
-45
-62
-53
-57
-23
54
68
11
-11
15
36
70
136
191
195
137
-27
-244
-381
-365
-235
-81
57
172
232
195
114
68
46
-14
-99
-136
-128
-156
-204
-168
-32
100
120
108
145
170
155
136
81
-32
-118
-155
-220
-241
-123
7
8
-17
31
56
19
2
14
4
-20
-12
5
-22
-39
2
37
20
-13
-41
-82
-96
-52
-8
-26
-36
20
69
85
117
144
138
95
-9
-152
-234
-232
-215
-166
-55
48
86
72
44
33
63
124
142
76
-21
-90
-161
-210
-118
66
162
166
199
240
206
146
113
25
-116
-177
-201
-272
-219
5
173
188
164
146
62
-57
-92
-41
5
27
57
64
10
-30
-14
-11
-58
-93
-99
-88
-29
51
84
61
36
31
23
29
88
160
165
68
-83
-193
-248
-278
-268
-189
-94
-40
10
85
153
208
250
238
143
-13
-125
-172
-233
-219
-49
126
147
103
139
168
125
117
112
-13
-133
-132
-132
-187
-156
-13
75
48
26
31
-22
-75
-53
-27
-48
-62
-12
36
46
93
157
126
30
-36
-81
-101
-67
-19
-12
-8
25
31
24
83
188
253
219
97
-48
-176
-259
-261
-198
-123
-68
-2
67
97
127
169
174
129
57
-19
-98
-203
-260
-173
-28
33
35
74
108
84
85
144
125
7
-61
-67
-123
-163
-67
73
131
101
58
7
-73
-112
-98
-95
-74
13
79
67
58
92
88
3
-98
-161
-195
-195
-146
-81
-45
-14
35
66
89
154
227
236
151
14
-121
-232
-279
-235
-137
-42
15
53
94
138
195
252
232
137
57
0
-105
-237
-257
-137
-31
-38
-71
-20
45
37
40
83
39
-89
-145
-125
-155
-172
-48
109
153
115
73
23
-39
-72
-89
-104
-70
17
77
65
44
60
52
-8
-61
-94
-135
-140
-83
-43
-49
-34
17
45
68
126
198
204
113
-16
-123
-215
-301
-293
-164
-15
58
90
152
224
253
270
275
192
40
-77
-174
-265
-233
-66
38
-33
-86
23
101
72
114
204
159
5
-91
-144
-231
-238
-95
52
90
76
79
70
22
-30
-102
-177
-174
-92
-16
45
132
207
173
29
-128
-213
-193
-98
-14
11
2
2
-14
-35
26
152
223
181
71
-44
-144
-223
-250
-194
-82
8
57
100
145
183
203
210
169
31
-121
-199
-256
-238
-81
92
131
80
68
111
93
65
131
174
77
-71
-149
-171
-193
-147
-33
46
68
77
72
39
-8
-31
-62
-106
-94
-40
-14
14
78
115
70
-31
-101
-108
-104
-110
-93
-57
-28
-4
43
92
133
170
180
130
44
-38
-87
-109
-117
-101
-73
-72
-76
-58
-26
35
117
192
196
78
-58
-123
-180
-182
-50
88
86
23
40
80
27
-13
58
130
75
-43
-74
-54
-67
-33
47
82
68
45
24
-16
-48
-38
-34
-46
-20
4
-12
6
73
101
49
-19
-54
-71
-90
-87
-54
-46
-85
-102
-50
35
108
163
188
162
78
-57
-174
-212
-202
-170
-124
-98
-70
-12
46
76
120
182
157
31
-72
-142
-200
-150
-16
31
-41
-56
18
67
78
112
173
181
76
-34
-62
-72
-78
-21
36
38
20
9
-16
-50
-68
-82
-109
-97
-55
-38
13
119
181
146
65
-15
-79
-110
-105
-70
-20
-10
-41
-62
-49
21
152
250
261
205
84
-60
-143
-164
-165
-153
-147
-151
-151
-130
-59
56
179
223
142
15
-81
-168
-198
-129
-58
-55
-85
-83
-33
21
64
121
179
164
64
-22
-37
-36
-24
28
63
59
45
24
11
13
1
-42
-95
-110
-62
14
81
109
79
7
-66
-118
-135
-118
-92
-63
-56
-97
-137
-111
-25
99
213
272
270
198
59
-66
-141
-177
-172
-160
-148
-105
-69
-30
76
209
283
249
142
35
-66
-147
-147
-105
-89
-96
-111
-110
-54
28
82
113
139
107
-5
-114
-150
-138
-132
-90
6
91
115
115
125
114
53
-33
-106
-128
-82
11
96
132
113
67
-9
-102
-135
-101
-61
-30
-18
-56
-100
-93
-32
67
152
194
202
152
30
-88
-158
-202
-222
-215
-164
-91
-36
69
232
344
358
279
134
-6
-119
-180
-146
-73
-32
-23
-35
-47
-5
90
150
167
193
166
13
-155
-209
-213
-224
-183
-84
-3
31
53
82
89
58
-6
-83
-130
-123
-59
40
105
132
144
116
43
-28
-83
-128
-126
-94
-95
-102
-65
15
124
222
252
210
110
-21
-107
-126
-121
-122
-116
-84
-82
-117
-42
139
279
306
227
74
-66
-156
-191
-152
-75
-8
47
74
55
55
89
100
103
122
104
15
-76
-75
-60
-104
-114
-54
-8
5
25
65
82
49
-23
-102
-158
-161
-77
42
89
72
50
-7
-103
-152
-142
-131
-122
-105
-100
-84
-16
100
207
253
272
272
180
24
-76
-105
-127
-148
-134
-95
-104
-118
1
186
288
282
196
73
-40
-136
-162
-115
-78
-81
-86
-114
-152
-117
-32
20
45
84
97
52
-6
-3
31
1
-37
-1
41
52
69
88
70
14
-46
-91
-122
-84
45
166
169
102
32
-68
-170
-189
-155
-140
-139
-139
-138
-122
-84
-1
92
138
155
144
74
2
-25
-55
-103
-135
-154
-159
-163
-135
12
216
355
362
213
24
-82
-120
-134
-109
-78
-67
-51
-55
-98
-107
-48
17
81
130
130
82
15
-13
-5
-62
-145
-148
-95
-24
47
77
66
20
-41
-86
-108
-89
2
95
116
103
67
-7
-62
-61
-56
-80
-100
-102
-80
-26
29
99
169
192
182
150
79
2
-26
-28
-61
-127
-191
-231
-268
-252
-111
88
226
259
180
69
-8
-78
-126
-120
-106
-95
-74
-76
-87
-22
76
112
122
151
149
97
35
24
33
-15
-65
-52
-20
7
32
54
70
52
8
-32
-61
-48
30
87
73
38
-18
-114
-174
-139
-71
-33
-34
-60
-87
-90
-31
104
222
262
274
237
114
13
-21
-53
-106
-165
-194
-198
-213
-141
35
182
259
249
130
3
-78
-119
-111
-100
-98
-79
-63
-84
-103
-49
49
81
67
78
88
56
-1
-16
-7
-64
-131
-99
2
98
147
138
91
12
-84
-139
-143
-88
31
124
161
162
99
-21
-94
-81
-58
-77
-116
-141
-117
-55
29
125
174
183
185
126
36
-3
1
3
-41
-147
-241
-271
-263
-164
15
175
277
265
147
35
-46
-98
-97
-67
-32
-20
-34
-49
-54
-12
70
96
68
81
121
105
31
-7
3
-41
-116
-132
-92
-23
32
53
36
-45
-120
-114
-79
-35
50
119
144
160
143
74
14
-12
-41
-116
-208
-236
-186
-107
4
139
210
206
173
