-2
-8
-12
-10
-3
6
12
14
15
11
10
8
5
7
10
13
14
10
4
0
-3
-5
-5
-3
-1
7
13
12
13
9
6
3
3
7
8
14
16
21
23
20
18
13
12
9
0
-6
-10
-11
-13
-11
-12
-11
-6
-6
-5
-3
-1
-3
-6
-6
-5
-2
1
2
2
-1
-2
-3
-6
-7
-14
-19
-19
-21
-18
-14
-7
-1
3
8
9
12
10
9
9
3
-1
-7
-10
-10
-9
-6
-5
-3
-1
-2
-3
-5
-7
-8
-9
-10
-11
-10
-8
-5
-7
-10
-12
-12
-15
-17
-18
-18
-19
-20
-22
-23
-21
-17
-12
-10
-6
-6
-6
-5
-3
-5
-5
-5
-6
-9
-9
-9
-7
-7
-8
-10
-12
-14
-17
-21
-22
-22
-20
-19
-12
-7
-5
-2
-1
-2
-9
-13
-13
-17
-18
-14
-11
-10
-9
-12
-16
-16
-13
-10
-7
-6
-5
-3
-6
-4
-4
-4
-5
-7
-3
-2
3
-2
-5
-9
-10
-13
-19
-21
-19
-17
-17
-19
-18
-17
-15
-14
-14
-9
-6
-4
-6
-8
-11
-13
-13
-12
-11
-12
-14
-13
-15
-16
-16
-14
-10
-8
-5
0
3
1
0
-1
1
2
3
4
3
1
0
-4
-10
-14
-13
-8
-4
-1
-4
-3
-5
-8
-8
-10
-7
-5
-5
-5
-6
-6
-9
-12
-11
-9
-12
-13
-12
-9
-10
-14
-22
-24
-20
-16
-11
-8
-4
3
6
3
-4
-8
-9
-5
-4
-4
-5
-5
-1
2
7
12
14
15
13
13
14
10
7
2
5
7
11
11
10
13
11
10
7
8
8
11
16
16
16
15
16
15
11
13
13
18
21
18
16
11
6
1
-3
-2
-1
7
15
16
14
11
7
4
-4
-11
-12
-9
-4
-3
-4
-4
-5
-8
-11
-11
-9
-6
-9
-12
-14
-11
-6
-3
2
4
8
14
14
13
11
7
1
-2
-3
-2
-4
-4
-4
-1
3
4
5
4
7
7
1
-6
-14
-14
-13
-11
-8
-4
1
3
2
-8
-15
-19
-19
-15
-12
-6
1
10
13
10
1
-9
-18
-22
-23
-18
-13
-11
-7
-4
-5
-5
-4
-5
-5
-4
-6
-6
-9
-12
-10
-9
-7
-6
-2
4
10
12
4
-5
-8
-10
-11
-15
-15
-9
-5
-5
-6
-11
-12
-13
-11
-8
-8
-9
-14
-13
-13
-11
-9
-8
-9
-7
-6
-8
-8
-10
-12
-11
-12
-10
-6
-1
6
6
5
-7
-14
-15
-17
-14
-10
-4
-3
-6
-10
-15
-19
-18
-16
-11
-9
-9
-9
-16
-20
-24
-21
-20
-19
-10
-5
2
0
-5
-12
-16
-14
-12
-6
-4
1
5
5
0
-5
-5
-3
-2
2
4
8
12
12
11
6
1
-3
-7
-8
-10
-9
-10
-12
-9
-8
-4
1
5
6
7
7
0
-3
-8
-8
-7
-2
5
6
8
4
-2
-3
-5
-2
1
5
6
0
-2
-10
-12
-10
-6
1
2
6
4
0
-6
-16
-20
-19
-12
-5
-3
2
3
6
4
-3
-7
-9
-4
-3
-1
-1
2
9
9
11
10
9
8
2
-5
-10
-10
-9
-9
-6
-5
2
11
15
16
15
10
1
-5
-12
-13
-5
-2
2
2
2
3
2
1
-1
5
11
14
8
2
-1
-2
-2
-1
-5
-3
2
1
1
1
-2
-5
-5
-1
4
8
8
9
5
1
0
-7
-11
-13
-9
-6
-3
2
2
1
2
-2
-4
-5
-2
-1
-4
-5
-6
-6
-4
-3
-2
1
2
3
2
-3
-6
-9
-11
-7
-6
-5
0
4
6
7
8
10
8
12
14
13
4
-4
-4
-6
-5
-3
-4
-2
-1
-2
-1
0
-3
-4
-3
-5
-7
-7
-6
-5
-6
-3
0
1
-2
-6
-4
-6
-10
-13
-17
-16
-14
-13
-14
-11
-6
0
5
3
-1
-3
-7
-7
-11
-10
-2
4
6
2
-5
-13
-12
-13
-12
-6
-2
7
10
8
8
4
4
2
4
5
5
7
2
1
-4
-9
-10
-16
-20
-21
-20
-18
-18
-17
-16
-9
-3
5
9
8
10
6
1
-7
-14
-17
-19
-19
-18
-16
-16
-18
-19
-18
-14
-9
-4
4
8
8
3
-6
-7
-9
-6
-1
3
9
11
13
11
-2
-11
-16
-17
-15
-16
-10
-8
-2
-1
-2
-3
0
3
3
2
-2
-2
-3
-6
-6
-8
-4
-4
-7
-8
-11
-11
-15
-18
-19
-19
-14
-10
-6
-1
-1
4
5
4
3
-4
-8
-12
-14
-15
-14
-14
-15
-13
-13
-7
-6
-8
-8
-12
-16
-17
-17
-13
-7
-1
4
2
2
-4
-8
-16
-23
-27
-27
-23
-21
-19
-14
-11
-7
-7
-5
-1
5
9
9
5
-3
-5
-8
-7
-8
-6
-4
-4
-9
-16
-15
-17
-15
-11
-6
-2
-3
-3
-2
-1
3
2
0
1
2
3
-2
-6
-10
-12
-6
3
10
14
19
22
17
12
6
0
-3
-3
-2
-2
3
7
12
13
6
-3
-10
-10
-9
-7
-3
5
9
9
7
4
-1
-1
3
7
6
3
2
0
-1
-3
-6
-8
-10
-12
-13
-14
-13
-13
-16
-17
-20
-22
-20
-20
-21
-22
-20
-18
-17
-20
-19
-17
-16
-17
-20
-19
-17
-17
-16
-16
-16
-16
-16
-19
-26
-26
-20
-19
-17
-18
-19
-16
-12
-12
-15
-16
-18
-17
-12
-7
-6
-2
1
0
-4
-7
-9
-7
-1
3
6
9
13
16
16
17
20
24
27
27
29
34
37
37
36
38
41
45
48
47
46
45
45
44
40
43
46
46
46
45
46
45
44
45
46
43
36
33
28
23
19
13
7
6
10
12
11
10
5
2
-4
-13
-24
-32
-36
-37
-37
-37
-41
-46
-51
-56
-64
-69
-71
-70
-67
-67
-71
-73
-77
-78
-77
-75
-72
-70
-68
-68
-68
-71
-73
-76
-75
-71
-67
-61
-57
-50
-48
-47
-48
-54
-57
-54
-55
-54
-53
-49
-47
-42
-37
-34
-31
-33
-31
-32
-33
-31
-32
-29
-27
-22
-18
-12
-6
1
12
20
22
29
39
51
59
63
70
72
78
81
83
88
91
99
98
98
94
87
84
79
79
80
83
85
83
83
77
73
67
57
53
51
52
46
41
39
36
36
32
32
30
30
33
33
33
29
27
29
27
27
29
30
34
29
21
13
5
-2
-10
-18
-21
-21
-18
-14
-10
-16
-21
-27
-34
-38
-46
-47
-51
-57
-61
-64
-68
-73
-75
-80
-78
-78
-83
-86
-86
-86
-88
-92
-90
-92
-89
-88
-90
-90
-95
-95
-96
-96
-98
-101
-102
-103
-103
-102
-105
-106
-106
-111
-113
-116
-116
-117
-118
-118
-113
-104
-95
-86
-76
-64
-54
-48
-42
-33
-22
-7
9
24
43
62
81
95
107
114
122
131
139
147
157
163
162
161
156
150
143
140
140
141
139
134
126
120
121
122
116
109
104
99
93
77
68
60
53
53
50
46
37
31
28
21
14
8
4
3
3
1
1
2
5
13
19
24
29
32
35
35
29
24
15
9
1
-7
-5
-7
-7
-5
-3
-2
-6
-11
-19
-25
-29
-27
-25
-21
-19
-24
-30
-41
-54
-60
-68
-72
-75
-81
-87
-93
-101
-106
-109
-110
-113
-116
-119
-123
-127
-138
-143
-145
-151
-154
-152
-150
-149
-151
-153
-156
-157
-158
-155
-151
-146
-138
-130
-126
-122
-109
-102
-89
-73
-59
-52
-43
-28
-12
5
25
44
67
88
111
132
144
159
168
173
173
176
181
181
185
185
182
176
173
172
167
165
160
153
141
126
116
106
97
88
87
87
82
77
71
60
44
30
14
5
-2
-3
-5
-11
-15
-14
-12
-12
-4
4
10
15
18
22
19
17
17
25
34
38
42
42
33
25
14
6
-1
-1
0
2
-1
-3
-1
1
1
-7
-12
-10
-5
-4
-11
-23
-39
-53
-62
-72
-80
-83
-87
-89
-98
-109
-122
-133
-138
-142
-149
-156
-159
-165
-173
-181
-186
-191
-196
-203
-205
-206
-207
-203
-207
-212
-215
-213
-206
-198
-188
-180
-166
-154
-139
-126
-112
-92
-70
-50
-32
-14
3
27
53
76
104
128
155
176
193
209
223
236
239
235
234
235
234
232
228
221
209
205
193
182
176
167
158
145
133
120
107
88
73
65
55
41
31
23
11
-4
-19
-32
-43
-48
-49
-50
-51
-49
-38
-27
-19
-12
-1
10
21
32
52
67
75
82
92
100
106
107
105
101
98
88
73
62
52
44
34
19
7
-1
-3
-3
1
4
2
-1
-7
-15
-24
-35
-46
-59
-68
-84
-100
-110
-122
-130
-139
-151
-163
-177
-187
-197
-204
-208
-210
-209
-215
-216
-220
-228
-233
-233
-235
-237
-243
-247
-247
-243
-244
-244
-241
-234
-222
-207
-186
-162
-136
-112
-85
-55
-17
22
53
80
110
137
162
186
206
224
245
264
278
286
291
300
306
300
290
280
273
268
259
253
240
224
218
199
181
162
140
114
85
65
46
24
-1
-18
-30
-36
-44
-56
-66
-83
-101
-110
-125
-132
-126
-112
-100
-89
-73
-47
-17
10
34
56
81
107
130
149
157
165
167
166
170
171
170
166
159
152
134
116
100
84
70
52
34
15
-6
-26
-42
-60
-78
-88
-95
-96
-95
-98
-105
-112
-121
-131
-148
-165
-178
-187
-197
-209
-218
-226
-230
-232
-238
-247
-256
-260
-263
-270
-275
-280
-279
-278
-274
-268
-261
-258
-257
-256
-256
-257
-255
-252
-244
-231
-209
-183
-156
-121
-86
-50
-11
31
80
123
163
194
215
249
282
310
324
330
341
349
352
344
334
326
312
294
281
261
251
241
225
207
184
161
139
115
96
66
30
0
-27
-44
-61
-87
-109
-130
-141
-150
-164
-166
-169
-168
-153
-143
-122
-92
-52
-9
28
68
107
151
193
222
243
264
280
290
293
287
279
261
243
224
200
179
152
124
100
68
40
19
2
-15
-32
-50
-66
-81
-93
-105
-120
-140
-157
-170
-175
-172
-172
-177
-181
-181
-175
-176
-175
-178
-177
-176
-179
-187
-200
-210
-215
-226
-241
-258
-264
-270
-275
-282
-299
-315
-330
-339
-344
-348
-349
-346
-344
-341
-335
-322
-304
-276
-241
-198
-153
-102
-48
9
64
125
190
259
322
371
411
448
480
503
517
517
515
507
493
471
443
412
371
322
276
225
179
133
92
56
13
-21
-56
-89
-108
-127
-148
-169
-193
-200
-198
-198
-202
-205
-191
-164
-140
-99
-58
-11
46
96
146
192
249
308
361
403
431
442
450
446
416
380
336
281
224
157
91
22
-39
-86
-127
-153
-168
-174
-169
-159
-145
-125
-102
-81
-61
-36
-18
-16
-14
-13
-15
-14
-18
-26
-32
-36
-40
-54
-70
-90
-108
-130
-151
-174
-193
-209
-235
-262
-297
-334
-366
-395
-419
-448
-470
-480
-483
-474
-469
-465
-458
-442
-412
-370
-334
-302
-271
-239
-208
-170
-132
-94
-49
5
68
127
188
242
300
372
440
491
515
529
551
569
577
559
508
452
393
335
265
184
105
36
-31
-95
-151
-194
-210
-220
-209
-203
-203
-180
-143
-97
-53
-31
-7
22
60
97
116
127
131
143
168
190
207
238
272
305
319
324
331
336
347
343
315
274
212
156
109
50
-20
-87
-142
-171
-189
-188
-183
-168
-135
-93
-52
-11
37
84
129
156
156
150
145
145
132
104
67
32
12
-9
-37
-74
-116
-148
-178
-204
-227
-247
-256
-264
-283
-306
-325
-332
-335
-342
-360
-386
-410
-424
-430
-433
-437
-441
-440
-432
-413
-391
-367
-345
-325
-299
-270
-232
-192
-161
-142
-134
-129
-108
-72
-25
29
81
132
192
273
359
437
499
534
543
548
549
539
512
456
383
294
207
129
66
16
-30
-71
-114
-142
-142
-119
-84
-58
-39
-21
5
37
78
119
140
146
146
142
147
160
179
189
189
182
177
191
211
224
231
230
218
197
181
165
150
122
88
48
7
-25
-53
-65
-72
-78
-78
-62
-28
16
64
102
125
150
172
185
197
201
193
171
139
104
66
35
-1
-37
-75
-110
-133
-148
-151
-156
-170
-173
-178
-187
-185
-173
-178
-196
-213
-235
-256
-277
-298
-327
-353
-373
-388
-403
-420
-423
-424
-430
-426
-414
-398
-375
-356
-336
-322
-302
-276
-254
-227
-202
-186
-173
-152
-105
-34
30
104
174
276
392
470
507
513
531
545
513
450
358
278
223
155
74
-13
-55
-69
-75
-76
-73
-56
-19
23
60
89
98
117
138
157
166
157
152
151
159
168
153
143
138
143
153
134
106
89
78
62
34
7
-4
6
28
37
29
37
64
109
144
151
147
153
163
169
158
139
120
114
113
96
81
75
83
99
99
90
86
91
100
94
68
21
-16
-32
-48
-66
-85
-92
-85
-74
-67
-69
-75
-81
-90
-114
-153
-194
-228
-251
-275
-306
-339
-362
-369
-373
-385
-404
-425
-435
-448
-466
-487
-501
-498
-479
-456
-438
-408
-360
-309
-266
-238
-217
-201
-186
-180
-196
-216
-201
-137
-36
71
170
267
387
516
617
667
656
602
522
418
297
164
40
-63
-151
-203
-228
-206
-142
-55
39
115
183
251
314
367
385
363
326
295
268
246
220
193
176
166
159
147
133
122
98
65
18
-32
-76
-104
-123
-120
-91
-43
35
129
223
310
379
423
432
409
354
266
168
65
-44
-139
-203
-229
-220
-181
-119
-39
59
155
231
275
285
267
222
158
77
-8
-76
-126
-155
-161
-145
-110
-65
-16
20
45
49
31
-10
-72
-146
-228
-304
-364
-407
-426
-435
-430
-421
-418
-426
-448
-466
-486
-509
-527
-551
-571
-562
-524
-462
-390
-327
-278
-233
-199
-175
-181
-217
-272
-314
-290
-201
-73
56
173
308
456
590
666
655
593
490
361
213
60
-77
-166
-200
-202
-165
-90
23
161
291
379
418
433
436
417
381
326
265
227
229
249
274
303
320
323
312
273
213
133
39
-65
-168
-251
-303
-299
-241
-143
-16
122
274
423
552
629
636
577
464
312
140
-46
-219
-353
-438
-459
-412
-304
-153
10
157
275
356
401
397
339
243
129
15
-80
-153
-195
-198
-166
-109
-44
23
71
101
102
68
6
-63
-128
-188
-231
-258
-270
-260
-237
-207
-192
-206
-248
-315
-393
-480
-572
-658
-726
-768
-769
-726
-648
-552
-455
-372
-309
-262
-241
-250
-289
-359
-448
-511
-484
-354
-155
59
220
354
497
638
736
723
609
423
210
13
-152
-253
-286
-262
-204
-109
44
229
412
556
619
603
557
486
420
369
311
262
234
254
317
402
473
484
451
375
266
131
-20
-160
-299
-398
-445
-419
-295
-106
109
310
484
618
707
735
671
528
313
78
-144
-319
-425
-476
-462
-403
-291
-137
30
183
280
313
292
231
157
75
-5
-84
-142
-158
-136
-82
-14
52
96
113
98
65
9
-54
-121
-179
-205
-203
-166
-110
-54
-17
-2
-2
-38
-102
-202
-323
-450
-571
-663
-728
-749
-740
-701
-636
-561
-477
-407
-351
-329
-345
-378
-425
-469
-517
-568
-618
-614
-484
-250
22
242
370
474
581
662
661
532
332
122
-59
-191
-264
-255
-177
-60
56
171
308
447
558
607
568
477
379
312
305
330
360
405
466
556
650
690
657
552
391
191
-19
-210
-353
-424
-432
-387
-276
-89
155
398
583
682
706
671
581
437
245
41
-150
-297
-372
-374
-313
-223
-119
-27
46
101
126
113
59
-18
-90
-131
-132
-103
-60
-18
21
57
85
87
63
14
-56
-125
-187
-220
-217
-183
-130
-66
3
61
105
122
97
43
-43
-134
-220
-301
-372
-430
-471
-505
-529
-548
-550
-540
-532
-520
-517
-518
-508
-495
-478
-469
-458
-467
-497
-536
-547
-459
-255
-16
165
229
300
428
587
635
482
272
59
-79
-187
-283
-290
-232
-115
-27
87
257
443
565
548
494
449
450
439
448
478
551
635
666
710
741
736
633
417
178
-28
-163
-294
-381
-390
-305
-108
104
325
521
678
743
701
595
445
294
115
-77
-215
-272
-238
-174
-106
-54
-3
34
30
-6
-64
-114
-167
-207
-222
-185
-111
-26
30
44
42
21
-25
-92
-170
-240
-288
-314
-318
-285
-224
-157
-100
-68
-37
-11
-2
-31
-80
-126
-158
-182
-217
-246
-270
-293
-336
-395
-440
-474
-504
-539
-560
-563
-536
-492
-467
-432
-423
-441
-476
-520
-533
-434
-242
-48
124
196
307
437
519
514
351
180
-16
-148
-255
-313
-245
-183
-74
-4
104
256
361
406
351
311
278
274
285
349
477
608
719
766
828
848
793
636
397
192
14
-113
-226
-264
-190
-69
127
296
462
605
662
646
535
426
309
187
63
-52
-85
-73
-27
1
9
24
10
-18
-69
-109
-122
-117
-124
-122
-95
-50
-12
-20
-57
-105
-147
-190
-227
-245
-251
-240
-240
-247
-241
-228
-223
-228
-240
-242
-223
-198
-176
-154
-130
-120
-145
-191
-242
-283
-331
-381
-426
-437
-417
-403
-394
-403
-399
-386
-383
-402
-446
-475
-474
-463
-459
-492
-421
-213
64
289
360
413
487
550
516
314
127
-40
-129
-225
-272
-176
-62
69
111
166
253
318
297
208
186
210
241
246
312
466
633
726
698
697
679
641
485
272
133
38
-3
-59
-55
56
195
344
402
458
510
526
483
369
303
248
212
150
104
99
110
89
29
-24
-42
-41
-54
-81
-68
-29
9
12
-3
-20
-41
-80
-141
-192
-218
-222
-231
-229
-227
-218
-229
-260
-293
-324
-335
-348
-350
-335
-298
-249
-205
-182
-168
-190
-224
-292
-357
-398
-430
-436
-460
-465
-445
-419
-396
-404
-410
-421
-422
-412
-418
-446
-540
-623
-660
-553
-277
3
227
378
535
679
751
628
405
173
-20
-168
-304
-287
-149
36
162
214
276
311
350
265
172
157
138
174
203
334
521
659
698
657
631
584
489
297
134
33
-5
-38
-49
29
162
315
376
390
406
412
410
342
275
261
254
251
195
154
125
95
29
-46
-74
-66
-34
-19
10
56
109
107
62
0
-49
-86
-131
-176
-189
-172
-163
-171
-199
-224
-251
-280
-331
-368
-381
-361
-334
-302
-263
-226
-204
-201
-225
-253
-292
-340
-383
-419
-435
-435
-434
-450
-471
-512
-535
-551
-541
-509
-481
-448
-456
-463
-488
-515
-521
-463
-268
-13
322
539
666
657
522
394
177
17
-156
-268
-264
-189
29
205
382
453
406
357
227
169
143
180
252
350
456
569
686
724
740
638
517
373
238
173
108
107
85
101
153
205
305
333
358
350
315
326
297
313
310
307
268
197
124
50
-2
-66
-103
-119
-98
-43
14
66
91
92
57
5
-42
-90
-113
-146
-164
-167
-160
-146
-159
-187
-236
-276
-317
-340
-342
-323
-293
-270
-251
-224
-184
-161
-165
-201
-254
-316
-371
-412
-436
-457
-470
-467
-438
-403
-384
-395
-432
-465
-474
-463
-466
-490
-527
-557
-547
-494
-343
-145
120
369
492
537
400
289
143
39
-56
-161
-160
-93
71
231
334
390
327
239
118
47
70
153
274
386
522
609
706
707
699
638
536
453
334
310
275
283
256
201
195
187
222
245
249
287
298
344
361
385
402
376
328
230
158
91
55
5
-34
-67
-79
-69
-58
-41
-35
-32
-50
-76
-82
-86
-84
-96
-122
-144
-173
-188
-216
-247
-290
-337
-373
-390
-390
-374
-356
-329
-298
-262
-230
-213
-211
-241
-291
-359
-405
-419
-414
-405
-392
-389
-392
-406
-427
-426
-428
-429
-455
-479
-502
-490
-465
-430
-405
-337
-214
-22
245
428
523
454
251
110
-36
-50
-79
-74
-39
21
152
227
300
293
217
130
36
15
100
234
370
474
522
525
530
495
516
495
497
459
419
417
380
372
282
206
156
139
178
218
282
349
380
415
393
398
371
333
266
209
167
152
152
116
88
25
-15
-53
-60
-50
-41
-42
-64
-92
-110
-128
-141
-166
-185
-200
-208
-212
-221
-242
-275
-331
-392
-436
-455
-436
-399
-353
-315
-288
-275
-282
-289
-323
-350
-391
-420
-423
-399
-372
-380
-395
-429
-452
-457
-474
-480
-481
-476
-465
-451
-447
-434
-426
-391
-283
-96
215
495
641
618
401
225
47
-3
-22
-15
51
90
186
237
292
290
229
123
26
-16
70
213
396
535
596
548
498
415
435
459
501
525
498
499
430
395
309
224
163
106
120
155
231
308
343
363
328
295
249
227
219
241
251
242
228
183
149
89
32
-10
-38
-22
-20
0
-9
-34
-57
-107
-135
-171
-177
-185
-176
-177
-187
-221
-273
-334
-395
-427
-438
-424
-379
-339
-297
-273
-269
-290
-331
-372
-419
-420
-431
-411
-403
-398
-394
-428
-452
-486
-500
-494
-490
-474
-486
-492
-515
-517
-505
-487
-426
-311
-99
207
480
608
583
387
240
91
55
47
111
205
272
316
276
249
198
151
107
51
45
106
238
401
521
574
489
436
340
397
445
554
632
636
634
506
425
303
258
220
192
195
180
224
252
269
285
229
194
120
109
126
190
246
257
246
158
102
26
3
5
10
36
20
6
-43
-84
-133
-187
-205
-236
-224
-213
-191
-170
-187
-229
-318
-393
-452
-456
-424
-379
-328
-304
-299
-336
-371
-393
-407
-405
-416
-399
-389
-353
-364
-392
-424
-466
-486
-517
-534
-515
-478
-443
-462
-515
-571
-600
-591
-532
-375
-182
107
347
485
526
387
274
141
134
150
198
272
302
372
336
292
196
103
69
46
66
128
228
350
438
505
447
438
357
398
459
578
684
698
705
573
475
341
274
264
263
302
291
299
297
251
250
173
149
110
117
136
177
229
228
228
142
76
5
-27
-10
17
61
60
41
-14
-88
-133
-195
-194
-209
-197
-187
-199
-193
-233
-266
-332
-392
-446
-469
-441
-406
-346
-330
-331
-353
-394
-416
-462
-473
-441
-373
-301
-284
-295
-354
-395
-446
-471
-469
-463
-441
-432
-433
-455
-496
-558
-601
-623
-602
-512
-361
-136
174
376
504
433
302
192
133
168
215
321
392
461
447
374
292
195
125
82
41
59
101
202
289
384
390
362
322
292
377
473
635
717
771
734
623
514
402
380
368
377
348
301
289
242
233
186
133
105
73
84
102
165
199
227
197
122
66
0
-2
12
52
77
69
24
-54
-115
-178
-203
-218
-226
-205
-208
-200
-218
-240
-282
-335
-396
-454
-459
-451
-399
-364
-340
-345
-379
-425
-470
-487
-477
-435
-398
-370
-354
-356
-369
-397
-428
-450
-449
-427
-415
-396
-411
-434
-495
-560
-605
-603
-500
-337
-120
93
243
335
297
228
160
150
194
246
332
399
494
516
486
410
314
231
153
100
109
166
259
314
351
326
298
265
249
313
402
528
602
655
641
600
540
467
438
423
430
424
394
372
326
290
223
150
91
47
44
50
91
116
146
135
87
39
-16
-28
-26
6
32
37
25
-22
-74
-132
-173
-197
-215
-200
-196
-179
-191
-216
-250
-310
-360
-417
-442
-446
-426
-398
-377
-377
-411
-451
-493
-508
-501
-485
-478
-476
-469
-448
-417
-391
-380
-388
-412
-451
-477
-501
-502
-486
-483
-494
-504
-472
-371
-229
-53
69
165
197
153
129
97
155
225
313
359
391
424
423
440
415
388
343
270
207
172
207
262
317
345
321
313
266
273
302
380
472
515
544
504
495
465
453
450
448
457
439
412
371
344
333
300
262
201
145
103
76
75
80
101
95
70
26
-16
-25
-28
-7
-10
-10
-36
-66
-111
-138
-154
-168
-177
-194
-211
-215
-231
-242
-262
-293
-330
-372
-410
-434
-434
-421
-402
-389
-396
-410
-440
-459
-482
-485
-479
-472
-467
-463
-457
-446
-433
-429
-427
-432
-436
-435
-439
-434
-446
-473
-494
-465
-370
-237
-82
47
133
206
187
163
126
121
167
220
269
312
384
439
500
515
484
435
345
261
202
196
231
281
329
341
350
336
309
315
320
359
370
386
381
396
427
447
474
481
495
480
459
421
389
376
349
332
300
267
227
187
153
110
91
61
32
9
-17
-12
-18
-2
-8
-15
-32
-64
-99
-132
-146
-167
-171
-176
-184
-180
-187
-201
-225
-252
-290
-331
-365
-391
-397
-393
-380
-372
-366
-368
-383
-408
-441
-474
-493
-503
-517
-516
-512
-487
-458
-434
-420
-413
-403
-410
-414
-433
-452
-461
-467
-455
-399
-303
-172
-35
62
150
198
202
199
182
181
210
236
261
309
368
437
507
543
547
527
460
378
305
258
237
243
251
268
299
317
349
370
386
386
359
319
269
242
230
247
273
323
381
420
449
450
444
430
393
341
276
223
180
161
143
140
142
136
121
88
52
13
-28
-59
-88
-114
-136
-151
-159
-156
-150
-144
-145
-158
-179
-197
-217
-241
-264
-283
-309
-322
-332
-333
-330
-317
-312
-314
-330
-354
-375
-398
-414
-430
-449
-464
-477
-486
-486
-477
-465
-453
-448
-444
-445
-440
-436
-430
-430
-432
-436
-435
-421
-378
-306
-220
-118
-30
61
139
188
243
267
288
303
304
304
316
344
381
436
491
524
551
558
542
519
478
426
373
314
262
231
210
207
228
249
273
285
288
273
259
231
203
179
161
156
160
177
219
273
323
362
378
379
365
333
293
245
191
142
90
43
11
-8
-12
-8
-1
-4
-11
-33
-70
-113
-160
-207
-248
-288
-307
-317
-316
-296
-274
-249
-227
-219
-224
-237
-255
-280
-303
-330
-353
-361
-361
-346
-322
-300
-277
-260
-254
-260
-274
-294
-322
-355
-388
-413
-426
-422
-405
-382
-349
-325
-302
-288
-285
-291
-299
-308
-317
-318
-308
-276
-223
-139
-46
50
144
220
288
342
373
393
404
411
410
413
416
421
448
479
511
541
557
565
560
541
502
456
401
348
301
252
216
186
166
152
143
130
122
116
112
112
112
108
110
114
123
134
145
162
180
189
192
187
181
174
158
132
99
69
36
8
-19
-53
-76
-99
-115
-125
-132
-134
-141
-148
-160
-175
-201
-228
-251
-269
-277
-283
-283
-277
-270
-263
-256
-254
-245
-239
-232
-230
-232
-227
-216
-203
-195
-186
-185
-185
-181
-181
-183
-189
-201
-212
-223
-229
-233
-229
-225
-220
-213
-214
-216
-221
-232
-248
-266
-282
-285
-274
-251
-213
-166
-115
-58
10
75
138
188
227
258
278
289
299
312
331
357
377
395
406
420
437
452
464
462
455
433
410
387
359
328
293
247
207
165
126
96
73
56
41
33
24
25
37
48
63
75
80
82
85
85
77
70
61
50
41
26
18
10
5
-1
-8
-15
-23
-33
-51
-76
-107
-144
-176
-205
-222
-230
-227
-220
-218
-217
-217
-216
-213
-213
-214
-215
-215
-211
-210
-205
-197
-185
-170
-157
-141
-128
-116
-104
-101
-102
-108
-118
-123
-130
-135
-139
-142
-144
-146
-146
-146
-143
-147
-150
-157
-161
-168
-185
-203
-227
-251
-272
-283
-280
-257
-222
-186
-148
-101
-48
13
65
108
148
175
201
220
239
256
276
295
308
320
332
346
362
372
378
378
376
372
369
366
358
346
319
289
254
214
182
147
116
86
56
37
25
25
29
36
45
54
64
72
79
79
75
66
49
34
20
17
18
12
7
-2
-16
-31
-47
-64
-83
-98
-116
-130
-140
-149
-157
-159
-154
-150
-147
-143
-138
-137
-135
-136
-141
-145
-145
-140
-136
-132
-131
-127
-127
-124
-116
-107
-98
-92
-84
-80
-77
-71
-70
-73
-73
-76
-73
-71
-67
-64
-67
-75
-90
-103
-118
-134
-150
-172
-194
-209
-225
-241
-252
-251
-242
-228
-212
-198
-178
-143
-106
-62
-25
12
47
81
115
143
174
199
216
231
237
243
253
264
275
283
287
292
294
297
305
310
314
302
284
265
244
222
197
177
157
138
123
111
106
102
98
89
82
76
75
75
71
66
57
47
34
23
12
8
7
-1
-15
-30
-42
-56
-74
-92
-106
-116
-116
-120
-122
-116
-115
-108
-107
-108
-107
-107
-106
-107
-109
-112
-116
-118
-125
-125
-128
-128
-130
-130
-128
-127
-124
-119
-113
-111
-104
-98
-96
-94
-98
-103
-104
-105
-108
-105
-100
-98
-97
-102
-110
-117
-126
-138
-151
-164
-177
-191
-210
-230
-245
-256
-253
-247
-236
-217
-212
-187
-154
-115
-66
-28
13
52
90
127
160
184
205
216
222
223
224
226
230
232
228
224
221
219
228
238
239
242
245
245
243
240
234
229
222
212
200
187
175
167
155
136
111
91
80
72
64
62
58
54
47
41
39
37
33
29
20
12
4
-6
-18
-36
-51
-66
-75
-78
-86
-92
-99
-105
-107
-107
-104
-105
-103
-98
-95
-92
-92
-94
-99
-105
-107
-108
-104
-102
-102
-104
-106
-107
-113
-114
-112
-111
-104
-101
-102
-103
-103
-106
-110
-112
-115
-119
-120
-125
-130
-137
-143
-151
-160
-169
-179
-187
-197
-211
-231
-251
-257
-251
-242
-226
-211
-195
-160
-122
-78
-36
0
43
88
128
164
187
208
223
234
240
244
252
255
258
256
246
234
229
223
223
220
218
220
228
240
246
252
252
249
246
240
234
223
205
189
166
142
116
94
81
74
71
69
68
71
74
74
70
67
58
51
42
32
25
11
-9
-32
-52
-70
-82
-90
-99
-108
-120
-126
-130
-133
-134
-133
-126
-119
-119
-123
-126
-127
-127
-125
-120
-116
-109
-106
-110
-117
-127
-133
-137
-140
-139
-134
-127
-124
-119
-120
-116
-112
-118
-118
-120
-123
-127
-138
-149
-163
-173
-188
-207
-221
-237
-250
-264
-285
-302
-310
-300
-286
-269
-243
-214
-161
-105
-46
7
46
95
135
174
208
234
261
281
297
299
293
295
296
297
287
270
253
241
237
235
236
230
236
242
252
259
256
249
237
227
212
194
175
155
146
130
114
98
82
78
77
76
76
79
83
85
86
79
71
65
62
53
43
31
19
3
-13
-32
-56
-76
-94
-107
-118
-127
-130
-135
-141
-146
-151
-149
-144
-139
-137
-138
-141
-148
-151
-155
-160
-164
-169
-173
-174
-180
-186
-191
-188
-177
-174
-176
-172
-167
-164
-163
-162
-158
-156
-156
-164
-175
-188
-206
-219
-236
-256
-279
-301
-318
-336
-347
-347
-334
-314
-287
-265
-230
-176
-113
-39
23
81
136
185
228
261
292
317
335
348
346
349
350
349
347
336
321
316
314
320
329
330
328
311
298
285
268
250
221
193
162
128
101
76
64
57
57
62
67
86
107
129
147
156
165
167
170
166
150
129
102
75
43
15
-7
-21
-30
-35
-38
-41
-38
-41
-44
-54
-69
-82
-98
-118
-149
-176
-197
-214
-221
-228
-234
-230
-227
-217
-211
-210
-210
-214
-216
-218
-214
-208
-203
-194
-190
-190
-196
-202
-209
-213
-218
-229
-240
-249
-259
-267
-279
-292
-299
-306
-313
-324
-341
-359
-377
-382
-367
-356
-312
-265
-219
-135
-77
10
96
158
231
272
320
357
378
405
408
419
421
414
424
422
436
448
445
449
445
434
437
425
406
388
356
322
271
228
174
112
67
13
-20
-43
-47
-32
-23
17
50
91
148
194
240
277
295
294
275
246
211
169
124
83
46
23
7
-3
-6
-3
7
5
10
7
-8
-22
-53
-87
-135
-180
-225
-272
-309
-339
-363
-372
-375
-365
-353
-334
-317
-296
-270
-252
-235
-230
-230
-234
-248
-255
-267
-283
-294
-305
-306
-310
-309
-305
-308
-311
-321
-333
-344
-366
-395
-421
-437
-442
-421
-399
-372
-312
-265
-182
-88
-23
64
123
187
250
287
329
343
364
377
377
395
396
423
457
487
525
552
573
598
609
598
573
514
458
394
321
252
168
105
36
-10
-42
-67
-57
-48
-17
9
24
58
85
130
156
173
183
190
210
215
222
223
219
221
222
218
216
216
207
191
161
132
100
73
48
9
-31
-76
-115
-147
-181
-198
-213
-231
-243
-258
-278
-302
-332
-366
-398
-423
-445
-452
-448
-431
-409
-378
-348
-316
-287
-257
-240
-235
-238
-252
-272
-303
-343
-385
-417
-444
-459
-474
-488
-484
-484
-489
-474
-441
-399
-320
-287
-249
-177
-147
-45
13
34
99
102
163
207
237
300
333
412
455
501
558
595
666
689
695
666
618
577
542
500
443
398
334
301
277
260
249
218
197
145
103
43
-12
-48
-88
-97
-131
-132
-105
-54
32
99
167
233
289
341
359
347
320
283
232
197
156
121
118
116
127
135
147
160
171
169
138
83
12
-68
-138
-209
-272
-317
-351
-355
-351
-336
-325
-316
-311
-327
-343
-375
-407
-438
-456
-461
-456
-426
-391
-344
-293
-254
-238
-236
-244
-267
-314
-370
-430
-492
-527
-557
-569
-559
-548
-521
-497
-413
-338
-242
-169
-180
-109
-119
-56
9
-17
57
55
124
200
255
377
445
566
625
646
669
657
690
676
651
584
521
476
465
480
472
498
477
457
422
364
317
227
154
46
-51
-125
-185
-180
-167
-108
-70
-29
18
53
114
144
172
175
175
185
197
219
241
270
278
289
289
279
279
250
226
181
130
98
59
42
26
15
-5
-31
-58
-97
-127
-164
-215
-267
-328
-371
-396
-402
-393
-381
-366
-353
-339
-343
-347
-360
-373
-381
-394
-397
-391
-378
-350
-342
-336
-350
-367
-387
-409
-428
-456
-483
-522
-553
-568
-571
-575
-558
-507
-424
-322
-238
-224
-154
-119
-31
43
24
67
77
153
247
305
403
486
592
664
676
679
645
669
660
647
596
560
556
558
591
561
544
490
423
348
248
172
93
42
1
-50
-72
-110
-100
-97
-84
-84
-100
-94
-77
-32
4
48
97
151
201
247
277
299
315
299
273
244
226
239
244
251
247
221
203
168
126
77
28
-20
-59
-94
-126
-151
-162
-184
-215
-263
-312
-348
-377
-392
-414
-419
-423
-414
-402
-391
-369
-361
-349
-348
-360
-354
-358
-341
-332
-340
-334
-347
-350
-362
-392
-411
-437
-453
-468
-503
-517
-546
-557
-550
-480
-381
-274
-205
-219
-188
-158
-86
4
1
47
96
172
298
356
460
527
607
637
613
583
574
634
702
733
714
672
639
614
597
539
498
444
374
327
253
217
179
156
99
12
-85
-163
-198
-198
-175
-167
-159
-134
-108
-51
-15
26
65
95
122
136
167
205
277
302
298
284
261
269
279
286
283
265
248
218
182
143
109
72
24
-26
-87
-129
-154
-168
-192
-232
-288
-344
-361
-371
-394
-416
-399
-374
-395
-426
-427
-382
-340
-384
-438
-391
-274
-286
-358
-309
-211
-237
-393
-470
-337
-258
-378
-531
-449
-283
-373
-589
-604
-397
-391
-539
-487
-124
35
-234
-409
-233
75
18
-230
-9
315
314
103
155
594
675
476
361
651
839
503
368
714
1013
777
352
498
874
769
396
380
745
695
161
-90
258
425
78
-225
69
320
-27
-412
-288
152
-10
-518
-491
6
141
-254
-334
232
441
19
-319
35
489
250
-167
65
600
468
-45
11
622
641
115
-141
299
543
58
-332
50
490
132
-450
-242
316
131
-459
-569
-52
-30
-609
-866
-295
51
-372
-806
-382
62
-273
-771
-645
-75
-204
-759
-775
-129
54
-428
-672
-81
139
-321
-760
-445
3
-320
-827
-673
-98
-158
-703
-745
-114
-33
-384
-592
-58
63
-517
-910
-455
288
238
-177
43
595
394
-69
-105
604
799
364
100
572
844
570
301
835
1253
849
308
317
920
726
259
207
714
714
157
-108
498
732
279
-207
-16
305
-114
-599
-413
157
50
-447
-489
179
211
-166
-397
72
282
-212
-514
-97
441
273
-120
125
665
450
23
-15
575
575
5
-262
207
473
120
-194
257
629
213
-300
-240
279
58
-473
-543
-11
18
-474
-667
-52
137
-308
-710
-415
-25
-418
-854
-642
-59
-177
-650
-605
57
25
-426
-683
-176
17
-481
-821
-430
27
-239
-686
-446
79
-199
-669
-773
-201
-239
-653
-713
-92
158
-407
-774
-237
373
224
-147
-10
440
163
-327
-249
555
768
441
248
765
879
442
201
645
1129
694
188
303
843
754
307
446
1053
911
326
-34
473
601
78
-346
12
433
70
-395
-151
407
123
-398
-489
118
115
-379
-580
-62
178
-191
-449
171
585
253
-205
-74
455
182
-256
-212
464
500
18
-155
474
612
179
-177
203
557
99
-396
-234
311
140
-335
-269
369
230
-277
-593
-94
53
-425
-748
-356
44
-314
-761
-442
140
-102
-537
-603
-19
-129
-655
-838
-258
6
-401
-709
-192
139
-269
-713
-566
-24
-313
-804
-811
-232
-258
-740
-796
48
292
-120
-639
-418
-12
-261
-427
-84
444
204
-297
-165
593
599
287
133
675
738
217
-56
444
954
680
314
622
1109
765
318
270
856
761
234
43
538
696
252
-93
387
670
296
-152
-79
330
-21
-480
-481
111
126
-274
-354
235
270
-177
-496
-80
262
-103
-462
-194
310
90
-309
-116
577
456
30
-202
294
344
-109
-341
133
523
189
-179
129
552
237
-171
-190
325
146
-329
-517
-42
72
-283
-460
71
290
-140
-564
-425
-10
-314
-693
-615
-57
-130
-560
-610
1
37
-355
-651
-271
-46
-473
-850
-604
-131
-341
-695
-501
46
-166
-626
-817
-317
-221
-479
-622
-195
-53
-504
-680
-121
534
269
-191
-183
280
183
-158
-170
467
626
316
150
669
900
515
252
522
983
665
244
291
771
674
311
388
965
902
411
97
471
585
126
-197
121
522
174
-253
-56
455
190
-259
-339
188
157
-352
-611
-150
123
-167
-416
60
426
84
-338
-266
241
60
-298
-311
283
325
-88
-236
334
510
140
-165
148
477
68
-366
-192
362
242
-159
-120
485
317
-171
-452
26
200
-248
-555
-247
126
-213
-596
-298
234
-18
-449
-560
-52
-166
-615
-784
-258
-25
-410
-687
-248
76
-310
-684
-562
-87
-363
-809
-819
-262
-264
-696
-789
-62
204
-176
-580
-467
-151
-361
-497
-123
330
70
-343
-152
578
518
112
-19
543
717
242
-36
377
812
588
305
695
1180
823
322
266
834
805
356
162
628
764
355
62
517
779
392
3
87
461
96
-346
-340
205
177
-215
-291
297
255
-227
-531
-133
209
-211
-571
-341
189
-39
-441
-272
423
323
-90
-295
198
263
-200
-438
33
471
180
-176
137
581
250
-137
-140
408
249
-224
-370
109
229
-173
-358
196
438
2
-425
-285
114
-219
-602
-526
39
-37
-479
-560
27
45
-354
-634
-271
-48
-495
-858
-617
-130
-329
-684
-520
50
-186
-623
-802
-306
-284
-738
-932
-350
92
-229
-657
-457
79
-51
-204
-140
232
1
-360
-335
307
451
126
49
649
889
458
153
383
826
552
257
402
914
739
304
332
1006
1037
588
257
584
738
298
-46
188
623
390
-2
104
538
267
-148
-298
158
131
-260
-471
-81
76
-265
-484
-29
362
-2
-374
-318
120
-112
-495
-490
144
265
-118
-337
210
438
84
-265
-51
394
199
-197
-264
197
296
56
-45
373
387
185
-148
-55
60
-81
-224
-146
33
-86
-218
-146
101
-95
-278
-275
-49
-212
-498
-635
-309
-130
-337
-519
-266
-7
-224
-566
-633
-287
-287
-539
-725
-492
-347
-446
-655
-486
-303
-345
-524
-465
-246
-193
-346
-606
-468
-254
2
135
137
-3
-69
5
212
243
197
184
339
484
384
339
449
695
738
586
543
662
671
529
405
486
716
748
606
510
518
532
454
290
209
264
299
185
24
-42
30
120
91
-25
-52
-40
-24
-234
-403
-340
-180
-85
-162
-225
-167
-45
-75
-156
-164
-24
17
-49
-176
-128
-8
67
70
82
148
241
253
168
77
73
167
220
150
41
69
160
169
80
0
100
186
83
-99
-156
-72
-21
-137
-265
-209
-97
-111
-243
-334
-293
-197
-249
-339
-375
-327
-311
-377
-488
-493
-421
-370
-405
-496
-537
-444
-395
-439
-510
-499
-412
-377
-528
-550
-340
-154
-168
-434
-494
-197
92
180
-2
-89
45
149
162
109
174
363
438
436
384
440
603
635
607
555
603
681
637
443
375
476
645
631
501
427
518
551
407
207
203
316
305
69
-125
-76
38
16
-100
-151
-21
43
-83
-247
-277
-173
-116
-183
-287
-262
-164
-99
-130
-162
-106
59
89
17
-69
-11
96
104
-24
-38
102
238
202
92
98
244
296
214
125
169
251
214
15
-101
-28
63
25
-58
-74
8
33
-58
-164
-173
-129
-143
-253
-393
-413
-387
-341
-344
-381
-338
-244
-286
-401
-508
-439
-366
-425
-619
-667
-554
-449
-488
-540
-467
-309
-308
-438
-548
-450
-228
-176
-296
-491
-485
-275
-98
109
137
165
168
85
107
159
268
402
366
284
258
336
519
578
620
667
770
726
552
409
464
548
535
399
383
470
486
419
312
291
347
316
211
70
-2
-29
-56
-163
-205
-147
-42
-24
-100
-180
-173
-118
-162
-233
-251
-163
-91
-159
-269
-208
-46
87
63
-3
62
159
130
7
-10
119
230
191
59
73
186
241
211
206
245
322
261
153
35
28
72
82
-20
-100
-81
-35
-42
-124
-189
-116
-56
-144
-289
-345
-275
-243
-362
-489
-447
-319
-289
-386
-454
-391
-305
-386
-501
-550
-464
-426
-489
-606
-569
-466
-405
-420
-437
-407
-346
-325
-263
-210
-159
-195
-325
-345
-258
35
224
192
101
44
187
335
330
312
408
528
530
325
262
442
687
740
631
548
603
638
553
470
483
570
540
423
256
268
332
334
245
185
193
244
171
21
-114
-127
-56
-54
-156
-198
-138
-75
-148
-259
-276
-101
18
-57
-185
-168
-58
-17
-101
-142
-17
96
92
33
53
175
278
230
173
158
225
265
229
117
102
161
210
198
144
151
237
227
108
-32
-24
58
54
-138
-280
-246
-156
-173
-251
-258
-129
-102
-244
-396
-407
-315
-314
-423
-531
-498
-438
-440
-462
-458
-382
-312
-360
-455
-496
-465
-404
-449
-595
-617
-527
-396
-390
-435
-355
-90
23
-65
-333
-380
-204
-72
-4
6
127
216
114
72
116
339
559
557
527
415
353
367
335
427
546
658
664
535
428
451
565
624
559
440
398
350
287
119
102
179
268
204
60
12
92
82
-59
-186
-181
-98
-127
-242
-271
-185
-130
-176
-207
-152
-19
50
1
-96
-123
-79
-4
-18
-29
41
140
173
108
69
168
327
346
264
174
211
236
171
31
51
187
258
185
81
94
188
142
6
-103
-67
-39
-109
-266
-309
-232
-179
-211
-271
-288
-216
-199
-289
-404
-441
-386
-366
-457
-559
-510
-389
-350
-432
-496
-417
-303
-355
-492
-553
-460
-397
-468
-602
-551
-393
-316
-365
-336
-162
49
31
-191
-329
-249
-73
108
85
129
206
233
215
114
190
469
673
690
472
339
373
427
448
432
584
721
673
488
347
425
591
583
483
360
356
330
192
41
57
188
218
108
-25
-33
57
43
-53
-163
-156
-129
-132
-236
-254
-159
-56
-66
-163
-211
-76
48
59
1
4
81
91
-7
-91
39
209
282
225
162
219
300
258
192
182
271
302
190
34
24
113
168
119
57
53
127
94
-7
-111
-105
-76
-128
-286
-354
-268
-155
-162
-260
-313
-248
-223
-308
-409
-390
-295
-287
-437
-569
-513
-386
-338
-392
-424
-343
-295
-389
-468
-452
-363
-386
-462
-534
-496
-444
-430
-375
-211
-51
10
-111
-175
-209
-198
-89
44
125
167
151
169
205
208
280
426
488
555
549
465
447
389
462
562
573
458
410
524
590
482
372
464
618
418
143
126
302
301
69
-5
145
169
-138
-270
-63
118
-40
-279
-94
87
-133
-433
-391
-20
6
-317
-305
45
190
-107
-209
152
368
93
-194
-31
276
121
-192
-1
401
395
59
80
492
513
141
-37
243
377
-24
-314
16
420
215
-187
9
424
216
-276
-366
62
105
-409
-610
-185
99
-248
-574
-171
207
-118
-575
-498
-40
-205
-703
-719
-188
-63
-573
-777
-219
48
-365
-738
-445
-61
-406
-897
-724
-140
-174
-688
-725
-111
-56
-505
-686
-142
256
-150
-578
-295
160
24
-379
-129
552
497
77
-29
485
604
174
16
511
843
513
117
516
1005
752
329
359
852
681
127
19
562
761
361
53
497
673
221
-215
-11
443
141
-335
-287
209
138
-326
-408
192
228
-229
-558
-178
109
-255
-573
-256
238
45
-371
-227
383
278
-94
-200
324
389
-70
-302
161
507
200
-130
246
706
387
-25
4
541
378
-123
-255
259
378
-40
-249
301
556
126
-292
-110
285
-83
-523
-452
103
20
-443
-494
138
169
-279
-590
-202
47
-419
-795
-523
-15
-226
-642
-493
92
-96
-545
-724
-218
-191
-668
-910
-465
-111
-448
-757
-369
86
-256
-682
-663
-109
-227
-581
-574
55
206
-199
-395
188
484
110
-196
76
577
290
-79
58
704
710
326
285
884
888
474
217
637
905
476
128
364
807
546
129
291
853
609
141
-70
395
373
-117
-361
59
341
-64
-440
-85
324
-17
-409
-379
144
-63
-521
-604
-28
125
-248
-414
161
396
14
-310
-34
437
130
-237
-135
430
357
-41
-34
614
603
191
-79
324
539
103
-212
89
537
261
-168
2
548
319
-99
-246
271
234
-249
-506
-82
199
-165
-489
-105
268
-97
-498
-443
65
-155
-594
-678
-136
-78
-492
-658
-99
59
-377
-740
-485
-103
-476
-855
-721
-164
-282
-706
-684
-66
-120
-547
-808
-363
-188
-617
-891
-492
61
-111
-419
-131
448
239
-141
-216
342
345
-67
-221
301
607
337
149
678
1087
747
353
413
877
612
192
165
705
737
309
162
729
851
449
95
343
610
152
-303
-213
273
116
-293
-252
320
212
-210
-465
-36
87
-341
-649
-340
34
-231
-540
-224
312
102
-247
-286
250
199
-179
-296
215
441
92
-147
316
621
298
-42
104
565
302
-84
-80
460
474
87
-15
527
563
135
-199
93
362
-18
-373
-201
263
82
-300
-204
340
166
-271
-500
-89
-37
-461
-708
-323
14
-298
-605
-285
153
-147
-556
-594
-126
-309
-776
-921
-417
-256
-613
-809
-294
-18
-390
-746
-569
-145
-437
-837
-799
-259
-274
-620
-590
93
199
-139
-358
75
391
55
-233
49
567
376
19
197
794
672
325
237
787
857
437
204
635
961
616
279
616
997
615
158
124
607
415
-34
-148
366
457
21
-210
293
471
18
-397
-230
137
-233
-649
-568
2
-62
-466
-475
156
170
-226
-469
-33
223
-175
-483
-169
350
155
-178
49
655
464
65
-63
469
489
57
-160
293
584
222
-97
308
715
367
-27
-1
501
275
-157
-233
311
384
-60
-274
251
392
-46
-423
-198
178
-203
-603
-507
52
-53
-459
-458
143
65
-386
-678
-282
-108
-549
-857
-560
-120
-399
-777
-552
-9
-262
-672
-791
-266
-305
-734
-908
-407
-117
-472
-739
-284
112
-227
-568
-437
133
-49
-405
-379
265
405
77
-2
631
804
408
85
367
738
388
58
237
813
691
303
375
1008
916
490
226
639
732
239
-98
203
591
263
-135
89
569
252
-182
-295
209
106
-355
-549
-81
129
-254
-515
-53
272
-117
-491
-383
103
-154
-524
-491
116
175
-181
-250
378
510
140
-134
203
531
154
-171
29
557
389
4
88
676
528
114
-89
382
484
58
-199
162
536
234
-96
177
616
269
-162
-260
198
36
-398
-537
-50
110
-280
-517
-44
211
-185
-543
-405
10
-316
-704
-686
-155
-189
-589
-663
-105
-87
-510
-805
-480
-236
-625
-924
-693
-201
-373
-696
-523
57
-106
-484
-627
-150
-101
-510
-687
-245
131
-120
-348
72
566
311
10
77
612
482
113
59
583
711
343
183
706
919
516
169
372
758
439
43
95
637
605
177
64
636
678
244
-150
94
348
35
-364
-305
116
87
-268
-292
106
53
-130
-378
-138
-64
-213
-354
-188
-36
-124
-202
4
225
5
-143
-59
199
53
-132
-144
278
376
159
39
395
609
387
87
134
450
354
61
-76
218
351
233
41
231
348
260
68
68
147
127
-6
-89
-28
-35
-72
-60
-9
-143
-247
-282
-208
-261
-383
-442
-309
-233
-312
-394
-291
-148
-230
-450
-516
-391
-356
-468
-588
-543
-406
-400
-493
-485
-415
-370
-397
-494
-508
-410
-312
-300
-308
-289
-160
-38
-18
-86
-88
-11
78
-18
-80
34
214
298
270
281
436
589
566
466
450
538
540
453
317
346
418
430
379
340
338
388
366
284
191
184
227
229
121
25
68
150
149
28
-69
5
53
-54
-211
-221
-118
-69
-186
-280
-187
-52
-51
-116
-127
3
124
91
36
51
149
201
172
84
102
165
204
184
135
148
281
310
252
164
190
293
309
155
64
131
218
184
75
60
174
218
104
-26
-35
18
-6
-156
-260
-210
-146
-141
-188
-211
-144
-83
-128
-235
-309
-288
-259
-315
-465
-500
-407
-332
-361
-442
-425
-285
-277
-404
-531
-485
-392
-417
-580
-602
-468
-339
-351
-394
-344
-184
-139
-226
-286
-230
-125
-89
-148
-175
-80
41
118
135
177
294
414
427
370
335
415
490
451
320
295
398
478
419
335
360
481
457
314
223
285
353
288
95
53
132
182
114
46
72
173
160
58
-39
-48
-22
-56
-179
-271
-252
-179
-119
-131
-141
-52
65
66
-20
-67
29
112
59
-90
-75
85
193
160
132
226
378
341
201
118
182
231
154
4
7
118
198
192
176
202
285
261
162
45
-1
24
16
-103
-213
-193
-81
-24
-71
-128
-67
14
-60
-234
-329
-257
-209
-317
-474
-444
-305
-242
-313
-369
-312
-221
-303
-439
-514
-465
-413
-439
-543
-548
-462
-379
-366
-394
-386
-295
-255
-302
-392
-384
-259
-173
-236
-304
-205
-32
47
1
-18
130
269
230
140
157
318
417
351
252
322
452
498
442
414
472
534
467
368
289
321
346
314
194
143
198
261
259
201
152
231
252
149
10
-21
63
91
-61
-191
-130
-17
-9
-111
-146
-24
48
-47
-172
-185
-69
-22
-88
-157
-71
60
124
121
133
194
284
255
184
128
167
230
241
139
98
176
270
272
194
163
266
291
184
45
49
158
181
41
-57
20
118
80
-32
-79
-3
21
-97
-218
-237
-161
-143
-218
-324
-308
-254
-233
-278
-329
-325
-252
-275
-359
-447
-407
-317
-310
-445
-510
-431
-343
-371
-466
-479
-340
-295
-390
-470
-397
-253
-218
-330
-371
-259
-155
-156
-188
-147
-16
61
25
-6
42
150
216
212
153
191
288
365
376
354
391
519
529
443
350
383
461
431
237
159
230
312
262
168
186
318
318
194
75
107
173
123
-18
-97
-42
19
-9
-51
-50
9
44
-27
-117
-157
-123
-85
-130
-247
-239
-124
-11
7
-26
46
198
225
135
56
142
256
235
86
70
195
294
259
200
235
349
327
203
104
132
180
152
48
-13
38
112
122
86
60
97
134
62
-66
-148
-109
-66
-143
-306
-326
-236
-175
-245
-329
-279
-164
-205
-345
-440
-360
-280
-339
-488
-499
-389
-318
-363
-413
-384
-289
-306
-400
-487
-467
-403
-387
-461
-502
-419
-288
-215
-219
-223
-113
-7
-33
-133
-159
-38
66
16
-97
-19
154
266
240
214
332
481
447
346
282
376
446
389
271
264
346
406
365
317
316
381
366
251
135
118
161
181
67
-33
24
114
136
61
-10
77
130
33
-109
-166
-66
-13
-124
-253
-210
-80
-33
-104
-132
-49
67
46
-35
-55
52
138
147
68
90
207
301
311
285
285
393
408
323
212
199
268
285
146
44
97
200
210
121
79
180
242
151
8
-34
49
59
-65
-211
-196
-104
-93
-176
-235
-206
-132
-189
-310
-383
-338
-290
-324
-453
-476
-388
-296
-298
-354
-352
-241
-231
-329
-455
-451
-368
-358
-482
-560
-474
-343
-314
-363
-351
-216
-126
-175
-256
-239
-111
-54
-116
-196
-130
3
82
71
76
167
297
311
241
201
293
383
383
268
243
358
457
447
387
376
488
489
366
238
228
305
287
116
38
89
181
174
77
70
186
188
48
-60
4
91
-40
-140
-121
-47
-71
-197
-153
14
39
-113
-220
-12
48
-126
-233
-38
145
35
-173
14
370
393
167
185
441
561
229
62
349
476
261
4
215
434
252
-27
61
410
268
-148
-111
229
293
-113
-204
165
274
-85
-367
-106
194
-68
-441
-275
57
-85
-510
-467
-45
-107
-521
-684
-293
-68
-454
-675
-299
54
-231
-662
-417
37
-190
-664
-699
-217
-181
-670
-792
-248
49
-352
-682
-274
115
-181
-582
-444
75
-42
-466
-407
193
331
-124
-274
261
482
86
-232
82
495
210
-178
49
637
618
166
174
786
782
335
66
409
642
181
-167
138
551
347
-105
64
578
365
-60
-187
261
266
-225
-437
-2
284
-22
-360
18
425
103
-291
-240
217
15
-456
-525
-2
132
-239
-403
180
441
126
-163
130
556
252
-114
19
545
494
105
117
710
700
282
13
397
571
97
-263
-9
388
132
-263
-72
498
317
-93
-210
279
272
-214
-447
-37
203
-182
-524
-137
273
-87
-507
-478
20
-180
-633
-694
-149
-48
-461
-638
-78
136
-280
-647
-398
10
-342
-740
-634
-92
-199
-636
-655
-31
-44
-486
-752
-295
-41
-433
-714
-366
152
-62
-422
-198
394
215
-192
-314
241
253
-171
-325
185
532
224
-47
399
852
528
161
231
756
557
122
65
623
694
266
64
593
753
282
-114
90
442
60
-365
-265
291
181
-210
-211
398
379
-69
-349
54
203
-238
-551
-241
215
-53
-414
-186
376
169
-231
-337
211
190
-215
-362
166
504
195
-37
452
879
555
180
243
744
466
-2
-105
423
467
27
-163
381
515
103
-250
6
369
-13
-365
-236
304
170
-233
-212
390
290
-146
-413
6
129
-350
-673
-387
30
-257
-615
-352
198
-53
-434
-537
-9
-76
-532
-727
-256
-19
-401
-688
-250
85
-306
-694
-613
-133
-401
-805
-826
-258
-196
-564
-657
-30
134
-222
-488
-143
223
-134
-458
-259
302
169
-207
-117
538
476
113
-62
450
628
254
11
399
829
553
240
495
976
670
221
114
587
443
-9
-228
227
394
-14
-261
146
418
40
-344
-211
241
-55
-411
-412
137
138
-266
-340
232
297
-117
-447
-136
149
-218
-505
-283
257
141
-169
13
638
544
197
35
533
639
240
5
382
722
419
81
345
727
387
-48
-139
295
103
-322
-441
61
225
-110
-277
249
496
127
-224
-64
323
-15
-415
-398
110
39
-355
-413
151
145
-263
-561
-216
13
-383
-689
-452
9
-192
-539
-379
161
-44
-448
-638
-199
-228
-694
-942
-551
-253
-578
-853
-457
-19
-313
-654
-595
-54
-206
-579
-613
-35
132
-210
-355
218
465
114
-203
26
459
185
-132
8
587
554
222
282
913
923
532
280
679
846
386
21
240
642
341
-86
61
537
280
-172
-337
146
86
-354
-560
-114
197
-151
-439
-7
376
45
-343
-291
221
11
-391
-465
74
169
-202
-330
267
451
99
-189
125
574
278
-31
141
721
639
257
272
864
770
316
11
372
481
-3
-350
-89
303
9
-369
-141
404
175
-190
-277
258
238
-173
-335
138
382
-1
-293
106
434
35
-359
-295
165
-110
-530
-572
-28
18
-379
-512
44
156
-269
-603
-343
-27
-425
-794
-662
-168
-341
-760
-733
-170
-301
-718
-932
-465
-308
-693
-907
-508
-42
-260
-531
-191
359
119
-241
-283
275
225
-152
-264
262
528
234
61
600
954
598
286
440
930
675
274
273
816
767
311
149
653
674
183
-207
23
246
-185
-540
-359
146
-61
-424
-306
288
172
-238
-427
49
108
-317
-555
-172
223
-71
-365
-34
442
164
-189
-192
356
238
-126
-186
385
636
327
161
684
958
577
222
343
714
345
-84
-122
344
252
-182
-264
285
266
-154
-423
-54
227
-141
-406
-141
373
201
-133
33
589
383
-45
-248
182
179
-269
-504
-134
146
-192
-485
-139
272
-63
-432
-438
20
-195
-615
-726
-261
-192
-601
-806
-336
-163
-572
-910
-731
-376
-712
-1028
-906
-348
-379
-699
-639
-1
38
-292
-467
-32
201
-170
-407
-93
389
209
-87
138
709
560
259
224
743
748
384
265
710
978
617
336
702
993
541
101
88
486
186
-295
-408
55
93
-301
-431
98
232
-175
-464
-202
165
-170
-489
-334
169
38
-330
-273
305
229
-176
-378
58
239
-134
-342
29
469
249
-3
303
881
717
320
174
633
660
246
-57
277
525
253
-112
85
318
99
-158
-278
-18
-132
-272
-269
44
110
26
41
414
381
144
51
264
323
-43
-212
-127
219
24
-268
-239
149
100
-206
-420
-191
-29
-198
-516
-471
-225
-223
-444
-558
-365
-404
-529
-713
-644
-642
-687
-798
-757
-691
-677
-637
-453
-402
-473
-453
-289
-142
-193
-255
-173
43
44
-26
12
261
384
248
79
213
450
519
472
450
601
762
746
695
732
743
673
545
365
251
261
208
114
-20
-85
-56
-28
-91
-216
-203
-140
-103
-260
-290
-160
-7
-9
-108
-114
44
108
19
-118
-95
-11
-23
-108
-156
-4
126
175
176
204
323
464
487
454
415
459
522
491
348
253
294
315
212
18
-72
12
-2
-152
-276
-215
-69
-28
-116
-88
85
221
193
136
152
284
304
198
102
90
116
91
-29
-136
-142
-134
-149
-208
-271
-219
-122
-156
-264
-347
-297
-228
-309
-527
-589
-534
-502
-610
-727
-709
-591
-604
-724
-782
-693
-592
-585
-676
-648
-502
-366
-291
-255
-183
-29
57
41
-19
11
116
205
170
81
148
336
487
529
534
656
817
827
718
655
735
762
602
372
301
331
319
164
36
34
76
-20
-159
-237
-191
-140
-159
-269
-265
-167
-71
-37
-74
-71
29
64
10
-88
-111
-21
28
-64
-163
-98
73
160
130
136
285
467
460
370
367
474
532
420
241
235
274
245
104
13
38
86
8
-105
-180
-137
-82
-82
-158
-138
-31
96
162
172
202
336
392
304
150
95
151
144
-33
-203
-181
-78
-82
-177
-212
-101
-15
-122
-287
-339
-270
-288
-436
-594
-589
-533
-528
-586
-623
-597
-551
-624
-722
-802
-769
-693
-666
-723
-706
-553
-360
-258
-252
-212
-40
50
-18
-133
-115
36
119
28
-9
120
322
444
467
525
680
778
740
680
694
752
743
644
483
445
428
379
277
145
59
65
-26
-139
-248
-226
-116
-103
-220
-251
-122
28
37
-47
-49
64
98
-38
-164
-120
-33
-25
-137
-191
-69
63
82
81
121
274
368
358
335
346
432
477
416
291
268
300
303
195
66
17
78
24
-130
-253
-190
-73
-42
-161
-158
37
207
212
175
236
394
413
270
136
148
207
147
-12
-110
-70
-21
-48
-103
-125
-76
-56
-135
-251
-327
-292
-260
-333
-487
-522
-460
-415
-495
-620
-634
-550
-597
-748
-858
-769
-644
-641
-756
-711
-512
-353
-335
-334
-249
-69
-25
-102
-155
-91
4
52
22
14
113
213
288
342
402
532
661
669
625
607
711
788
718
546
467
498
474
308
159
127
166
71
-133
-235
-144
-62
-99
-230
-220
-95
-19
-41
-60
-6
108
78
2
-60
-47
13
-2
-101
-162
-139
-47
27
31
38
145
284
294
240
243
352
435
361
194
203
292
307
196
99
138
213
114
-46
-137
-79
-42
-106
-204
-171
-39
69
107
147
222
350
379
325
241
198
216
208
74
-66
-80
-14
-3
-90
-163
-88
-9
-85
-252
-319
-245
-210
-341
-518
-508
-415
-413
-515
-585
-540
-473
-567
-698
-764
-705
-655
-670
-750
-718
-594
-464
-399
-359
-290
-150
-70
-95
-170
-156
-59
-16
-105
-159
-44
143
222
173
207
415
592
582
495
518
673
736
644
501
525
598
553
429
315
294
323
186
20
-105
-123
-85
-111
-224
-231
-134
-2
29
-11
8
118
161
66
-97
-90
-6
11
-123
-238
-147
-4
14
-32
-19
130
231
165
94
130
275
337
271
191
253
349
379
309
243
231
248
153
12
-98
-84
-32
-56
-177
-189
-58
96
132
101
143
306
359
272
160
204
305
292
130
27
81
145
83
-33
-95
-38
-29
-143
-261
-289
-228
-200
-282
-402
-403
-340
-326
-403
-488
-494
-442
-503
-640
-753
-710
-623
-633
-749
-750
-606
-468
-448
-468
-395
-205
-136
-197
-249
-165
-34
-13
-126
-189
-100
29
62
63
96
209
339
371
366
427
561
651
640
550
575
642
669
581
441
403
421
311
156
-11
-7
36
-50
-199
-218
-111
8
-10
-50
1
144
185
87
-12
12
49
43
-85
-175
-109
-46
-41
-76
-92
25
122
99
36
37
165
252
230
153
182
297
368
313
253
285
358
288
115
-18
8
51
-12
-170
-184
-74
30
31
24
99
262
298
248
193
244
328
337
211
112
145
203
169
65
-9
52
40
-135
-258
-231
-156
-250
-359
-354
-284
-310
-437
-438
-320
-307
-496
-645
-495
-473
-662
-817
-689
-535
-668
-877
-709
-367
-322
-539
-517
-235
-69
-342
-456
-124
81
-74
-297
-63
187
30
-201
-74
323
258
-118
-19
419
603
304
273
684
870
567
322
587
879
622
195
284
557
355
-82
-90
271
204
-247
-425
-30
200
-164
-380
4
380
103
-316
-46
410
191
-328
-383
106
136
-368
-510
16
335
-84
-424
2
419
145
-268
-134
401
291
-140
-86
492
618
114
-75
441
637
178
-227
13
370
34
-424
-253
320
283
-195
-178
452
498
86
-149
259
554
141
-183
156
625
419
-60
109
611
402
-69
-248
193
168
-366
-603
-195
111
-224
-589
-199
206
-119
-532
-526
-66
-293
-802
-905
-415
-289
-708
-915
-352
-113
-471
-781
-512
-60
-370
-741
-597
-25
-29
-401
-380
277
336
-40
-275
128
355
-88
-406
-98
367
174
-194
32
706
613
274
200
725
783
361
155
586
849
458
85
407
791
373
-75
-93
358
139
-333
-426
132
251
-153
-334
231
487
99
-257
-21
384
35
-371
-301
237
122
-316
-340
270
267
-175
-438
11
286
-104
-383
-45
482
269
-83
134
714
514
83
-76
432
418
-52
-292
115
390
21
-300
77
485
141
-237
-169
363
171
-212
-223
375
511
132
-24
528
713
270
-130
60
407
-6
-437
-380
132
6
-430
-462
118
65
-369
-651
-270
-99
-550
-857
-586
-163
-440
-819
-621
-99
-355
-769
-893
-385
-420
-848
-994
-494
-164
-473
-702
-211
245
-51
-387
-291
248
41
-354
-392
161
246
-154
-309
266
453
83
-221
27
427
141
-126
75
645
563
229
332
959
878
442
171
555
631
116
-244
10
387
67
-316
-89
437
207
-175
-272
244
199
-200
-345
123
371
17
-245
179
488
113
-272
-202
247
-35
-422
-439
108
169
-188
-262
356
519
169
-71
272
623
258
-75
99
607
442
25
52
588
438
-4
-246
172
263
-172
-427
-69
348
113
-166
154
681
452
103
60
556
449
18
-169
255
394
-21
-308
83
307
-109
-499
-405
-2
-304
-688
-668
-140
-153
-531
-612
-63
-22
-454
-774
-482
-241
-642
-970
-760
-262
-424
-773
-638
-56
-164
-514
-653
-152
-25
-381
-560
-139
251
-1
-262
76
507
199
-198
-250
214
65
-331
-410
115
286
-4
-91
498
801
455
150
376
828
515
122
146
657
561
110
11
525
503
43
-293
14
212
-193
-493
-242
243
66
-244
-19
567
379
-9
-170
296
269
-215
-459
-72
226
-133
-430
-28
419
106
-249
-204
336
190
-202
-252
333
512
165
9
565
785
396
51
222
578
193
-226
-182
329
212
-214
-217
403
400
18
-206
237
496
101
-183
115
599
367
-13
162
681
415
-35
-235
207
127
-375
-624
-225
33
-355
-664
-264
135
-223
-597
-550
-43
-268
-701
-788
-254
-183
-606
-788
-244
-67
-467
-789
-537
-136
-465
-790
-631
-41
-106
-455
-394
262
239
-129
-328
135
333
-96
-391
-97
333
43
-326
-91
465
229
-158
-250
329
361
7
-126
383
688
384
148
576
917
508
118
159
596
277
-172
-251
255
262
-172
-322
256
391
-26
-336
-46
327
-12
-325
-170
369
219
-165
-127
448
305
-136
-380
42
160
-270
-510
-154
290
34
-255
65
613
361
8
-38
496
418
15
-117
389
609
226
-39
396
675
256
-126
-50
381
82
-303
-295
271
305
-42
-91
513
604
204
-88
217
497
78
-267
-119
343
121
-298
-247
278
75
-373
-606
-193
-140
-573
-811
-446
-74
-367
-661
-347
115
-194
-577
-634
-161
-317
-725
-838
-351
-178
-518
-695
-185
95
-260
-549
-358
87
-186
-496
-407
161
156
-184
-194
394
407
-18
-307
-8
201
-196
-478
-238
226
32
-250
-7
622
484
131
26
540
615
220
18
387
674
330
15
312
671
302
-106
-133
282
55
-342
-411
96
204
-159
-287
269
499
112
-201
4
377
28
-329
-259
234
123
-279
-274
291
257
-141
-355
65
276
-98
-328
-11
468
269
-18
236
795
570
181
76
553
492
38
-173
228
466
84
-200
183
537
172
-180
-104
390
180
-199
-213
337
421
39
-91
451
578
134
-226
-28
267
-167
-563
-483
-4
-166
-579
-547
38
-45
-457
-675
-247
-76
-502
-797
-491
-22
-248
-646
-463
113
-70
-490
-699
-242
-156
-481
-743
-407
-24
-140
-419
-156
190
90
-114
-222
89
30
-111
-201
39
60
-81
-157
121
158
-88
-200
-36
84
-119
-223
-50
391
323
108
156
646
700
424
147
366
581
363
8
-34
239
248
24
-119
102
146
41
-124
-40
33
36
-55
-4
88
112
88
179
208
101
17
21
67
-30
-141
-166
-25
-8
-86
-81
113
245
138
-7
80
266
302
212
174
307
448
411
332
367
406
382
243
96
54
109
110
31
-26
-7
119
195
166
96
113
194
217
42
-7
67
154
101
-32
-92
6
15
-122
-286
-315
-272
-313
-432
-509
-418
-329
-319
-342
-331
-269
-195
-219
-284
-341
-320
-279
-305
-414
-433
-331
-233
-247
-345
-343
-193
-139
-232
-305
-217
-66
-26
-140
-148
1
109
52
-47
-73
34
29
-94
-198
-187
-107
-81
-160
-234
-156
-23
86
116
106
205
371
435
405
357
407
478
422
237
164
189
216
99
-7
1
94
89
-26
-63
17
97
77
-45
-28
80
157
137
83
91
193
222
128
3
-49
5
23
-86
-222
-201
-60
15
3
-25
98
292
313
227
200
321
424
357
207
224
330
371
277
190
222
302
213
56
-32
23
62
30
-80
-79
23
108
117
95
117
226
250
151
15
-40
1
-14
-183
-355
-373
-286
-270
-365
-425
-325
-195
-244
-361
-374
-251
-172
-255
-405
-371
-249
-210
-285
-323
-251
-147
-193
-291
-356
-308
-270
-298
-394
-397
-299
-183
-131
-124
-84
61
137
79
-39
-61
11
16
-152
-329
-302
-178
-132
-203
-212
-86
57
43
-14
26
165
244
194
154
264
403
451
412
395
437
474
360
206
70
47
54
-4
-129
-173
-67
81
122
95
84
238
311
236
94
64
164
192
51
-79
-29
59
70
-21
-68
9
53
-33
-122
-111
10
77
69
24
127
281
366
366
342
390
481
447
316
180
185
252
215
36
-52
23
132
106
4
-11
134
186
86
-16
42
159
176
46
-42
21
82
32
-68
-124
-92
-105
-224
-345
-396
-334
-302
-348
-442
-396
-277
-188
-195
-239
-206
-86
-92
-209
-330
-293
-212
-237
-412
-470
-355
-242
-265
-339
-299
-146
-109
-200
-276
-202
-82
-63
-161
-195
-99
-13
-14
-65
-101
-63
-55
-145
-246
-290
-228
-178
-194
-243
-147
52
200
233
228
334
517
529
404
278
330
412
360
161
91
158
207
130
31
31
121
104
9
-50
21
115
158
108
88
161
213
207
152
109
135
151
49
-85
-164
-98
-26
-71
-196
-185
-46
70
52
17
104
286
312
227
185
293
409
380
240
208
274
279
189
122
131
191
131
24
-41
4
73
87
10
-48
2
96
136
99
52
117
190
126
-23
-122
-83
-60
-182
-387
-417
-335
-287
-350
-388
-297
-150
-167
-259
-297
-200
-136
-200
-339
-346
-265
-225
-265
-304
-281
-195
-194
-276
-352
-350
-275
-234
-312
-385
-323
-178
-93
-108
-124
-16
99
50
-87
-151
-80
-54
-190
-353
-317
-189
-139
-208
-225
-87
95
122
71
70
197
302
333
266
287
367
421
400
348
320
363
328
197
52
11
70
94
-22
-103
-21
133
190
137
129
254
359
273
125
75
153
170
41
-127
-117
-36
-21
-81
-111
-43
48
12
-61
-91
-1
96
123
65
89
209
329
349
312
310
411
424
305
144
126
199
203
40
-88
-18
105
122
45
34
148
216
135
36
36
133
150
49
-71
-53
10
5
-84
-158
-152
-104
-184
-311
-398
-344
-265
-274
-381
-391
-275
-150
-140
-195
-198
-91
-78
-190
-318
-302
-208
-205
-344
-428
-340
-228
-226
-287
-293
-167
-90
-144
-214
-196
-82
-20
-64
-155
-121
-37
1
-63
-143
-140
-68
-111
-226
-318
-252
-128
-98
-173
-138
28
191
223
221
292
460
495
383
280
308
394
364
202
84
117
181
149
77
52
147
204
147
76
85
197
260
208
109
127
205
227
158
79
94
159
83
-64
-181
-131
-70
-107
-253
-272
-153
-36
-23
-33
46
216
272
218
170
235
338
351
236
157
194
256
242
168
122
174
212
128
13
-24
55
112
46
-57
-23
99
168
129
77
119
202
133
-22
-148
-129
-103
-184
-366
-419
-343
-270
-296
-341
-309
-179
-157
-229
-305
-255
-162
-150
-267
-323
-209
-113
-151
-244
-219
-100
-140
-295
-371
-279
-184
-300
-408
-311
-116
-171
-273
-163
68
104
-90
-171
60
96
-170
-349
-191
-34
-201
-479
-317
12
-41
-261
-253
70
197
-99
-138
223
430
240
59
365
615
416
142
262
586
411
-8
2
343
352
-51
-152
250
374
38
-165
141
500
257
-86
135
519
375
-67
-8
427
340
-153
-351
29
215
-236
-498
-111
244
-87
-523
-226
307
126
-319
-287
286
397
-59
-158
419
743
301
-68
340
711
345
-154
-58
419
240
-287
-285
303
429
-63
-265
287
524
91
-268
12
427
87
-392
-233
315
254
-297
-356
214
184
-302
-620
-254
-17
-475
-819
-498
4
-170
-592
-361
226
89
-305
-427
80
119
-368
-586
-160
170
-165
-539
-153
271
-40
-426
-389
120
-51
-503
-552
-3
170
-211
-415
150
402
27
-313
-110
283
-92
-536
-481
16
-54
-469
-490
156
209
-151
-351
91
392
10
-266
42
528
336
-21
184
788
605
182
30
506
512
26
-219
184
468
106
-213
185
661
341
-33
16
553
387
-47
-122
405
497
49
-181
337
541
79
-326
-139
249
-129
-545
-465
94
18
-397
-394
275
324
-80
-310
152
455
90
-182
129
631
389
-10
147
694
469
14
-170
302
282
-177
-391
38
341
-9
-311
80
515
180
-195
-158
360
152
-276
-344
185
263
-178
-407
87
235
-239
-642
-461
-81
-442
-799
-672
-85
-123
-470
-424
224
232
-152
-394
12
206
-224
-513
-237
206
-53
-415
-216
324
85
-324
-459
31
-6
-435
-591
-121
188
-133
-391
37
433
81
-302
-272
191
-71
-502
-580
-64
17
-361
-491
79
268
-78
-350
-67
334
8
-290
-129
429
359
11
79
685
625
232
3
398
524
77
-202
84
486
226
-104
160
684
432
64
-26
466
403
-23
-189
244
460
99
-173
233
539
151
-233
-181
242
-31
-431
-463
45
80
-279
-362
222
359
-7
-264
54
404
64
-244
-60
451
308
-66
10
579
460
32
-195
225
317
-135
-416
-93
270
-15
-335
-47
455
194
-174
-210
297
198
-231
-387
55
207
-192
-453
-37
211
-191
-563
-441
-7
-279
-631
-569
-6
10
-353
-401
186
258
-149
-435
-106
189
-188
-497
-278
219
43
-333
-226
330
168
-251
-463
-20
60
-359
-579
-187
184
-90
-374
-49
390
73
-326
-375
98
-67
-490
-588
-69
111
-235
-394
139
420
59
-258
-80
362
77
-272
-189
381
371
9
-8
599
631
228
-55
283
526
115
-196
41
531
339
-5
168
741
552
154
-16
440
440
-24
-263
130
436
89
-222
127
535
183
-211
-220
268
67
-364
-466
63
211
-154
-321
224
476
108
-207
-6
408
98
-258
-189
357
294
-98
-119
465
437
20
-259
96
298
-126
-424
-168
297
69
-280
-74
493
281
-111
-255
221
188
-271
-507
-119
154
-210
-512
-133
261
-90
-452
-415
79
-123
-513
-578
-41
72
-298
-443
111
301
-87
-396
-165
210
-142
-485
-382
141
24
-371
-358
241
183
-224
-457
-48
132
-278
-547
-262
172
-89
-435
-217
307
54
-324
-428
66
31
-363
-508
-44
239
-73
-296
145
520
180
-140
-42
445
219
-130
-145
391
447
74
-41
512
631
227
-67
195
522
157
-143
7
511
372
14
75
641
520
111
-114
273
362
-65
-302
1
364
75
-241
9
464
161
-217
-289
183
77
-305
-408
60
277
-47
-227
237
534
162
-154
-32
390
107
-244
-226
280
271
-103
-186
340
382
-26
-298
-13
252
-115
-370
-162
318
155
-176
-60
463
276
-139
-339
46
61
-370
-573
-229
93
-203
-466
-142
293
-19
-376
-397
60
-103
-490
-563
-88
76
-252
-399
83
310
-78
-388
-240
120
-211
-544
-472
30
-18
-373
-370
203
212
-181
-408
-69
138
-275
-545
-314
121
-90
-413
-223
325
142
-234
-346
124
150
-237
-378
37
353
67
-157
232
647
321
-8
39
507
304
-89
-138
354
452
80
-59
454
638
240
-49
168
531
176
-159
-53
449
345
-39
-29
539
481
55
-188
165
326
-115
-385
-129
281
29
-300
-81
446
205
-171
-260
227
202
-203
-335
110
391
58
-182
221
585
207
-144
-95
354
93
-312
-349
156
221
-162
-280
272
438
42
-233
15
362
-18
-342
-224
271
129
-269
-248
312
207
-218
-447
-71
79
-344
-611
-321
131
-91
-467
-291
289
107
-293
-488
-43
39
-298
-572
-289
63
-78
-392
-192
115
-26
-242
-396
-128
-207
-335
-398
-139
-83
-181
-219
75
120
-147
-250
-81
42
-211
-378
-283
111
44
-180
-174
282
347
95
-132
116
384
229
-33
-5
326
392
210
112
369
417
303
123
197
265
238
97
92
170
197
186
277
315
215
159
183
239
152
25
-3
115
115
-8
-64
87
182
31
-170
-141
14
23
-96
-161
-41
110
86
28
106
189
207
121
14
21
106
135
79
27
33
121
154
93
-8
-22
40
61
-94
-120
-12
123
119
41
30
156
201
85
-58
-85
-49
-98
-224
-309
-229
-148
-141
-173
-183
-136
-74
-104
-180
-247
-215
-159
-172
-279
-302
-198
-103
-128
-249
-277
-160
-146
-277
-393
-343
-226
-214
-341
-356
-207
-90
-127
-202
-202
-71
-45
-129
-194
-165
-94
-72
-146
-203
-143
-63
-26
-47
-71
23
168
185
137
106
210
338
320
178
168
269
343
264
171
204
334
330
205
130
186
255
229
92
69
158
218
200
150
144
236
259
181
67
28
69
84
-40
-191
-189
-87
-38
-90
-144
-46
113
108
-4
-36
89
193
135
-11
25
149
212
140
79
138
252
190
50
-31
19
62
20
-103
-114
-19
70
86
73
103
215
267
194
76
35
75
71
-81
-251
-271
-193
-173
-256
-303
-188
-51
-82
-189
-198
-78
-13
-113
-277
-260
-159
-137
-231
-277
-223
-139
-200
-314
-383
-337
-301
-334
-449
-470
-394
-292
-241
-242
-213
-77
1
-47
-160
-190
-117
-101
-242
-376
-316
-156
-85
-112
-87
84
241
215
148
171
306
364
273
174
243
351
395
356
331
377
433
360
246
158
175
214
206
106
74
183
316
354
308
263
345
348
210
29
-38
14
-9
-183
-297
-229
-103
-67
-121
-110
23
123
75
8
31
146
204
161
63
102
196
239
188
109
106
171
141
42
-57
-11
111
133
21
-11
99
228
216
121
94
195
200
50
-101
-96
-25
-45
-200
-292
-207
-108
-115
-172
-170
-69
-17
-86
-167
-191
-127
-100
-169
-295
-301
-233
-179
-217
-284
-278
-174
-186
-305
-411
-372
-288
-310
-470
-511
-392
-281
-314
-388
-360
-225
-214
-332
-424
-364
-253
-240
-329
-350
-211
-62
17
47
91
219
316
306
264
250
326
390
361
266
267
379
473
450
400
423
533
514
383
290
351
429
380
185
146
233
283
198
73
55
129
78
-53
-166
-146
-79
-94
-180
-241
-183
-93
-54
-60
-75
-11
79
70
23
14
116
229
201
89
99
211
288
219
134
171
284
240
97
17
113
195
136
-23
-46
61
113
53
-9
2
81
41
-78
-164
-163
-126
-146
-256
-334
-310
-232
-193
-212
-229
-147
-43
-70
-175
-223
-149
-94
-195
-384
-395
-288
-238
-321
-390
-316
-187
-237
-370
-446
-369
-323
-405
-562
-591
-509
-459
-483
-507
-472
-345
-293
-325
-362
-312
-181
-59
-69
-100
10
176
296
302
283
402
520
483
390
369
500
607
553
463
536
678
729
643
577
609
652
530
325
198
200
191
128
-21
-40
34
88
73
10
-29
19
-18
-132
-289
-339
-271
-230
-297
-347
-225
-16
98
103
125
274
393
311
173
127
209
238
120
-5
63
200
272
249
243
326
408
346
216
98
86
64
-28
-206
-283
-229
-153
-153
-197
-198
-83
-50
-134
-263
-277
-207
-211
-364
-477
-399
-260
-225
-273
-254
-105
-7
-78
-193
-218
-142
-154
-285
-437
-434
-362
-344
-391
-420
-362
-270
-305
-409
-499
-473
-423
-442
-563
-582
-480
-346
-287
-251
-141
51
152
108
57
148
281
334
241
202
356
502
546
537
576
756
853
778
665
625
677
681
556
404
364
424
435
355
293
290
375
306
139
-21
-48
-48
-134
-336
-403
-337
-263
-259
-245
-137
74
122
38
-27
-1
99
91
-25
-75
13
118
160
143
196
352
441
380
251
194
232
240
120
-39
-70
-21
7
-34
-83
-16
110
71
-67
-207
-221
-210
-297
-488
-528
-441
-347
-352
-365
-284
-124
-103
-198
-304
-301
-257
-277
-386
-436
-361
-269
-239
-265
-261
-158
-100
-179
-320
-405
-381
-379
-488
-622
-610
-504
-413
-417
-415
-288
-130
-88
-129
-193
-101
-29
-62
-131
-103
59
222
246
297
434
636
647
547
529
643
643
474
400
484
572
538
470
577
723
679
445
402
521
392
121
-13
136
171
-89
-249
15
243
106
-153
-106
126
82
-308
-277
19
80
-158
-223
157
324
115
-45
222
492
166
-155
30
350
238
-161
-39
350
315
-77
-177
193
336
-69
-333
-44
169
-119
-453
-209
139
-104
-525
-530
-101
-120
-579
-621
-146
30
-404
-659
-191
116
-261
-654
-456
6
-198
-673
-564
31
77
-437
-569
-33
103
-340
-688
-386
-59
-439
-843
-610
-85
-221
-687
-565
55
86
-327
-430
48
212
-219
-535
-69
421
206
-127
205
800
653
264
234
735
735
247
89
565
839
525
245
707
1057
696
285
339
722
442
-58
-106
384
429
-1
-188
354
466
65
-249
-13
310
-92
-455
-273
233
180
-200
-135
483
435
62
-124
323
493
70
-204
80
456
208
-133
102
597
355
-20
-116
344
264
-202
-382
6
179
-203
-490
-90
273
-95
-450
-390
18
-250
-664
-684
-186
-147
-524
-644
-80
73
-324
-595
-327
15
-353
-680
-531
-31
-146
-514
-470
118
41
-382
-608
-221
-91
-514
-769
-480
-107
-400
-738
-486
79
-116
-434
-454
109
82
-344
-482
-36
273
8
-170
335
751
454
169
271
757
530
194
224
738
780
430
354
918
1032
592
254
442
708
280
-30
113
582
425
6
-11
474
320
-107
-337
66
178
-235
-460
-139
277
38
-259
-17
485
251
-80
-129
370
312
-69
-195
213
402
84
-100
365
685
331
-10
49
418
86
-298
-311
168
164
-220
-323
204
266
-150
-482
-277
-62
-481
-783
-623
-133
-253
-592
-516
7
-122
-478
-656
-233
-142
-527
-729
-410
-58
-308
-567
-281
168
-98
-430
-452
-15
-175
-591
-742
-346
-203
-544
-709
-219
87
-214
-428
-217
242
-52
-450
-450
19
77
-179
-108
545
663
328
98
410
655
303
91
348
804
631
301
475
1040
876
469
285
661
673
233
49
414
703
351
-29
188
501
144
-213
-162
359
215
-208
-339
78
191
-168
-321
194
455
101
-185
20
424
111
-245
-181
306
250
-93
-59
542
538
109
-184
115
282
-138
-384
-103
337
89
-292
-166
313
56
-381
-543
-100
-111
-538
-725
-325
-24
-347
-639
-303
78
-240
-571
-533
-47
-239
-636
-707
-217
-111
-459
-587
-45
158
-227
-548
-368
-44
-428
-770
-660
-133
-218
-581
-542
74
82
-236
-411
15
169
-293
-588
-297
246
127
-85
195
749
523
146
33
558
592
250
122
537
789
466
237
674
1049
669
288
270
707
455
97
60
553
562
85
-129
361
515
152
-94
175
499
55
-382
-314
215
159
-133
-61
573
507
105
-133
244
385
-24
-278
3
418
176
-120
131
619
324
-96
-250
196
123
-250
-400
11
191
-215
-522
-145
185
-172
-509
-454
-28
-306
-687
-729
-216
-163
-547
-665
-110
26
-341
-605
-329
-7
-386
-704
-580
-73
-186
-517
-420
154
43
-370
-594
-191
-85
-472
-687
-405
-52
-346
-640
-320
249
80
-212
-258
150
-3
-403
-460
101
431
183
4
437
716
367
78
258
742
523
196
179
653
673
344
299
805
823
372
81
365
637
287
-5
119
483
227
-175
-77
495
389
39
-131
241
245
-198
-386
-20
367
134
-105
196
627
320
-29
-61
379
236
-116
-179
288
448
107
-84
318
499
78
-235
-87
289
-36
-383
-377
68
-16
-394
-442
81
63
-362
-630
-343
-161
-570
-819
-600
-163
-362
-673
-503
35
-141
-489
-619
-195
-207
-613
-762
-376
-59
-326
-547
-198
175
-171
-506
-480
-29
-228
-605
-681
-236
-136
-434
-487
123
394
65
-234
-103
197
-142
-336
-96
514
482
142
143
699
655
314
162
595
794
371
97
336
745
523
215
396
877
589
226
133
602
520
52
-180
143
322
-41
-250
199
586
222
-157
-147
274
34
-292
-277
258
334
-19
-125
413
551
149
-116
140
481
126
-171
-26
465
319
-89
-70
478
370
-42
-255
126
228
-239
-509
-250
118
-168
-503
-287
168
-139
-528
-606
-144
-237
-656
-789
-357
-143
-493
-708
-270
73
-298
-623
-537
-101
-362
-705
-681
-142
-92
-455
-557
-28
53
-365
-617
-333
-17
-415
-723
-576
-65
-169
-419
-205
447
345
-114
-362
41
217
-68
-137
267
688
403
93
362
862
639
361
364
822
659
232
133
598
813
424
171
542
832
500
168
202
593
345
-118
-300
126
249
11
-153
224
298
102
-100
-19
172
-29
-174
-130
147
130
87
203
526
282
55
-8
300
243
18
-35
185
398
86
-116
74
429
232
-88
-224
37
48
-163
-402
-211
-49
-137
-408
-363
-163
-204
-325
-427
-321
-352
-412
-514
-428
-374
-384
-360
-231
-293
-403
-414
-302
-295
-417
-503
-399
-251
-301
-394
-349
-167
-188
-410
-528
-386
-259
-349
-509
-520
-327
-175
-117
-10
132
120
-27
-148
-167
10
218
329
365
332
368
436
509
515
531
619
696
625
399
379
498
598
540
412
414
531
529
414
311
345
308
169
-40
-107
7
100
125
96
68
68
45
-17
-44
-6
83
129
71
-31
-9
130
214
192
102
157
269
235
104
51
149
226
113
-71
-61
75
122
20
-81
-85
-12
-81
-187
-240
-183
-147
-198
-350
-416
-374
-315
-313
-369
-411
-327
-268
-321
-407
-398
-277
-200
-323
-487
-461
-347
-298
-383
-420
-313
-180
-238
-365
-391
-308
-264
-360
-497
-456
-364
-329
-377
-434
-364
-214
-99
-64
-56
16
43
20
-126
-144
54
294
407
391
352
484
562
509
432
491
656
699
519
376
437
557
573
441
382
439
508
423
300
267
298
259
107
-95
-121
-37
51
60
34
47
102
69
-11
-66
25
141
167
37
-23
73
202
211
132
123
259
321
226
122
149
245
223
25
-123
-72
23
21
-63
-76
3
31
-68
-183
-204
-147
-153
-264
-433
-463
-401
-323
-318
-344
-308
-184
-173
-259
-363
-324
-229
-247
-414
-498
-391
-265
-270
-337
-305
-146
-113
-233
-365
-348
-280
-325
-488
-567
-474
-360
-323
-344
-354
-279
-211
-221
-185
-111
28
71
-51
-214
-182
59
329
437
455
499
609
585
436
352
476
660
674
481
406
506
619
604
514
467
523
457
312
210
220
278
224
52
-108
-121
-49
11
27
28
75
120
37
-102
-159
-32
145
157
46
47
185
284
245
166
210
339
297
157
68
163
242
187
8
-49
19
60
5
-35
-17
55
-7
-147
-264
-273
-207
-187
-271
-363
-348
-295
-269
-306
-343
-264
-162
-200
-324
-384
-282
-189
-245
-402
-381
-249
-175
-249
-306
-238
-130
-188
-334
-398
-335
-278
-343
-476
-484
-405
-346
-366
-379
-373
-308
-328
-405
-440
-365
-156
20
43
-30
-80
-4
57
135
241
432
612
568
434
357
448
547
529
476
550
670
651
550
492
540
595
431
256
141
204
258
222
115
42
35
-12
-98
-151
-133
-1
49
5
-99
-106
-21
48
11
-47
63
193
236
179
162
303
400
296
124
89
211
289
212
77
101
145
92
-36
-96
-27
62
18
-93
-175
-175
-171
-200
-311
-343
-305
-245
-247
-291
-303
-197
-133
-195
-304
-305
-204
-143
-251
-350
-274
-151
-149
-247
-274
-154
-68
-165
-290
-316
-244
-249
-368
-467
-422
-343
-336
-392
-411
-380
-298
-328
-390
-447
-440
-405
-405
-471
-414
-179
72
188
111
25
119
208
268
297
429
614
643
488
368
447
599
647
623
602
669
652
524
404
380
388
303
145
-24
19
114
178
155
56
-3
-29
-117
-207
-247
-139
-29
-31
-206
-257
-105
118
239
235
247
350
333
233
157
278
426
419
224
73
110
192
209
166
164
186
144
11
-106
-122
-39
-19
-114
-294
-332
-260
-154
-135
-169
-148
-92
-147
-269
-345
-237
-104
-113
-282
-336
-233
-104
-95
-128
-83
29
-13
-163
-277
-235
-137
-170
-309
-403
-355
-295
-293
-317
-327
-259
-266
-375
-507
-547
-452
-367
-394
-528
-532
-461
-385
-386
-373
-198
81
198
189
101
106
155
139
137
284
510
664
663
607
619
681
638
533
474
503
543
499
360
284
310
319
221
74
-38
39
134
95
2
-95
-75
-90
-232
-371
-312
-120
1
-17
-73
-10
140
193
189
196
275
307
273
181
229
342
416
354
263
206
238
221
159
100
101
108
29
-136
-246
-197
-87
-62
-147
-208
-166
-93
-131
-216
-226
-132
-93
-206
-328
-270
-109
-20
-80
-139
-92
-3
-40
-102
-128
-39
4
-89
-264
-316
-260
-189
-204
-263
-273
-205
-214
-315
-427
-442
-387
-392
-526
-617
-555
-429
-384
-431
-463
-360
-288
-348
-449
-427
-251
-109
-121
-151
5
237
374
277
228
270
455
542
506
516
593
664
597
414
322
379
486
464
395
365
404
341
158
75
88
62
-124
-216
-117
-46
-50
-148
-57
65
2
-222
-218
47
84
-45
-68
138
253
62
-16
291
570
455
219
313
543
496
76
66
336
345
2
-165
146
263
10
-214
-37
224
-114
-435
-249
86
-4
-399
-279
107
88
-298
-379
49
252
-115
-348
-12
261
11
-314
-73
293
55
-367
-350
105
142
-309
-366
77
212
-288
-600
-161
121
-291
-721
-552
-88
-294
-803
-718
-135
-94
-608
-749
-205
-45
-468
-785
-449
-62
-398
-754
-482
102
41
-384
-234
395
407
-1
-120
425
608
181
-130
304
834
600
213
469
1012
774
319
162
569
537
18
-146
299
505
126
-230
196
504
137
-265
-212
279
31
-380
-387
135
253
-148
-307
246
425
76
-153
152
511
148
-211
-24
504
445
44
79
687
629
213
-49
325
456
7
-296
-69
282
11
-352
-137
353
106
-260
-320
167
138
-290
-446
6
242
-89
-351
57
449
129
-186
-108
337
99
-281
-305
169
190
-218
-370
173
324
-104
-400
-174
153
-239
-609
-516
-44
-182
-576
-563
1
-78
-510
-741
-357
-217
-641
-868
-560
-125
-365
-665
-418
124
-126
-530
-615
-121
-130
-513
-596
-87
275
30
-172
233
596
285
14
152
638
417
104
140
659
701
290
169
690
804
360
22
220
520
152
-156
-53
380
192
-171
-109
456
362
-41
-244
156
258
-177
-413
-100
329
112
-179
54
530
293
-39
-113
324
203
-174
-241
243
480
158
-63
343
623
225
-123
-48
354
65
-292
-305
169
170
-198
-266
287
365
-17
-274
28
343
-19
-312
-153
309
151
-187
-85
479
380
19
-177
207
229
-220
-440
-134
201
-85
-391
-109
320
15
-353
-407
33
-130
-550
-684
-258
-112
-481
-678
-224
24
-366
-676
-524
-99
-395
-755
-709
-208
-214
-575
-599
3
86
-279
-515
-190
72
-318
-584
-356
150
53
-194
52
644
483
75
-54
408
482
78
-98
349
723
442
126
422
820
478
90
52
514
339
-73
-133
340
463
36
-207
254
478
79
-260
-68
350
67
-268
-241
247
174
-203
-213
367
374
-23
-252
109
354
-65
-345
-113
353
154
-171
15
595
433
46
-125
290
260
-172
-352
66
416
104
-166
173
576
241
-128
-141
326
167
-211
-271
229
358
26
-118
363
529
116
-202
-12
358
6
-328
-259
231
147
-243
-259
297
252
-151
-411
-95
46
-388
-671
-429
-7
-260
-596
-412
111
-122
-505
-649
-200
-230
-644
-823
-427
-144
-433
-664
-256
134
-192
-487
-425
44
-170
-524
-556
-32
56
-300
-420
129
317
2
-187
156
592
256
-87
-26
443
322
-24
31
683
694
353
138
484
587
145
-137
88
474
198
-143
75
589
339
-14
-144
282
190
-232
-404
2
247
-68
-259
171
500
118
-245
-190
254
19
-314
-311
222
306
-41
-152
376
482
83
-200
39
338
-21
-316
-185
311
188
-131
-39
539
451
44
-183
176
282
-90
-264
64
449
205
-104
144
601
309
-43
-96
366
268
-116
-256
170
369
26
-187
214
462
84
-251
-167
222
-64
-414
-411
48
10
-371
-481
20
63
-330
-587
-313
-72
-440
-702
-536
-93
-265
-590
-466
78
-70
-433
-578
-144
-78
-459
-647
-304
33
-221
-462
-140
293
12
-315
-332
112
-60
-426
-502
-41
103
-235
-390
112
396
107
-96
117
488
127
-238
-203
287
257
-52
14
639
690
296
23
293
448
20
-257
-43
380
183
-114
80
607
386
-32
-186
229
199
-232
-413
-38
281
2
-225
151
527
165
-191
-170
275
74
-289
-298
243
373
12
-133
366
538
125
-176
24
370
8
-319
-209
299
212
-156
-134
455
422
29
-185
174
346
-68
-297
-22
412
174
-147
85
599
349
-32
-134
339
293
-137
-305
99
355
1
-249
137
505
134
-219
-178
250
-19
-425
-480
-1
58
-333
-468
66
207
-202
-480
-248
88
-290
-600
-477
37
-84
-449
-391
202
131
-263
-466
-66
77
-343
-567
-273
147
-111
-430
-196
306
25
-349
-433
44
-32
-423
-561
-135
100
-276
-512
-124
194
-204
-536
-445
37
-143
-398
-291
305
377
-3
-145
354
437
28
-193
148
558
267
43
203
671
470
55
82
632
496
93
-74
353
468
41
-204
79
435
130
-190
41
497
185
-172
-233
240
142
-263
-410
39
279
-74
-363
55
467
170
-156
-114
359
245
-101
-266
144
325
87
-128
267
427
272
24
28
210
40
-111
-130
105
40
-40
15
366
259
55
23
248
198
-88
-241
-35
243
61
-140
14
417
284
-12
-174
144
203
-34
-279
-106
159
122
-98
-56
178
132
-31
-151
-27
-15
-96
-239
-187
-126
-113
-112
15
-3
-105
-163
-107
-88
-198
-292
-232
-85
-98
-194
-166
21
46
-158
-310
-211
-89
-142
-272
-287
-140
-62
-156
-205
-131
-104
-149
-282
-362
-322
-244
-251
-299
-343
-306
-231
-215
-304
-380
-363
-280
-292
-401
-307
-109
76
95
58
118
258
254
128
41
138
258
301
258
308
436
481
406
299
245
269
277
218
147
142
206
236
154
19
8
93
136
61
-56
-9
119
101
-26
-77
30
146
99
-36
-2
143
197
115
53
117
272
262
179
122
164
193
142
-1
-61
-17
36
27
-28
-71
16
61
-17
-139
-189
-119
-59
-157
-276
-216
-77
-7
-65
-77
37
178
132
17
-13
75
143
85
-5
58
199
273
251
196
201
265
237
143
60
99
181
212
90
-2
32
103
63
-35
-100
14
83
2
-142
-158
-57
-36
-186
-318
-250
-134
-116
-204
-231
-123
-21
-98
-203
-209
-118
-77
-149
-277
-272
-213
-177
-218
-256
-212
-105
-101
-185
-284
-270
-211
-231
-384
-467
-398
-274
-264
-330
-330
-185
-127
-221
-347
-321
-221
-210
-346
-447
-347
-221
-192
-227
-162
29
189
207
187
215
304
315
234
99
101
185
291
349
374
454
595
596
479
316
274
288
219
35
-38
76
217
205
121
122
236
237
79
-68
-68
9
-19
-172
-244
-152
-40
-7
-15
15
118
177
114
31
-8
45
99
75
-7
31
153
260
251
180
176
264
237
109
-4
51
152
132
-28
-71
26
114
65
-26
-24
91
93
-16
-108
-85
-11
3
-79
-127
-40
69
118
100
84
147
213
173
83
36
133
231
188
58
48
141
193
122
27
64
191
157
19
-78
-20
34
-45
-219
-253
-152
-75
-107
-146
-121
-27
-42
-138
-220
-209
-133
-104
-170
-222
-163
-64
-12
-45
-85
-15
76
37
-75
-133
-51
13
-73
-234
-221
-88
-21
-100
-175
-129
-34
-113
-274
-364
-291
-227
-277
-404
-403
-310
-257
-287
-324
-306
-209
-195
-262
-339
-331
-261
-228
-307
-385
-313
-162
-59
-51
-36
117
267
243
117
68
168
242
161
33
109
291
392
354
326
396
481
381
221
127
170
204
168
60
63
151
214
194
144
114
172
173
85
-31
-41
59
118
34
-62
-5
129
166
79
17
109
203
117
-16
-30
100
171
86
-42
-4
93
88
-18
-75
-24
55
7
-65
-89
-17
35
1
-129
-179
-141
-83
-82
-118
-126
-6
65
16
-87
-74
41
96
-11
-112
-32
111
149
85
71
208
311
234
122
114
214
232
125
-9
18
95
111
67
49
102
178
138
45
-43
-37
-6
-33
-172
-234
-161
-57
-44
-110
-131
-23
20
-80
-222
-212
-103
-76
-208
-295
-196
-62
-43
-113
-119
3
70
-29
-136
-147
-74
-63
-144
-254
-225
-142
-95
-128
-162
-137
-64
-97
-200
-305
-273
-189
-184
-313
-351
-248
-136
-144
-228
-234
-109
-80
-187
-299
-245
-120
-97
-219
-288
-187
-78
-69
-110
-84
65
167
147
105
116
197
224
147
17
25
123
216
225
216
279
403
384
255
121
147
208
173
17
-13
118
237
213
138
148
265
258
128
7
28
105
87
-35
-97
-13
86
105
79
81
165
215
133
21
-25
36
95
47
-57
-32
77
144
94
15
29
117
69
-53
-133
-53
41
10
-134
-156
-56
15
-23
-79
-56
64
68
-23
-108
-79
5
20
-63
-108
-28
79
107
64
33
111
182
135
44
17
115
181
116
-18
-6
95
152
97
43
100
205
150
17
-69
-9
47
-7
-146
-164
-71
-1
-38
-94
-86
9
5
-87
-172
-152
-75
-57
-157
-224
-160
-52
-18
-61
-84
8
81
16
-103
-141
-51
-1
-84
-212
-180
-77
-37
-109
-166
-115
-13
-69
-189
-260
-198
-148
-204
-348
-373
-285
-201
-207
-234
-201
-83
-67
-157
-256
-237
-152
-123
-219
-279
-190
-61
-25
-78
-101
3
82
22
-78
-74
53
135
73
-31
16
133
180
120
81
150
262
234
147
90
162
227
190
33
26
146
198
130
80
181
299
213
86
69
211
217
45
-45
93
186
21
-59
96
276
206
-19
15
259
183
-89
-145
99
174
-72
-247
68
290
112
-105
-31
252
141
-244
-188
109
129
-201
-253
127
227
-59
-232
53
300
-1
-307
-93
251
126
-238
-123
298
227
-146
-220
177
348
-46
-243
117
385
87
-245
48
420
170
-255
-213
259
238
-228
-252
256
405
-70
-332
140
431
6
-406
-208
267
53
-438
-328
270
304
-255
-380
161
302
-156
-482
-132
238
-104
-489
-214
345
226
-276
-224
350
293
-181
-374
66
255
-203
-485
-96
339
86
-365
-115
384
148
-279
-367
106
74
-409
-560
-99
184
-155
-456
-31
309
-19
-382
-308
142
-93
-506
-494
24
132
-246
-385
172
315
-57
-328
-58
279
-87
-433
-292
178
81
-305
-257
339
297
-58
-231
173
325
-112
-375
-98
276
45
-249
18
568
358
19
-58
392
325
-105
-251
174
414
110
-113
306
658
291
-39
31
451
214
-161
-176
306
337
-48
-177
360
500
84
-196
49
362
-1
-321
-196
279
150
-216
-177
394
318
-106
-324
64
196
-208
-421
-107
294
37
-288
-64
436
181
-214
-292
186
127
-259
-384
61
294
-43
-276
132
474
140
-199
-114
311
68
-272
-266
224
266
-89
-178
342
442
37
-241
12
303
-74
-365
-206
268
134
-216
-147
403
288
-111
-312
82
176
-245
-465
-149
225
-29
-323
-59
406
144
-223
-289
157
43
-346
-448
-5
193
-142
-330
117
400
31
-289
-172
232
-68
-427
-395
105
105
-271
-331
229
303
-97
-366
-79
182
-228
-532
-358
113
-49
-400
-273
293
170
-202
-370
55
118
-303
-503
-164
189
-91
-364
-36
422
132
-213
-228
244
90
-319
-413
42
215
-145
-323
184
458
74
-238
-80
341
30
-324
-263
266
262
-111
-158
412
450
44
-204
137
411
20
-243
-25
437
233
-127
6
565
390
4
-136
336
382
-57
-268
103
422
85
-221
101
543
215
-156
-163
337
181
-237
-332
157
300
-85
-284
200
445
57
-254
-90
321
1
-352
-307
211
167
-208
-235
337
337
-71
-328
10
245
-152
-404
-165
307
97
-246
-88
467
266
-125
-274
184
202
-214
-405
-11
327
32
-235
109
522
190
-165
-189
262
71
-299
-349
155
291
-56
-217
261
437
24
-291
-114
252
-87
-395
-305
212
145
-214
-208
366
328
-72
-310
31
213
-197
-448
-198
243
18
-299
-112
415
189
-180
-308
138
102
-309
-479
-91
188
-127
-364
17
397
50
-277
-263
160
-90
-465
-504
-4
81
-275
-386
155
322
-69
-352
-137
204
-157
-465
-364
150
67
-273
-231
355
300
-88
-307
56
198
-188
-422
-157
255
31
-265
-47
451
202
-138
-202
280
243
-114
-250
141
351
9
-227
177
531
207
-84
8
439
181
-181
-224
244
281
-57
-150
384
497
109
-165
73
359
-8
-297
-170
293
154
-177
-107
441
333
-42
-239
135
222
-172
-379
-80
287
33
-246
13
463
179
-171
-231
216
112
-254
-363
61
235
-112
-311
108
379
16
-278
-148
261
-10
-327
-305
184
187
-153
-205
329
376
-16
-252
48
298
-73
-330
-144
302
122
-205
-80
466
309
-67
-217
192
219
-202
-387
-39
291
2
-263
44
456
134
-221
-244
204
41
-326
-392
71
203
-152
-302
174
396
-1
-296
-121
257
-69
-396
-319
195
148
-213
-228
329
321
-91
-322
11
215
-198
-461
-236
202
-12
-343
-171
362
149
-235
-365
76
60
-364
-524
-137
172
-140
-397
-38
361
20
-316
-292
167
-41
-405
-438
66
187
-172
-297
216
402
-7
-303
-101
262
-96
-410
-312
196
108
-262
-255
315
283
-108
-304
66
253
-152
-372
-93
349
129
-173
41
567
331
-26
-109
368
333
-82
-235
156
415
73
-164
227
610
258
-75
-49
376
121
-259
-285
212
282
-87
-211
300
430
14
-264
-40
300
-63
-358
-240
258
146
-201
-148
421
336
-56
-257
121
266
-144
-357
-77
320
53
-258
-31
470
201
-154
-229
227
137
-273
-407
13
246
-92
-297
130
469
98
-211
-130
299
36
-305
-308
185
213
-150
-229
319
418
13
-248
-1
295
-86
-361
-213
271
120
-221
-139
421
286
-111
-290
108
200
-219
-432
-134
235
-38
-318
-56
413
124
-211
-255
197
94
-288
-416
30
265
-63
-323
97
476
153
-196
-192
223
79
-250
-388
19
195
-28
-225
142
258
77
-172
-151
38
-119
-239
-237
2
-64
-164
-117
188
59
-151
-177
57
18
-233
-355
-125
149
-40
-232
-83
298
172
-96
-220
89
135
-101
-335
-169
77
37
-176
-119
99
44
-124
-236
-114
-57
-56
-110
-6
55
30
-12
81
62
4
27
162
217
112
5
43
142
107
23
92
311
344
137
-14
88
196
111
-48
-87
49
132
66
58
148
183
123
-37
-145
-133
-58
-40
-37
-34
34
122
117
18
-46
-8
97
69
-87
-78
21
94
10
-74
-24
155
176
64
-38
15
64
11
-128
-159
-62
-8
-24
-37
-9
78
116
46
-55
-100
-48
0
-42
-118
-64
64
124
40
-79
-24
117
105
-27
-78
15
106
35
-120
-93
51
100
19
-59
-20
97
53
-47
-107
-52
-2
-21
-124
-137
-62
-4
-22
-92
-144
-43
33
-8
-88
-97
16
91
-12
-163
-132
-19
23
-59
-102
-4
118
71
-38
-59
29
77
-10
-142
-123
-36
0
-37
-80
-45
55
49
-36
-120
-85
-5
14
-120
-209
-145
-27
-8
-67
-95
42
125
51
-94
-100
15
58
-73
-184
-109
3
14
-76
-95
17
106
-1
-131
-158
-69
-20
-63
-139
-75
32
77
11
-59
-34
98
151
116
60
96
171
152
7
-67
12
153
181
117
110
233
275
160
41
59
145
146
-7
-107
-6
115
94
-15
-42
55
127
73
8
3
78
95
1
-149
-164
-91
4
39
31
71
184
189
97
-14
13
87
71
-92
-166
-62
61
48
-21
5
157
186
62
-59
-29
69
48
-113
-206
-131
-25
15
7
37
129
173
90
-13
-67
-33
12
-16
-111
-95
4
95
97
52
72
175
148
23
-102
-59
37
11
-141
-174
-57
52
26
-38
-23
97
92
-42
-157
-151
-75
-59
-135
-187
-113
-22
7
-29
-53
5
66
22
-80
-143
-67
18
-22
-142
-126
-3
80
27
-58
-13
120
91
-54
-153
-77
8
-28
-170
-181
-64
9
-40
-99
-85
16
15
-63
-130
-101
-26
-2
-83
-151
-102
-10
32
-6
-51
14
99
44
-82
-143
-51
27
-42
-198
-177
-43
15
-73
-147
-76
64
19
-111
-171
-66
30
2
-138
-145
-55
31
49
56
96
189
182
92
10
17
90
140
81
4
61
156
180
113
56
130
216
134
-14
-78
35
117
27
-134
-107
20
73
9
-37
28
130
68
-62
-123
-51
14
8
-67
-57
14
55
35
1
1
83
101
30
-57
-60
29
78
-25
-132
-77
39
67
-24
-83
19
122
44
-98
-122
6
81
-7
-131
-92
11
24
-44
-64
16
129
116
73
78
132
151
95
-19
-27
54
148
154
101
70
152
187
116
3
3
97
129
-24
-172
-128
0
17
-68
-103
5
97
22
-87
-101
-18
-15
-120
-227
-163
-61
-15
-32
-39
19
91
49
-24
-71
-21
36
18
-115
-178
-104
10
22
-39
-55
59
99
-7
-158
-164
-65
-37
-174
-265
-173
-49
-38
-98
-98
26
92
3
-92
-94
-11
8
-65
-152
-106
-14
41
17
-7
30
116
87
-9
-108
-73
5
1
-138
-194
-110
-5
-12
-81
-71
68
95
-24
-149
-112
5
33
-82
-149
-59
46
54
17
39
153
211
138
51
42
119
161
107
6
28
113
171
142
101
139
240
211
86
-28
19
104
83
-76
-120
-22
61
21
-54
-34
97
103
-17
-126
-100
-17
-22
-127
-177
-89
4
16
-14
-12
76
128
56
-40
-77
-4
54
-1
-112
-97
5
72
31
-25
28
144
119
-5
-94
-33
44
2
-145
-165
-56
29
-8
-61
-32
120
156
73
-29
-49
16
37
-7
-21
64
145
124
47
4
101
193
147
36
-17
41
81
-9
-131
-94
36
70
-15
-100
-36
99
70
-61
-152
-86
-5
-31
-160
-172
-81
-14
-55
-108
-91
32
55
-22
-113
-99
-33
-6
-99
-151
-83
13
12
-61
-96
-2
77
18
-94
-127
-34
11
-77
-212
-172
-57
-5
-73
-115
-43
83
45
-67
-137
-69
1
-38
-168
-181
-82
-4
-24
-79
-63
56
87
7
-93
-92
-22
-8
-119
-199
-136
-30
-18
-84
-100
34
146
93
-48
-106
-28
36
-19
-104
-37
82
118
44
6
117
254
163
62
73
180
124
2
5
119
154
40
-2
160
262
180
-7
108
234
81
-131
-76
144
104
-172
-192
120
240
4
-143
47
242
33
-309
-117
138
78
-217
-138
191
146
-138
-195
168
277
-142
-274
34
268
-22
-312
-15
289
78
-284
-175
251
223
-197
-220
181
252
-128
-292
121
309
-58
-366
-135
286
72
-313
-124
349
283
-215
-228
327
375
-103
-344
52
358
-34
-374
-24
484
260
-236
-93
430
307
-171
-327
129
236
-224
-420
34
406
49
-340
-14
430
154
-287
-266
203
104
-371
-436
107
323
-73
-338
141
417
38
-302
-160
272
5
-430
-351
168
214
-203
-291
277
344
-35
-302
-2
262
-155
-480
-269
194
79
-301
-191
380
256
-102
-257
152
208
-234
-459
-129
223
-23
-334
-39
416
147
-174
-193
275
138
-287
-407
4
168
-143
-340
107
389
52
-224
-90
297
1
-358
-336
128
112
-231
-293
252
328
-54
-277
9
272
-92
-366
-185
236
65
-266
-153
420
298
-67
-215
192
259
-140
-325
10
335
53
-227
59
516
231
-132
-160
300
171
-202
-290
151
311
-28
-216
231
495
113
-217
-86
305
25
-300
-256
240
220
-136
-188
349
397
3
-259
39
280
-98
-352
-150
283
109
-211
-85
442
279
-95
-242
174
188
-231
-397
-35
285
-3
-266
57
484
178
-182
-203
254
91
-290
-368
87
227
-113
-272
208
449
82
-222
-73
288
-46
-373
-305
185
136
-216
-225
337
348
-38
-273
47
241
-186
-449
-218
224
24
-308
-139
408
220
-154
-294
149
142
-294
-479
-112
198
-104
-363
-13
395
88
-234
-220
239
35
-354
-425
37
148
-199
-338
168
358
-23
-290
-87
291
-56
-385
-303
187
128
-232
-220
360
337
-44
-265
92
284
-130
-383
-148
265
34
-304
-117
419
204
-167
-277
181
162
-244
-399
-7
294
-9
-260
91
448
113
-179
-102
376
151
-240
-300
191
281
-70
-199
319
479
63
-231
-5
373
38
-273
-187
303
198
-169
-161
410
353
-41
-267
98
262
-133
-366
-107
304
58
-252
-43
460
211
-155
-258
212
165
-214
-343
70
315
-21
-260
132
484
123
-213
-166
265
14
-338
-356
156
224
-135
-253
263
390
-3
-290
-68
250
-101
-388
-262
227
114
-214
-159
396
301
-76
-280
87
197
-195
-389
-87
297
52
-221
50
533
252
-113
-200
254
158
-228
-354
67
281
-45
-242
183
505
155
-160
-101
290
12
-324
-319
174
205
-128
-204
328
406
20
-235
7
269
-112
-384
-243
214
58
-256
-155
397
265
-107
-290
99
168
-238
-440
-138
213
-50
-326
-61
394
117
-214
-275
156
32
-330
-441
-25
149
-166
-334
109
375
31
-247
-134
247
-42
-351
-327
144
133
-190
-225
308
334
-45
-282
11
239
-129
-383
-212
222
52
-256
-122
408
247
-110
-257
150
179
-197
-373
-50
247
-35
-290
14
413
114
-204
-204
228
63
-278
-341
99
215
-129
-282
192
411
51
-217
-38
313
-5
-311
-246
230
178
-168
-181
350
342
-31
-241
88
275
-109
-339
-110
302
93
-209
-39
460
244
-107
-202
240
208
-193
-344
29
302
-13
-245
115
491
150
-172
-132
303
91
-265
-294
180
258
-100
-230
263
410
15
-259
-42
291
-68
-365
-254
239
142
-207
-177
375
307
-84
-278
94
238
-172
-393
-114
292
35
-277
-59
441
181
-189
-274
194
131
-284
-425
-9
247
-79
-300
102
445
77
-251
-200
232
-27
-376
-377
126
186
-174
-270
258
373
-39
-306
-61
253
-130
-417
-275
223
93
-256
-187
392
291
-105
-304
78
189
-240
-451
-153
242
-20
-313
-62
433
150
-195
-250
214
110
-295
-402
38
269
-83
-300
126
437
53
-255
-151
291
-3
-364
-369
136
166
-204
-287
261
351
-45
-279
9
312
-71
-348
-198
289
142
-186
-82
482
337
-51
-211
216
308
-105
-304
-4
355
65
-216
71
541
227
-121
-167
291
150
-231
-319
127
303
-65
-252
192
461
64
-228
-95
318
5
-322
-294
203
187
-169
-216
336
376
-34
-266
23
266
-121
-356
-161
294
93
-238
-122
414
229
-142
-276
148
178
-233
-394
-50
283
-13
-275
31
463
142
-181
-193
245
62
-292
-353
106
241
-106
-256
204
427
41
-227
-69
292
-41
-337
-269
221
172
-162
-190
343
383
12
-252
-13
238
-62
-363
-245
190
132
-120
-101
307
205
34
-153
61
81
-120
-216
-66
85
-20
-95
126
306
17
-106
-47
193
-80
-245
-241
103
143
-133
-203
132
321
45
-193
-122
160
85
-154
-276
-17
90
-4
-176
36
139
75
-70
-66
9
-20
-86
-130
-39
-40
-53
30
124
-1
-90
-53
69
7
-126
-172
-26
24
-88
-153
1
191
95
-134
-173
-8
35
-71
-163
-99
50
30
-46
-7
76
70
4
-78
-106
-47
-15
-29
-56
-68
23
96
111
7
-39
5
80
-26
-174
-112
13
64
-15
-82
29
167
119
-22
-72
26
38
-37
-161
-106
7
33
-5
-32
7
94
87
10
-68
-65
-3
18
-58
-121
-49
67
88
3
-73
36
116
32
-103
-104
22
87
-25
-117
-24
110
96
0
-57
34
127
67
-8
-22
48
85
43
-45
-29
35
75
44
-19
-22
94
121
52
-34
-5
97
121
-43
-127
-42
68
51
-50
-55
82
156
61
-45
-21
60
67
-63
-155
-89
-15
1
-38
-60
15
95
73
-16
-74
-33
23
-7
-148
-174
-77
17
1
-72
-55
93
109
-8
-126
-72
37
18
-154
-195
-83
25
-2
-67
-42
91
116
6
-81
-43
35
43
-51
-121
-62
14
35
-6
-29
34
108
64
-35
-86
-10
70
27
-115
-126
-25
65
19
-57
-21
125
116
-7
-90
-18
69
31
-133
-166
-62
17
-26
-70
-23
105
125
42
-27
2
67
70
-28
-115
-85
-18
33
12
-10
65
165
138
34
-39
30
102
36
-131
-134
2
92
45
1
80
222
188
56
-25
42
94
23
-120
-125
-25
43
37
32
71
172
167
86
1
-19
24
39
-45
-131
-86
30
96
62
8
70
156
95
-41
-115
-26
42
-45
-189
-145
-2
70
13
-33
32
134
67
-57
-116
-51
6
-24
-128
-131
-42
45
53
17
3
72
94
21
-92
-103
1
67
-23
-123
-59
78
124
34
-33
60
156
69
-79
-110
6
65
-28
-159
-104
26
63
-3
-36
22
107
55
-39
-97
-49
5
-11
-130
-164
-93
-6
6
-53
-88
13
58
-21
-146
-149
-40
6
-122
-232
-134
13
31
-64
-94
24
106
5
-127
-142
-39
-9
-99
-200
-131
-24
15
-25
-52
-10
76
43
-34
-97
-66
1
10
-96
-141
-56
57
67
-9
-41
74
123
22
-109
-92
33
68
-59
-134
-17
120
116
24
-6
102
161
61
-35
-32
55
90
32
-61
-21
61
95
62
19
30
105
94
29
-48
-2
95
112
-22
-91
-12
95
83
-12
-27
117
164
50
-67
-20
108
120
-30
-119
-29
62
37
-21
-16
89
133
53
-24
-28
37
65
5
-101
-105
-46
12
-3
-45
-12
113
119
25
-79
-35
56
43
-127
-187
-83
28
-7
-78
-45
116
146
32
-67
-23
68
47
-86
-152
-76
-8
2
-21
-8
78
137
78
0
-39
7
52
-1
-130
-137
-37
60
46
-16
19
150
142
15
-93
-27
69
30
-141
-170
-46
54
22
-34
2
135
131
15
-71
-38
30
24
-83
-141
-78
5
36
12
-9
49
115
68
-32
-93
-27
43
-10
-144
-130
-9
76
30
-37
22
156
122
-18
-103
-22
57
9
-140
-148
-35
38
2
-40
-11
94
91
12
-59
-44
16
28
-61
-131
-85
6
40
0
-40
34
119
71
-50
-107
-21
44
-34
-180
-145
-8
64
2
-55
17
129
75
-45
-105
-28
31
-22
-147
-149
-52
12
1
-27
-10
81
79
-3
-103
-101
-27
10
-79
-157
-96
24
61
-3
-53
38
126
55
-82
-122
-17
44
-46
-169
-117
18
67
9
-26
40
141
85
-14
-69
-6
48
17
-94
-105
-17
62
52
5
-1
103
131
52
-57
-53
39
72
-47
-145
-73
50
71
-1
-34
79
154
61
-69
-87
10
58
-23
-136
-90
14
48
-2
-32
23
112
68
-22
-80
-26
35
17
-104
-127
-47
43
33
-25
-32
82
109
16
-99
-80
20
50
-71
-155
-69
46
55
-18
-37
67
135
48
-59
-75
15
47
-41
-148
-108
-5
45
8
-30
21
117
83
-16
-88
-38
34
14
-113
-144
-47
53
41
-29
-29
90
115
19
-94
-68
24
33
-99
-169
-79
35
38
-21
-30
76
132
49
-56
-73
11
51
-21
-127
-90
6
55
11
-25
49
158
69
-39
-40
75
56
-53
-74
10
46
-47
-73
80
189
109
-80
25
169
57
-138
-92
117
92
-169
-192
116
253
30
-131
38
242
57
-270
-90
152
88
-213
-141
194
178
-99
-168
180
295
-118
-252
49
291
8
-289
-8
293
92
-282
-192
228
218
-190
-214
178
263
-105
-277
118
310
-46
-351
-133
277
64
-324
-144
328
268
-235
-262
268
312
-166
-406
-19
292
-93
-438
-90
418
200
-299
-167
348
239
-228
-379
78
196
-252
-440
10
390
43
-337
-17
414
136
-302
-269
204
119
-351
-427
101
310
-84
-335
142
412
42
-302
-164
262
4
-418
-333
181
229
-177
-258
294
358
-23
-283
16
278
-117
-430
-226
226
104
-273
-153
405
276
-89
-229
187
252
-182
-400
-72
263
10
-298
6
458
199
-124
-144
306
170
-249
-348
75
234
-89
-287
155
430
91
-189
-45
346
64
-289
-257
201
178
-175
-229
316
385
-6
-233
58
306
-68
-354
-164
262
78
-259
-139
420
283
-106
-248
165
233
-176
-375
-38
281
-14
-299
4
461
175
-192
-210
244
112
-274
-356
99
253
-96
-279
183
453
66
-263
-117
284
-5
-350
-293
208
184
-188
-240
303
351
-52
-312
-4
243
-134
-389
-175
266
85
-251
-124
396
227
-152
-294
129
151
-262
-433
-75
239
-53
-319
-1
419
115
-233
-236
217
56
-320
-388
74
222
-117
-284
174
401
43
-251
-94
266
-44
-353
-282
195
153
-183
-184
356
359
-20
-234
86
275
-129
-376
-147
275
81
-236
-70
446
269
-90
-222
195
187
-220
-386
-37
250
-39
-275
74
448
157
-160
-142
280
83
-273
-325
107
210
-116
-238
233
397
43
-217
-18
307
-19
-314
-226
219
136
-209
-186
346
307
-56
-240
109
276
-113
-353
-118
254
43
-261
-72
409
211
-125
-207
218
180
-197
-337
23
246
-53
-278
86
409
89
-209
-126
287
73
-285
-304
146
199
-147
-262
215
344
-26
-284
-36
281
-33
-324
-198
240
136
-203
-173
322
246
-122
-301
64
196
-156
-359
-85
259
32
-247
-31
384
137
-210
-262
159
90
-265
-356
50
245
-60
-264
103
364
31
-275
-165
224
5
-318
-293
162
197
-117
-193
270
335
-27
-273
-32
217
-95
-345
-171
240
125
-166
-72
389
265
-89
-243
110
166
-199
-366
-53
257
34
-206
65
438
180
-147
-174
212
86
-271
-341
72
237
-48
-195
208
423
95
-193
-70
246
-15
-320
-260
174
168
-132
-145
328
345
-2
-206
69
252
-95
-338
-136
235
77
-212
-61
390
240
-103
-209
168
182
-190
-353
-27
237
-11
-248
54
402
144
-167
-144
231
85
-260
-313
85
196
-102
-230
182
345
27
-222
-40
258
-15
-312
-219
179
119
-197
-180
289
272
-77
-255
63
214
-127
-356
-126
214
35
-258
-90
324
148
-186
-250
133
122
-226
-346
10
225
-43
-261
57
338
53
-244
-160
208
39
-293
-297
109
174
-133
-234
188
301
-36
-271
-39
235
-41
-318
-180
210
125
-189
-142
295
231
-111
-253
83
199
-135
-326
-52
251
51
-218
-17
353
145
-181
-196
186
134
-210
-292
76
243
-37
-223
123
354
50
-238
-110
228
35
-271
-218
190
209
-107
-171
243
299
-51
-270
-11
210
-81
-325
-128
240
120
-179
-85
327
216
-136
-241
114
172
-172
-327
-7
263
39
-210
39
369
130
-199
-178
188
93
-254
-293
101
234
-51
-201
168
351
38
-236
-70
231
3
-302
-203
196
183
-127
-137
286
296
-58
-247
36
201
-117
-346
-109
236
91
-197
-58
332
195
-158
-233
119
139
-202
-331
13
242
7
-219
62
348
86
-232
-166
179
53
-277
-278
115
205
-91
-207
177
310
-12
-259
-50
217
-31
-320
-182
205
151
-161
-142
268
251
-97
-253
57
192
-121
-325
-63
242
73
-202
-30
331
172
-158
-189
162
144
-197
-292
61
247
-5
-204
92
329
65
-224
-114
210
51
-268
-230
154
201
-95
-178
198
287
-38
-261
-22
205
-50
-311
-137
222
139
-158
-99
280
218
-120
-238
82
174
-132
-304
-20
240
49
-201
2
318
131
-186
-171
165
108
-222
-275
86
226
-34
-201
114
308
33
-240
-99
190
10
-288
-211
163
178
-110
-151
219
270
-46
-239
9
189
-68
-313
-121
220
133
-152
-97
268
226
-100
-229
41
135
-110
-289
-78
156
74
-136
-14
195
96
-95
-134
41
7
-158
-159
39
78
-47
-79
104
156
-41
-164
-9
101
-66
-218
-128
122
91
-99
-96
131
165
-31
-166
-27
101
-28
-180
-118
53
63
-43
-48
74
72
-30
-73
4
-4
-65
-90
-15
28
-15
-35
58
89
-16
-81
-24
49
-24
-126
-87
41
47
-34
-56
42
88
10
-79
-37
10
-16
-60
-41
2
22
22
32
48
20
-6
-8
-24
-35
-48
-17
1
-13
-14
34
69
41
8
4
23
6
-38
-6
18
-22
-30
-19
31
11
-28
-4
56
37
-17
-30
16
21
-27
-48
-12
4
-16
-14
29
43
3
-10
28
34
-27
-36
8
31
-12
-39
-3
34
13
-15
19
43
24
5
26
43
4
-37
-9
14
-11
-36
2
42
29
3
23
63
35
-26
-30
3
-8
-45
-36
15
43
30
25
51
43
6
4
23
2
-46
-49
5
18
-16
-10
33
49
8
-15
14
29
-16
-54
-15
24
-5
-27
10
56
37
-1
16
48
17
-45
-38
7
-6
-54
-43
20
43
0
-8
44
54
1
-41
-9
22
-11
-48
-19
25
16
-15
-1
30
24
-14
-23
4
6
-17
-12
18
30
18
9
17
10
-8
-15
-5
-1
-9
-10
6
17
10
-3
-10
-8
-4
-7
-12
-12
-1
16
17
11
6
13
6
-18
-29
-15
-3
-26
-36
-9
20
6
-19
-10
15
1
-34
-39
-10
-10
-35
-28
8
24
4
-3
24
29
-5
-30
-15
-5
-38
-56
-20
22
7
-17
9
45
30
-15
-18
12
3
-45
-51
-8
13
-10
-10
31
58
28
-8
0
13
-14
-51
-41
-13
-14
-33
-18
15
16
-13
-19
3
6
-25
-40
-23
-8
-16
-25
-10
9
1
-14
-10
-4
-12
-34
-38
-26
-20
-23
-16
1
13
12
9
19
25
17
-4
-12
-11
-20
-36
-37
-24
-12
-12
-10
0
12
5
-9
-6
4
-6
-22
-23
-6
1
-8
-9
3
13
-4
-16
-6
7
-8
-28
-22
-5
-5
-20
-17
8
15
-1
-5
14
22
3
-7
4
10
-12
-26
-15
2
-6
-22
-7
15
7
-18
-16
4
8
-15
-21
3
15
-2
-11
9
24
9
-12
-6
6
-5
-29
-25
-6
-3
-15
-11
15
24
6
2
16
19
3
-14
-8
2
-7
-19
-7
13
9
-4
6
23
23
2
-5
1
3
-10
-21
-8
10
13
7
15
31
26
6
-10
-12
-10
-23
-28
-13
4
5
1
8
21
19
2
-5
2
2
-9
-10
3
16
10
9
23
39
26
-2
-5
8
-2
-33
-37
-11
1
-13
-14
14
34
14
-8
-4
12
-6
-37
-33
-3
7
-10
-5
23
30
10
-7
-3
-4
-37
-55
-39
-20
-27
-35
-12
20
20
-2
-3
11
-1
-33
-41
-22
-17
-31
-33
-6
15
-1
-12
-2
14
-2
-31
-29
-16
-19
-29
-20
12
25
16
11
20
25
-3
-25
-28
-27
-42
-53
-33
-1
15
10
12
26
23
0
-14
-13
-6
-23
-33
-19
-3
-4
-9
2
21
20
-2
-15
-12
-19
-37
-42
-30
-14
-19
-16
2
22
14
-9
-12
-8
-15
-39
-45
-26
-15
-23
-24
-6
14
7
-6
1
10
-5
-26
-23
-13
-11
-21
-15
7
16
9
11
19
9
-19
-34
-27
-20
-30
-33
-13
14
16
5
12
22
12
-12
-21
-16
-19
-36
-39
-24
-10
-12
-18
-1
11
8
-10
-12
-7
-13
-29
-36
-25
-13
-9
-2
12
17
6
-4
-4
-7
-15
-25
-21
-13
-12
-19
-11
3
5
-3
-9
-9
-9
-18
-24
-19
-13
-16
-21
-11
-3
-2
-11
-15
-14
-16
-22
-26
-20
-15
-15
-10
2
10
7
2
7
11
4
-9
-11
-2
-3
-11
-12
-3
3
-5
-8
-2
3
1
-5
1
4
-1
-11
-4
9
8
-3
-8
-2
2
-12
-20
-17
-14
-15
-21
-14
-7
-8
-18
-12
1
5
2
3
8
11
3
2
5
4
-5
-13
-4
0
-4
-6
2
6
4
-1
4
7
4
-4
-8
-2
4
4
4
8
7
4
-1
1
2
-5
-13
-13
-9
-8
-10
-10
-3
4
5
4
7
8
7
1
1
4
6
1
0
1
-2
-5
-8
-4
-1
-4
-8
-5
1
2
-2
-1
3
8
4
3
8
7
4
1
6
12
11
7
6
6
1
-8
-13
-16
-15
-16
-12
-7
-2
0
4
9
13
7
4
1
-7
-15
-20
-16
-13
-9
-6
2
12
10
4
-1
-1
-5
-12
-14
-7
0
6
8
17
17
14
8
4
-4
-12
-14
-11
-5
-8
-6
0
8
6
3
-1
0
-7
-13
-16
-12
-10
-11
-9
-3
6
6
4
4
4
0
-5
-8
-8
-13
-14
-5
7
11
13
15
20
16
6
0
1
1
-5
-6
-4
1
1
-2
1
9
5
-4
-8
-9
-11
-15
-13
-5
2
2
-2
3
7
2
-3
-6
-7
-10
-11
-10
-6
-3
-6
0
6
5
-4
-6
-4
-3
-9
-13
-10
-1
-2
0
4
11
9
0
-4
-1
-2
-10
-19
-18
-15
-16
-17
-13
-4
-7
-10
-11
-9
-10
-15
-15
-12
-10
-14
-15
-9
-4
-6
-10
-11
-8
-10
-11
-7
4
4
-2
1
7
9
0
-6
-6
-6
-10
-18
-16
-9
-9
-11
-12
-10
-11
-17
-17
-14
-12
-15
-14
-10
-8
-9
-8
0
7
3
-2
-7
-3
-6
-16
-19
-11
-3
-5
-2
8
12
8
-4
-9
-11
-12
-14
-12
-1
5
8
9
9
6
-7
-12
-11
-12
-20
-24
-23
-18
-18
-18
-10
-1
-5
-11
-13
-11
-13
-23
-29
-24
-17
-19
-22
-14
-6
-5
-6
-8
-6
-7
-9
-7
-5
-3
-7
-4
1
2
-4
-4
1
8
13
9
8
11
3
-4
-7
-5
-4
-7
-3
-3
-2
-8
-13
-8
-3
-2
-2
1
6
1
0
-2
-1
1
-3
2
5
8
3
1
5
7
3
-1
0
8
6
4
3
10
17
16
17
16
17
8
6
7
8
8
4
5
11
9
7
3
2
-4
-12
-16
-18
-11
-11
-10
-8
-5
-7
-9
-7
-6
-10
-12
-14
-8
-7
-8
-7
-6
-2
-7
-9
-8
-4
-8
-8
-8
-5
-7
-8
-3
4
12
16
16
17
17
9
7
6
9
7
2
6
10
9
3
-1
4
7
3
-2
-2
3
1
1
2
4
6
2
1
0
-4
-4
-7
-4
-2
-3
-3
-3
-3
-4
-2
1
7
5
2
1
-2
-3
-9
-13
-10
-9
-9
-10
-6
-1
4
4
1
-3
-7
-15
-19
-18
-16
-11
-7
2
10
11
8
6
4
-2
-7
-9
