0
1
1
1
0
1
0
0
1
1
1
1
0
1
-1
0
1
0
1
1
1
1
0
1
0
0
1
-1
1
0
0
0
0
1
0
0
0
0
0
0
0
-1
0
-1
-1
-1
-1
0
-1
-1
-1
-1
-1
-1
-1
-2
-2
-2
-2
-1
-2
-2
-2
-2
-2
-2
-2
-3
-3
-3
-3
-3
-3
-3
-3
-4
-3
-3
-4
-3
-4
-4
-3
-4
-4
-4
-4
-4
-4
-4
-4
-4
-5
-4
-4
-5
-4
-4
-5
-4
-5
-5
-5
-5
-5
-5
-5
-5
-5
-5
-5
-5
-6
-6
-6
-5
-6
-6
-6
-6
-6
-7
-6
-6
-6
-6
-6
-7
-7
-6
-6
-7
-7
-7
-6
-7
-7
-7
-7
-7
-7
-8
-8
-8
-8
-8
-7
-7
-8
-7
-8
-8
-8
-8
-7
-8
-8
-8
-7
-8
-8
-8
-8
-8
-8
-8
-8
-8
-8
-8
-8
-8
-8
-8
-8
-9
-8
-8
-8
-9
-8
-8
-8
-8
-7
-9
-8
-8
-8
-7
-8
-8
-8
-7
-8
-7
-8
-7
-8
-7
-6
-7
-7
-7
-7
-7
-6
-6
-6
-6
-6
-7
-6
-6
-6
-6
-7
-6
-6
-7
-6
-6
-6
-6
-7
-7
-7
-6
-7
-6
-6
-6
-6
-6
-6
-6
-6
-6
-6
-6
-6
-6
-5
-6
-5
-6
-5
-6
-5
-5
-5
-5
-6
-4
-5
-4
-4
-5
-3
-4
-3
-4
-4
-2
-2
-3
-2
-2
-2
-2
-2
-2
-2
-2
-2
-2
-1
-2
-1
-1
-1
-1
-1
-1
-1
-1
-1
-1
0
0
0
-1
0
0
1
1
1
1
1
1
1
1
1
1
1
1
1
1
1
1
1
1
2
1
1
1
1
1
2
1
1
2
1
2
1
1
1
1
1
1
1
1
1
1
0
1
1
1
0
-1
0
1
-1
0
-1
0
-1
0
-1
-2
-1
-2
-1
-2
-2
-1
-2
-2
-1
-2
-2
-1
-1
-2
-2
-2
-2
-2
-2
-2
-2
-2
-2
-3
-2
-2
-2
-2
-2
-2
-2
-2
-2
-2
-2
-2
-2
-2
-3
-3
-3
-2
-3
-2
-2
-3
-4
-2
-4
-3
-3
-4
-4
-3
-4
-4
-4
-4
-4
-4
-5
-5
-5
-5
-6
-5
-6
-5
-6
-6
-6
-7
-6
-6
-7
-7
-6
-7
-7
-7
-8
-8
-8
-7
-8
-8
-9
-8
-8
-8
-8
-9
-9
-9
-9
-8
-9
-9
-9
-9
-9
-9
-9
-9
-9
-9
-9
-9
-9
-9
-9
-10
-10
-9
-9
-10
-10
-9
-8
-8
-9
-8
-8
-9
-8
-8
-8
-8
-8
-8
-7
-7
-8
-7
-7
-7
-7
-8
-7
-7
-6
-7
-7
-6
-6
-6
-7
-6
-6
-6
-6
-5
-6
-6
-5
-5
-5
-5
-5
-5
-4
-4
-4
-4
-5
-4
-5
-5
-5
-4
-5
-5
-5
-4
-4
-5
-5
-4
-5
-4
-4
-5
-5
-4
-5
-4
-4
-4
-5
-4
-5
-4
-5
-5
-5
-5
-5
-5
-4
-5
-4
-4
-4
-4
-3
-3
-4
-4
-3
-3
-3
-3
-3
-3
-3
-3
-2
-3
-2
-3
-2
-2
-2
-2
-2
-2
-3
-2
-2
-2
-1
-2
-1
-1
-2
-2
-1
-1
0
0
-1
-1
-1
-1
-1
-1
-2
-1
-1
-1
-2
-1
-1
-1
-1
-2
-2
-1
-2
-1
-2
-1
-1
-2
-2
-2
-2
-1
-1
-1
-2
-1
-1
-1
-2
-1
-1
-1
-1
-1
-2
-2
-2
-2
-2
-1
-1
-1
-1
-1
-1
-1
-1
-1
-1
-1
-1
-1
-2
-1
-2
-1
-1
-1
-2
-1
-2
-2
-2
-2
-1
-1
-2
-2
-2
-2
-2
-2
-2
-2
-2
-2
-2
-2
-2
-1
-2
-2
-2
-2
-2
-2
-2
-1
-1
-2
-2
-2
-2
-1
-2
-2
-2
-2
-1
-2
-1
-2
-2
-2
-2
-2
-2
-2
-2
-2
-2
-2
-2
-2
-2
-3
-3
-3
-3
-3
-4
-3
-3
-3
-3
-4
-4
-3
-4
-4
-4
-4
-5
-5
-4
-5
-5
-5
-5
-5
-6
-5
-6
-5
-5
-6
-6
-6
-6
-6
-6
-6
-6
-6
-5
-7
-6
-6
-6
-6
-5
-6
-6
-6
-5
-5
-6
-5
-5
-5
-5
-5
-5
-5
-5
-5
-5
-5
-4
-5
-5
-5
-5
-5
-5
-4
-4
-4
-5
-5
-5
-5
-5
-4
-5
-4
-5
-4
-4
-5
-4
-4
-4
-4
-4
-4
-5
-4
-5
-5
-4
-5
-5
-5
-5
-5
-5
-6
-6
-6
-6
-6
-6
-7
-6
-7
-7
-7
-7
-8
-8
-8
-8
-8
-8
-8
-9
-9
-9
-9
-9
-9
-10
-10
-10
-10
-10
-10
-10
-9
-10
-10
-10
-10
-11
-10
-10
-9
-9
-10
-9
-9
-9
-8
-9
-8
-8
-8
-7
-7
-7
-7
-6
-6
-6
-6
-5
-4
-4
-3
-4
-4
-2
-2
-1
-2
-2
-1
0
1
2
2
3
3
4
4
5
4
5
6
6
7
6
7
7
7
8
8
8
9
8
8
8
8
8
8
8
8
8
8
7
7
6
6
6
6
5
4
4
3
3
2
1
2
0
-1
-2
-2
-3
-4
-4
-5
-6
-7
-7
-8
-9
-10
-11
-11
-12
-13
-14
-15
-15
-15
-17
-17
-18
-18
-18
-18
-19
-19
-20
-19
-20
-20
-19
-19
-20
-20
-19
-20
-18
-18
-18
-18
-17
-17
-16
-16
-16
-15
-15
-15
-14
-13
-13
-12
-12
-11
-11
-10
-8
-8
-6
-5
-4
-3
-1
1
3
5
7
9
11
12
16
18
20
23
25
27
29
30
33
35
37
39
40
42
43
45
45
46
47
48
48
48
48
47
47
45
45
42
41
39
38
36
34
32
30
27
25
23
21
19
16
12
9
6
3
-2
-5
-9
-14
-18
-22
-27
-31
-36
-40
-45
-49
-52
-55
-58
-61
-64
-66
-67
-69
-70
-71
-72
-72
-73
-73
-73
-73
-73
-73
-72
-73
-72
-71
-70
-69
-68
-67
-65
-64
-63
-61
-60
-59
-59
-57
-56
-55
-54
-53
-52
-50
-49
-47
-46
-44
-41
-39
-36
-33
-30
-26
-21
-16
-11
-5
3
10
16
24
30
38
45
52
59
64
71
76
80
84
87
90
91
93
93
94
94
94
92
91
91
88
86
83
81
78
75
71
67
64
60
57
54
51
48
46
43
41
40
39
37
35
35
34
33
32
32
30
28
27
26
24
22
18
15
11
6
3
-3
-7
-10
-14
-17
-19
-21
-24
-26
-28
-31
-35
-37
-41
-44
-48
-52
-56
-60
-64
-68
-71
-74
-77
-79
-82
-83
-86
-87
-89
-90
-92
-94
-94
-96
-97
-97
-99
-100
-101
-103
-104
-106
-107
-110
-111
-113
-113
-114
-115
-115
-115
-114
-112
-109
-107
-103
-99
-95
-89
-82
-73
-63
-53
-42
-30
-15
1
18
34
50
68
87
102
121
151
154
106
68
108
160
155
156
196
180
144
129
155
157
130
91
80
98
121
165
206
195
111
88
152
165
88
5
32
66
55
-6
-15
23
36
29
31
7
-15
7
46
35
8
20
27
33
24
55
57
42
8
24
57
19
-26
-26
11
-19
-47
-51
-40
-59
-67
-46
-28
-29
-36
-37
-21
-13
-11
-14
-23
-22
-7
-10
-30
-39
-39
-42
-54
-58
-59
-71
-94
-102
-96
-103
-119
-135
-136
-132
-136
-145
-150
-149
-152
-158
-155
-146
-148
-157
-159
-148
-146
-152
-159
-156
-151
-151
-147
-142
-145
-147
-141
-132
-122
-113
-105
-93
-75
-56
-36
-15
7
29
51
77
104
125
147
170
197
215
230
243
250
250
250
252
242
229
218
208
196
182
169
148
120
103
98
90
72
60
57
51
40
30
26
18
12
10
11
8
-3
-12
-24
-36
-47
-45
-37
-29
-33
-35
-43
-48
-61
-48
-35
-23
-8
101
220
214
107
79
143
137
81
74
125
100
51
44
42
-27
-120
-141
-109
-69
-57
-69
-94
-118
-117
-114
-123
-128
-103
-65
-38
-19
1
-11
-55
-82
-48
4
19
8
-27
-80
-127
-135
-148
-198
-244
-239
-217
-228
-259
-288
-314
-335
-321
-281
-259
-275
-289
-277
-257
-241
-228
-210
-191
-150
-100
-68
-54
5
127
211
199
168
210
254
228
196
233
265
224
188
197
198
140
85
76
93
117
137
141
138
143
165
181
177
200
233
269
281
292
289
260
208
167
146
113
66
27
5
-31
-76
-114
-145
-165
-171
-156
-140
-138
-142
-141
-136
-124
-104
-87
-76
-50
-4
43
66
100
205
328
357
295
271
309
293
210
155
159
134
66
15
-24
-87
-170
-220
-228
-194
-149
-123
-114
-90
-42
-15
-21
-26
1
30
45
61
97
114
94
49
-1
-61
-127
-172
-206
-239
-276
-303
-329
-356
-377
-384
-378
-356
-317
-276
-258
-271
-295
-310
-310
-310
-315
-307
-280
-238
-207
-175
-78
64
126
72
44
124
166
117
80
122
146
121
121
137
113
62
47
65
101
160
194
201
221
279
321
308
301
333
364
376
395
426
435
376
295
239
191
115
29
-13
-27
-42
-60
-99
-130
-161
-168
-177
-156
-135
-117
-136
-156
-164
-162
-181
-190
-179
-138
-90
-49
-10
77
238
351
337
276
308
359
306
229
223
246
194
146
136
99
16
-58
-85
-89
-58
-28
-43
-61
-17
35
23
-7
3
21
20
48
104
136
100
29
-29
-79
-139
-217
-272
-291
-282
-284
-305
-322
-325
-328
-332
-314
-280
-266
-287
-307
-308
-314
-342
-365
-372
-368
-343
-318
-303
-239
-75
40
5
-75
-50
-10
-79
-155
-142
-99
-114
-112
-79
-83
-109
-111
-96
-66
15
104
150
197
310
412
418
410
441
470
463
483
525
530
479
417
348
281
216
142
73
28
33
40
15
-5
-10
-24
-54
-69
-58
-65
-113
-155
-177
-189
-216
-256
-281
-282
-255
-229
-203
-69
144
258
237
226
310
337
270
233
261
273
253
257
257
213
159
104
38
16
61
75
43
64
154
199
165
140
141
130
117
134
130
86
40
4
-57
-132
-192
-261
-327
-334
-291
-270
-278
-263
-221
-201
-202
-193
-193
-213
-231
-235
-247
-272
-299
-318
-333
-339
-341
-344
-263
-95
11
-28
-94
-68
-70
-166
-281
-333
-356
-391
-398
-400
-421
-435
-431
-440
-418
-327
-232
-180
-95
69
223
305
370
450
511
552
608
643
635
622
606
563
496
440
375
295
239
228
209
172
137
131
123
94
59
-2
-69
-127
-166
-191
-231
-269
-286
-293
-287
-273
-227
-83
67
124
99
110
177
152
75
35
57
73
97
150
189
224
271
307
296
326
380
379
346
352
395
368
296
224
158
84
18
-37
-104
-164
-189
-186
-196
-197
-179
-169
-157
-116
-56
-34
-32
-15
11
13
-9
-54
-115
-158
-177
-192
-228
-246
-245
-237
-238
-237
-193
-58
86
105
32
-8
5
-86
-255
-403
-482
-553
-615
-640
-659
-661
-636
-596
-587
-542
-441
-382
-351
-264
-123
-43
-17
22
77
117
142
167
164
164
199
259
318
374
443
481
495
538
588
596
559
508
462
399
310
196
67
-43
-116
-189
-267
-324
-336
-317
-303
-273
-184
-2
174
241
232
276
318
252
116
17
-6
-35
-51
-66
-69
-33
35
86
105
169
260
304
312
378
478
518
495
448
399
319
237
148
19
-96
-159
-192
-227
-238
-208
-180
-152
-101
-51
-35
-22
11
55
77
68
34
-4
-14
-6
-16
-55
-92
-97
-88
-95
-85
28
193
264
207
139
146
89
-68
-264
-394
-467
-518
-541
-571
-570
-526
-469
-481
-500
-459
-423
-434
-442
-374
-308
-286
-277
-255
-232
-223
-221
-254
-288
-270
-215
-186
-177
-138
-69
-15
30
80
107
117
141
205
276
339
383
393
390
407
427
409
363
319
280
215
148
175
304
407
379
275
241
206
91
-79
-203
-242
-253
-232
-225
-190
-93
59
134
118
120
147
153
131
169
226
247
245
249
271
287
301
278
210
162
174
193
173
156
172
177
131
59
-17
-86
-134
-163
-198
-226
-216
-176
-122
-64
4
46
64
75
99
124
140
231
385
487
467
398
395
334
169
-57
-237
-340
-385
-375
-390
-379
-296
-153
-101
-128
-134
-138
-182
-259
-290
-305
-323
-318
-300
-292
-299
-296
-319
-382
-412
-390
-384
-401
-392
-332
-285
-281
-292
-326
-357
-381
-384
-397
-401
-374
-318
-259
-187
-83
-3
68
123
219
318
393
514
680
825
867
826
793
678
479
256
52
-109
-227
-260
-277
-260
-176
-31
55
73
95
118
106
43
31
45
65
106
156
197
229
285
314
266
212
203
202
178
137
127
132
119
89
25
-50
-100
-106
-113
-139
-149
-101
-34
30
87
114
116
109
107
95
90
165
285
365
365
364
408
383
283
150
56
-27
-73
-91
-114
-105
-41
56
61
31
14
2
-59
-144
-178
-201
-208
-178
-114
-65
-33
3
0
-57
-113
-144
-192
-280
-346
-359
-366
-384
-414
-447
-486
-515
-533
-580
-634
-653
-614
-576
-553
-524
-476
-418
-375
-332
-308
-244
-117
18
67
27
40
78
97
73
65
95
136
240
336
425
502
610
651
581
467
347
218
38
-115
-244
-329
-351
-284
-162
-36
109
252
352
406
454
496
475
391
330
285
244
197
157
128
98
94
79
41
-2
-3
1
-36
-101
-147
-160
-177
-186
-173
-104
43
231
390
459
545
640
667
580
431
309
183
75
-64
-201
-292
-272
-194
-159
-141
-96
3
81
131
151
157
167
183
191
158
113
93
75
31
-13
-33
-38
-43
-30
-1
7
4
-15
-38
-85
-144
-225
-322
-415
-479
-502
-527
-548
-551
-522
-503
-507
-517
-488
-411
-331
-286
-317
-329
-302
-270
-293
-335
-349
-341
-311
-315
-321
-328
-283
-248
-256
-250
-187
-54
60
143
222
327
458
568
610
581
517
445
350
213
72
-31
-95
-137
-135
-90
-4
109
225
311
347
369
363
335
284
226
172
129
117
129
167
207
233
262
324
389
418
371
282
185
80
-46
-194
-275
-283
-203
-99
12
140
314
532
662
676
585
461
304
109
-107
-324
-485
-554
-522
-435
-303
-120
97
289
425
504
531
492
404
280
132
-19
-148
-222
-262
-260
-235
-190
-138
-85
-28
5
1
-47
-100
-155
-211
-262
-263
-212
-126
-53
-14
24
36
11
-102
-248
-400
-523
-629
-743
-836
-890
-828
-717
-609
-530
-454
-374
-323
-295
-306
-347
-406
-455
-503
-537
-487
-323
-77
173
343
473
600
715
791
760
623
403
164
-40
-202
-311
-363
-353
-315
-231
-80
115
300
446
516
515
480
450
468
513
506
468
460
487
537
554
552
501
432
338
205
43
-122
-208
-281
-350
-415
-412
-301
-125
73
239
378
488
598
676
657
541
356
168
-14
-177
-304
-381
-398
-361
-270
-136
-7
115
200
235
206
131
48
-45
-131
-207
-248
-257
-233
-178
-103
-13
86
192
258
250
206
157
109
23
-83
-160
-173
-131
-85
-64
-73
-65
-40
-46
-130
-293
-461
-603
-701
-780
-836
-857
-822
-726
-606
-485
-387
-308
-252
-240
-270
-332
-397
-465
-538
-605
-615
-499
-282
-23
188
303
399
489
548
531
402
213
15
-167
-300
-353
-282
-108
101
257
377
514
662
757
748
636
480
366
289
281
286
312
395
503
620
685
690
619
495
324
106
-120
-319
-440
-473
-442
-360
-223
-15
242
488
665
748
762
703
597
438
236
18
-192
-354
-450
-460
-411
-330
-244
-160
-82
-14
28
19
-19
-47
-30
20
58
86
117
161
189
180
148
94
48
-16
-79
-160
-227
-235
-199
-136
-100
-63
-37
0
29
30
-5
-66
-130
-195
-251
-302
-347
-383
-411
-439
-466
-486
-491
-492
-496
-508
-519
-526
-531
-537
-553
-558
-562
-575
-610
-652
-664
-574
-360
-116
78
178
334
557
764
818
645
430
210
42
-113
-256
-284
-235
-113
-38
71
249
454
601
575
498
415
397
372
367
387
460
565
622
695
754
772
687
479
240
23
-121
-254
-341
-354
-285
-98
104
316
494
621
661
602
488
324
172
-3
-186
-317
-374
-330
-230
-82
62
161
202
177
132
64
-9
-93
-175
-214
-190
-108
-25
33
56
65
56
4
-82
-197
-288
-348
-381
-392
-355
-274
-183
-102
-52
-10
25
39
7
-49
-103
-138
-159
-191
-223
-258
-295
-346
-420
-483
-537
-584
-630
-661
-664
-632
-580
-547
-508
-488
-472
-443
-421
-398
-297
-125
58
209
268
351
463
531
528
372
201
18
-120
-225
-294
-235
-196
-107
-47
56
207
310
364
323
307
293
299
310
368
491
618
722
767
828
853
804
645
400
184
-3
-138
-254
-300
-232
-114
85
258
424
567
618
600
490
397
313
222
118
-1
-49
-42
2
37
45
61
44
22
-30
-69
-82
-94
-103
-115
-95
-67
-37
-42
-76
-118
-160
-201
-237
-251
-251
-240
-242
-247
-242
-228
-225
-231
-244
-238
-217
-192
-177
-161
-145
-141
-170
-218
-270
-310
-354
-405
-451
-467
-451
-441
-438
-441
-419
-391
-379
-404
-446
-467
-456
-430
-423
-447
-384
-172
98
321
391
435
508
563
528
316
127
-44
-140
-239
-290
-191
-72
65
110
160
246
304
285
199
180
206
235
241
306
458
617
705
675
674
657
617
462
250
118
22
-22
-86
-90
17
154
312
388
455
511
519
477
368
316
276
252
194
149
149
160
143
74
18
-11
-18
-43
-82
-74
-39
-3
-4
-21
-33
-51
-79
-137
-188
-214
-217
-225
-227
-223
-215
-227
-259
-298
-332
-349
-367
-372
-360
-322
-271
-226
-205
-195
-216
-252
-320
-383
-425
-453
-445
-455
-451
-432
-413
-388
-395
-392
-395
-389
-376
-379
-403
-492
-569
-612
-509
-246
30
243
381
531
666
736
612
394
164
-26
-167
-300
-284
-149
36
161
215
274
303
338
250
152
137
117
159
194
327
514
650
686
644
619
572
475
280
115
13
-25
-45
-45
38
165
311
372
392
424
441
446
375
312
303
301
301
237
196
156
116
37
-50
-87
-81
-51
-38
-7
38
90
86
42
-19
-67
-103
-145
-183
-190
-171
-158
-167
-195
-218
-248
-280
-336
-374
-391
-377
-356
-327
-286
-243
-218
-217
-241
-273
-311
-348
-387
-416
-431
-430
-420
-426
-430
-464
-478
-499
-487
-465
-438
-412
-431
-447
-484
-516
-533
-476
-283
-26
310
530
663
654
524
395
176
9
-169
-281
-274
-190
31
213
389
455
398
340
205
147
119
153
223
324
433
551
670
708
726
625
502
356
225
168
105
101
71
85
141
210
323
360
388
381
353
365
346
360
356
340
292
214
134
58
-2
-68
-111
-129
-110
-56
2
56
87
87
54
-2
-44
-86
-106
-139
-163
-171
-171
-161
-179
-207
-258
-295
-334
-353
-353
-333
-310
-295
-282
-261
-225
-201
-187
-212
-257
-319
-374
-409
-425
-426
-428
-414
-392
-356
-337
-345
-384
-427
-446
-444
-451
-485
-525
-563
-555
-502
-353
-155
104
360
490
541
405
293
147
43
-48
-158
-156
-95
60
212
310
368
306
218
98
26
50
130
249
360
494
582
678
681
676
627
543
468
353
324
287
297
278
232
234
227
264
290
293
332
334
375
386
405
415
386
338
239
164
87
44
-11
-50
-82
-92
-84
-78
-58
-50
-45
-61
-84
-90
-95
-92
-104
-131
-153
-184
-201
-230
-261
-302
-351
-389
-409
-410
-396
-379
-352
-312
-262
-219
-194
-195
-228
-283
-346
-384
-388
-380
-370
-350
-346
-339
-355
-383
-396
-412
-424
-457
-481
-508
-498
-478
-450
-428
-356
-224
-25
247
428
524
457
255
109
-46
-64
-93
-87
-49
11
143
218
287
275
195
107
13
-8
78
211
347
452
498
505
522
495
520
497
497
461
425
436
405
402
316
243
193
178
216
254
311
365
384
406
386
393
369
328
259
199
158
143
142
106
78
17
-21
-58
-65
-60
-54
-56
-80
-104
-117
-130
-142
-167
-191
-216
-228
-235
-245
-263
-297
-353
-413
-458
-475
-448
-404
-360
-324
-299
-285
-287
-282
-302
-314
-350
-380
-387
-367
-339
-350
-371
-410
-436
-447
-466
-475
-481
-478
-472
-456
-451
-435
-426
-395
-290
-109
201
482
628
607
388
217
39
-10
-31
-24
41
79
173
216
269
266
205
99
-2
-48
37
185
374
522
590
543
495
412
437
465
517
550
532
537
466
427
338
258
199
141
148
173
242
314
350
367
330
290
240
220
212
236
245
237
221
178
144
86
31
-11
-34
-17
-14
1
-17
-47
-80
-133
-162
-198
-201
-207
-194
-191
-203
-239
-293
-350
-404
-429
-435
-421
-376
-340
-296
-275
-271
-285
-321
-355
-404
-405
-416
-390
-379
-377
-374
-408
-431
-467
-484
-484
-486
-475
-490
-495
-516
-515
-497
-477
-417
-303
-95
205
472
593
565
366
219
70
38
37
101
199
270
319
284
256
205
153
99
35
21
81
217
390
517
572
490
437
343
402
453
566
649
661
664
541
458
333
284
246
216
211
192
231
257
272
285
225
185
109
98
118
188
245
253
240
152
97
17
-9
-5
13
43
28
12
-46
-95
-148
-181
-174
-226
-264
-274
-227
-197
-241
-317
-395
-422
-430
-414
-387
-354
-295
-255
-240
-287
-331
-341
-337
-330
-347
-336
-341
-339
-372
-398
-416
-461
-513
-563
-568
-533
-503
-490
-510
-540
-567
-582
-580
-531
-372
-170
112
336
468
511
377
269
138
129
125
151
212
246
310
247
174
72
-14
-60
-97
-84
22
247
510
657
688
590
593
518
523
546
673
785
772
760
613
459
226
102
117
169
228
217
238
265
239
232
149
139
129
175
231
282
309
275
253
150
68
-8
-32
-11
7
46
39
-11
-100
-186
-223
-289
-319
-369
-364
-342
-346
-348
-356
-248
-130
-99
-191
-263
-233
-207
-197
-209
-196
-232
-327
-393
-474
-558
-631
-614
-511
-411
-351
-379
-411
-465
-474
-469
-460
-410
-357
-333
-362
-406
-484
-571
-643
-643
-530
-356
-127
171
351
459
370
229
111
56
89
113
182
224
300
303
223
155
193
340
418
338
279
313
419
458
512
524
489
389
307
339
357
422
451
532
591
589
529
412
379
377
397
379
383
420
375
336
272
189
94
4
-1
47
140
190
219
163
63
-5
-76
-81
-63
-21
-21
-72
-143
-201
-235
-312
-305
-136
85
173
74
-1
-19
-57
-148
-217
-269
-371
-448
-489
-497
-539
-596
-628
-607
-531
-467
-459
-468
-424
-361
-326
-284
-217
-204
-273
-356
-398
-440
-483
-502
-476
-462
-468
-519
-596
-666
-674
-566
-392
-167
46
170
220
137
50
11
23
68
207
526
788
868
759
671
601
479
364
294
234
161
138
170
146
108
34
26
82
204
345
423
537
632
717
706
716
728
649
555
485
465
403
317
273
243
228
163
93
24
-27
-27
-7
52
87
105
58
-37
-134
-193
-168
-144
-85
99
353
447
311
136
57
20
-32
-60
-53
-108
-196
-280
-373
-482
-595
-659
-652
-562
-441
-378
-372
-354
-315
-314
-319
-285
-278
-325
-385
-424
-458
-510
-542
-526
-479
-468
-486
-527
-571
-579
-580
-545
-508
-512
-564
-617
-629
-545
-367
-159
-23
166
436
573
512
340
329
409
471
498
532
526
423
342
252
152
49
-53
-67
13
187
326
377
395
399
430
407
468
546
593
598
557
534
445
391
337
334
343
335
338
316
309
293
295
315
293
228
115
11
-76
-92
-48
-16
67
251
446
450
287
150
122
144
123
119
74
-38
-183
-285
-364
-424
-462
-455
-381
-259
-165
-150
-189
-215
-216
-231
-222
-192
-208
-278
-358
-406
-445
-497
-570
-602
-603
-594
-589
-588
-566
-525
-488
-444
-419
-441
-496
-556
-604
-605
-572
-541
-499
-357
-148
-29
-36
-41
75
211
272
323
290
207
64
-34
-47
-38
-12
48
206
379
552
609
562
514
459
405
370
417
466
447
381
309
281
234
176
166
188
246
258
276
291
342
402
447
487
479
447
368
284
222
218
243
260
380
572
676
584
403
300
269
239
187
143
70
-58
-156
-232
-259
-289
-292
-242
-161
-72
-37
-59
-93
-73
-41
-26
17
32
-29
-158
-286
-374
-441
-505
-552
-542
-514
-488
-472
-455
-430
-417
-419
-432
-465
-519
-586
-665
-705
-674
-611
-549
-399
-169
-14
-36
-182
-272
-290
-308
-341
-364
-396
-431
-440
-397
-304
-227
-129
-10
108
225
285
289
299
341
396
457
546
640
683
623
512
421
330
242
158
115
114
137
156
186
246
294
347
379
389
359
280
166
70
59
96
163
320
585
795
810
691
595
589
580
515
434
332
202
55
-55
-119
-138
-126
-66
34
127
168
133
76
53
48
37
37
46
10
-73
-172
-243
-283
-311
-335
-341
-336
-338
-350
-352
-347
-328
-315
-305
-310
-342
-404
-479
-538
-545
-521
-493
-383
-190
-58
-84
-227
-337
-346
-331
-344
-366
-406
-480
-579
-660
-699
-703
-689
-625
-518
-394
-296
-241
-194
-106
18
116
216
303
337
313
235
180
154
147
154
180
235
294
356
421
483
541
566
559
529
462
364
245
132
73
82
105
201
420
624
687
588
465
417
411
365
302
241
158
54
-45
-87
-61
-4
100
246
395
503
525
481
434
392
341
292
249
188
92
-28
-119
-164
-165
-156
-147
-135
-140
-165
-198
-226
-243
-270
-290
-309
-331
-356
-399
-437
-428
-381
-340
-246
-53
106
114
-29
-178
-222
-218
-226
-241
-251
-291
-371
-468
-536
-564
-580
-552
-468
-360
-273
-253
-276
-278
-244
-195
-155
-126
-137
-214
-328
-427
-483
-491
-478
-449
-376
-278
-174
-76
26
134
225
305
354
354
319
265
217
208
246
304
433
664
854
901
819
718
684
680
640
574
495
375
231
83
-19
-69
-88
-52
36
156
247
278
264
248
241
239
246
258
252
197
110
29
-14
-8
26
59
90
120
130
131
122
102
76
42
2
-55
-131
-218
-298
-332
-307
-261
-157
45
221
251
133
-18
-92
-121
-161
-209
-252
-315
-398
-489
-537
-534
-517
-455
-344
-207
-93
-41
-52
-66
-56
-45
-42
-55
-66
-102
-183
-274
-352
-390
-382
-360
-334
-294
-264
-252
-238
-224
-215
-216
-234
-270
-327
-394
-464
-494
-460
-389
-274
-61
190
346
365
308
286
314
338
337
326
295
231
153
98
96
116
160
250
384
528
623
651
638
629
609
567
524
491
438
335
200
76
-13
-52
-55
-40
-15
8
12
20
37
58
66
63
54
28
-5
-56
-108
-115
-76
-30
61
227
372
402
310
201
149
126
87
33
-17
-86
-190
-306
-389
-428
-441
-405
-310
-177
-66
-25
-30
-45
-65
-79
-85
-93
-111
-174
-267
-346
-391
-391
-354
-301
-236
-173
-135
-107
-92
-91
-95
-103
-121
-158
-211
-275
-333
-351
-318
-268
-167
21
193
252
189
73
-3
-49
-106
-166
-215
-279
-366
-460
-511
-503
-471
-395
-262
-83
94
211
256
261
266
278
307
338
343
308
245
183
141
135
166
213
281
345
387
400
396
383
365
352
336
301
236
150
52
-10
-12
13
92
251
396
442
381
283
217
174
129
89
69
39
-21
-107
-178
-209
-222
-189
-104
16
132
195
199
179
148
98
56
37
21
-29
-123
-225
-309
-347
-337
-305
-258
-192
-143
-118
-101
-105
-123
-143
-156
-181
-216
-262
-320
-348
-316
-254
-166
3
189
288
265
179
110
63
10
-50
-84
-117
-170
-252
-320
-340
-335
-299
-221
-105
7
73
90
80
44
-21
-77
-119
-139
-169
-245
-329
-390
-418
-405
-359
-286
-189
-105
-38
22
59
83
91
97
105
110
101
66
41
49
93
163
310
508
647
672
599
521
468
421
350
292
250
195
122
34
-20
-53
-56
-10
79
193
281
335
338
299
238
189
174
172
141
69
-12
-80
-127
-147
-139
-101
-44
8
39
43
21
-18
-65
-98
-125
-160
-210
-274
-322
-315
-274
-221
-105
75
233
298
258
180
108
33
-46
-109
-149
-194
-253
-322
-360
-367
-353
-294
-195
-71
40
113
144
130
74
14
-12
-25
-47
-89
-152
-216
-256
-273
-271
-238
-185
-133
-97
-80
-92
-133
-174
-212
-255
-303
-352
-408
-439
-416
-376
-330
-221
-46
130
228
234
212
189
163
121
79
69
52
22
-17
-31
-19
-2
50
138
257
369
450
477
447
391
335
310
307
303
250
182
124
81
71
73
90
124
174
217
238
224
170
110
61
33
3
-43
-101
-136
-125
-87
-46
27
176
327
405
389
315
242
159
59
-38
-101
-157
-220
-280
-320
-324
-310
-265
-187
-80
33
117
145
120
79
29
-16
-57
-101
-147
-192
-230
-261
-269
-257
-219
-170
-118
-79
-62
-63
-83
-117
-156
-196
-230
-259
-281
-275
-239
-207
-171
-78
81
214
260
211
135
66
-19
-120
-214
-282
-348
-412
-466
-485
-474
-442
-377
-277
-143
-21
80
121
129
123
112
116
109
102
91
73
71
78
92
119
161
214
268
306
312
282
237
199
165
137
102
62
44
74
127
161
220
354
508
603
604
538
465
379
271
156
70
-2
-68
-123
-155
-153
-140
-103
-30
78
199
289
321
294
246
188
134
70
0
-64
-120
-161
-192
-212
-218
-198
-162
-119
-77
-57
-62
-94
-133
-171
-198
-230
-266
-297
-293
-248
-204
-173
-98
49
186
246
219
158
102
25
-75
-166
-228
-281
-322
-345
-344
-320
-295
-255
-185
-79
31
110
125
83
13
-60
-106
-154
-225
-301
-363
-404
-422
-430
-432
-398
-336
-265
-191
-139
-102
-94
-91
-77
-61
-35
-26
-16
34
110
174
234
357
509
610
642
615
572
505
402
279
188
125
73
41
17
27
41
73
132
215
317
401
453
449
411
351
284
219
141
71
8
-32
-47
-52
-54
-40
-7
40
88
124
132
112
74
32
-15
-61
-110
-159
-184
-162
-129
-118
-84
23
142
210
208
168
118
47
-48
-154
-229
-291
-336
-355
-360
-343
-328
-294
-234
-143
-45
25
57
46
13
-33
-80
-135
-198
-251
-292
-303
-299
-293
-284
-255
-216
-171
-135
-121
-136
-176
-222
-276
-332
-388
-445
-482
-474
-441
-418
-390
-300
-152
-16
58
86
101
109
114
87
59
44
24
33
55
98
146
193
259
328
419
490
537
550
534
497
435
372
316
275
226
196
177
168
177
182
195
204
212
201
173
141
96
54
-1
-48
-89
-118
-95
-32
36
86
163
297
416
476
476
438
377
286
178
70
-22
-119
-195
-236
-246
-234
-215
-167
-99
-5
64
98
106
88
63
3
-77
-159
-225
-283
-324
-346
-362
-361
-336
-299
-254
-211
-186
-179
-185
-203
-230
-264
-298
-339
-373
-372
-339
-299
-268
-216
-111
-14
41
45
35
0
-78
-166
-263
-344
-437
-521
-569
-592
-579
-542
-489
-377
-239
-120
13
104
207
287
304
322
312
307
287
271
287
284
305
312
322
358
390
428
447
445
430
407
370
347
305
269
270
269
267
231
232
276
315
322
275
236
191
141
96
31
0
-38
-53
-23
17
71
114
167
233
295
334
351
341
299
237
162
100
40
-18
-74
-107
-113
-115
-100
-91
-79
-66
-68
-82
-118
-168
-235
-304
-369
-431
-489
-511
-495
-454
-414
-372
-288
-168
-68
-16
9
16
-7
-55
-124
-197
-276
-367
-435
-480
-487
-483
-465
-423
-367
-298
-254
-219
-190
-196
-248
-306
-354
-401
-428
-453
-468
-434
-389
-301
-187
-97
17
95
179
258
293
315
299
293
274
243
265
293
347
407
469
570
683
767
812
824
815
779
683
580
460
326
182
51
-32
-106
-153
-186
-184
-120
-37
47
102
140
181
199
222
217
193
156
118
108
98
100
101
105
127
161
183
190
192
185
166
123
77
36
10
-10
-43
-82
-126
-140
-102
-58
-31
-23
-31
-52
-92
-143
-211
-296
-374
-444
-488
-516
-523
-530
-524
-489
-427
-344
-263
-200
-165
-154
-156
-174
-218
-277
-343
-406
-448
-473
-500
-525
-544
-551
-540
-531
-535
-521
-494
-454
-375
-336
-296
-226
-195
-97
-37
-9
90
163
281
367
419
487
512
561
574
571
585
585
635
650
648
608
537
504
493
482
449
421
375
355
341
319
293
240
202
138
93
33
-38
-90
-141
-156
-193
-198
-174
-122
-31
50
131
202
258
306
326
322
297
258
201
187
201
221
250
266
286
291
295
280
246
199
123
46
-30
-111
-196
-278
-333
-364
-385
-378
-353
-320
-291
-267
-261
-276
-308
-358
-401
-441
-469
-492
-503
-486
-459
-422
-379
-339
-307
-290
-292
-310
-353
-404
-464
-523
-552
-576
-589
-586
-565
-521
-465
-351
-257
-139
-57
-69
-11
-29
17
63
20
74
60
117
184
222
331
390
511
586
631
668
665
707
701
680
611
544
490
473
482
462
476
437
396
349
286
248
172
112
16
-53
-73
-78
-62
-84
-99
-112
-96
-66
-44
24
91
156
184
200
239
274
294
323
384
396
368
349
328
296
238
194
147
96
64
21
13
16
13
0
-13
-23
-64
-104
-149
-204
-266
-344
-393
-424
-440
-440
-427
-405
-391
-377
-375
-366
-367
-379
-385
-398
-404
-402
-387
-356
-350
-345
-356
-360
-365
-384
-399
-417
-443
-485
-521
-535
-542
-556
-544
-497
-418
-318
-234
-214
-141
-107
-25
46
30
73
79
149
242
298
388
468
572
644
657
658
627
650
638
622
572
538
532
533
562
536
523
477
421
352
256
180
95
42
-8
-68
-92
-122
-109
-103
-82
-78
-97
-90
-64
-25
11
71
117
164
220
251
270
300
309
294
277
248
233
247
242
248
235
199
189
159
113
64
29
-18
-65
-94
-136
-157
-177
-200
-226
-281
-317
-354
-382
-389
-407
-415
-424
-408
-402
-394
-357
-366
-350
-345
-372
-353
-354
-339
-318
-330
-335
-344
-354
-369
-383
-409
-429
-443
-476
-505
-529
-565
-565
-565
-486
-384
-266
-194
-204
-191
-164
-73
8
-1
63
99
166
328
361
440
540
597
628
604
570
562
643
690
731
724
682
632
613
609
558
500
446
425
301
231
242
159
145
109
5
-99
-145
-183
-227
-164
-148
-158
-152
-115
-43
-67
36
57
77
111
153
161
224
277
322
306
290
285
256
268
285
278
246
280
203
197
117
121
77
20
-32
-45
-148
-135
-138
-203
-222
-253
-355
-361
-371
-413
-428
-347
-409
-403
-404
-388
-450
-360
-395
-386
-364
-334
-318
-304
-238
-300
-373
-266
-390
-419
-256
-470
-405
-334
-453
-438
-433
-515
-514
-514
-444
-334
-209
-156
-279
-247
-250
-197
34
3
101
197
208
257
375
353
427
611
573
523
596
578
677
787
780
732
632
564
573
513
596
610
509
494
383
201
223
100
185
86
-9
-29
-135
-153
-128
-215
-125
-180
-310
-175
-112
-164
-31
91
-12
47
109
36
107
259
255
279
279
320
179
336
262
265
315
218
222
190
113
190
128
34
69
-41
-141
-97
-165
-151
-251
-258
-268
-393
-408
-332
-475
-370
-373
-484
-414
-431
-424
-406
-349
-400
-372
-383
-329
-370
-293
-289
-366
-284
-328
-363
-395
-221
-416
-387
-269
-529
-446
-450
-578
-491
-479
-281
-265
-66
-252
-443
-316
-305
-131
117
171
120
118
133
107
246
371
495
622
605
488
506
477
662
805
681
728
598
564
527
634
611
590
618
358
314
259
181
287
216
146
41
-76
-152
-68
-215
-91
-84
-324
-95
-284
-199
-60
-62
-2
-142
31
-45
-4
197
154
270
178
155
213
119
310
271
263
381
72
285
107
171
190
127
158
15
-4
-36
-71
-111
-67
-134
-219
-313
-202
-445
-276
-335
-306
-414
-341
-407
-471
-322
-417
-342
-360
-344
-372
-385
-297
-337
-337
-272
-407
-242
-399
-321
-307
-298
-386
-318
-440
-449
-462
-441
-522
-437
-366
-257
-141
-175
-321
-467
-291
-163
50
164
187
21
102
5
174
365
419
682
512
532
406
385
610
679
754
708
707
583
475
583
596
597
627
549
377
339
373
237
206
267
23
103
48
-39
-120
-37
-150
-267
-49
-262
-90
-72
-48
-166
-153
-109
-43
-8
112
71
152
17
127
86
70
294
232
155
250
295
-49
319
157
131
187
234
102
-21
167
-139
60
-88
28
-91
-171
-83
-261
-313
-227
-313
-157
-345
-267
-290
-498
-284
-407
-271
-391
-244
-337
-378
-347
-328
-405
-290
-314
-377
-299
-343
-431
-397
-362
-416
-474
-286
-492
-553
-338
-661
-467
-267
-107
-243
-203
-439
-513
-112
-50
171
117
-11
71
-61
202
255
438
413
600
431
309
539
509
554
684
690
611
605
619
542
476
715
506
466
614
398
325
404
230
174
211
201
86
165
-108
-12
-91
-135
-146
-68
-127
-70
-121
-140
-203
-135
-87
-102
9
41
-20
11
-14
-9
-21
122
165
189
17
215
29
104
130
155
150
245
78
96
58
44
15
78
11
15
18
-175
-70
-194
-209
-144
-150
-177
-266
-249
-331
-357
-247
-358
-294
-206
-367
-344
-379
-372
-315
-430
-290
-366
-353
-402
-391
-415
-486
-393
-395
-466
-385
-431
-571
-436
-608
-409
-266
-167
-163
-358
-458
-395
-171
43
47
116
-64
-22
89
126
265
306
428
421
475
423
467
405
632
471
725
649
647
562
527
552
492
630
603
500
503
449
291
332
279
197
289
235
71
83
-24
-27
-68
-87
-116
-50
18
-215
-96
-207
-159
-207
37
-147
-40
-21
-87
-143
-6
-62
-7
127
63
-16
180
9
39
83
145
123
219
138
98
100
38
75
113
45
89
79
-20
-65
-119
-115
-42
-92
-155
-64
-191
-382
-135
-272
-333
-172
-218
-368
-242
-333
-390
-300
-319
-409
-252
-397
-410
-407
-389
-486
-346
-453
-427
-424
-468
-465
-539
-492
-504
-397
-249
-111
-287
-447
-473
-300
-56
124
11
-66
-79
27
153
195
242
320
404
466
424
415
459
488
529
630
721
659
591
587
505
536
710
638
589
578
450
411
418
310
306
304
317
224
110
107
-19
-25
-3
-58
-88
2
-53
-185
-177
-224
-177
-85
-119
-135
-51
-152
-125
-145
-88
-104
50
54
-44
71
-32
9
85
-6
162
172
130
102
86
83
63
165
42
134
126
-5
26
-69
-58
2
-89
46
-152
-107
-157
-291
-191
-210
-177
-240
-223
-234
-401
-270
-462
-221
-352
-315
-401
-216
-634
-263
-505
-509
-298
-463
-473
-405
-442
-680
-321
-536
-617
-372
-381
-241
-186
-321
-652
-232
-307
38
92
3
-242
8
87
107
192
298
286
477
302
515
395
361
625
458
694
643
722
484
526
607
459
749
690
395
653
386
392
483
221
310
384
269
163
61
110
-34
-25
-25
-85
-11
-47
-87
-318
-113
-234
-144
-157
-98
-147
-182
-157
-153
-181
-164
115
-134
36
-3
-80
16
25
-98
243
26
182
176
-74
189
32
79
190
155
42
150
42
-116
53
-43
-1
-50
104
-262
-44
-134
-321
-143
-145
-213
-227
-146
-334
-369
-256
-353
-380
-278
-249
-544
-221
-473
-475
-376
-452
-405
-373
-470
-530
-441
-534
-560
-482
-396
-555
-431
-131
-312
-275
-391
-540
-176
-18
81
-49
-59
-25
-27
139
339
68
505
413
336
459
419
446
552
572
583
843
514
586
622
540
483
754
757
405
615
509
295
370
483
218
304
392
203
-46
192
-71
57
-72
-96
82
-144
-177
-78
-293
-297
-86
-48
-405
70
-223
-303
-102
-187
-113
-53
11
-57
-60
51
-49
59
107
1
215
160
142
133
148
69
256
138
165
218
141
69
120
46
10
172
-88
112
-22
-158
-42
-60
-274
-7
-211
-200
-174
-163
-424
-184
-219
-462
-214
-254
-413
-351
-337
-547
-368
-424
-416
-449
-392
-480
-558
-457
-412
-600
-363
-490
-491
-489
-462
-238
-125
-300
-347
-427
-243
-44
82
42
-71
28
-25
220
310
119
437
449
351
403
486
448
508
628
584
576
686
590
506
572
546
608
613
530
492
363
475
335
191
332
298
157
151
180
-112
-17
55
-49
-205
-25
-77
-148
-222
-145
-268
-115
-270
-25
-264
-121
-126
-158
-131
-108
-95
6
-54
75
-7
-71
177
56
4
173
259
14
231
185
74
156
264
93
162
244
-23
188
-8
28
70
9
25
-103
18
-181
-135
-111
-228
-190
-135
-246
-240
-314
-240
-435
-231
-410
-341
-393
-355
-549
-341
-454
-493
-440
-368
-607
-456
-365
-605
-570
-376
-462
-680
-332
-466
-557
-241
-119
-268
-251
-426
-272
-181
189
77
-7
68
28
30
298
294
350
449
502
425
331
462
529
658
546
582
687
503
487
661
437
548
671
448
454
464
350
287
300
186
201
262
172
-13
69
-73
-106
-53
-27
-206
-70
-96
-199
-256
-235
-194
-42
-313
-40
-69
-258
-173
52
-190
-96
129
10
-7
55
3
180
19
146
229
182
212
119
262
172
154
190
314
124
154
242
50
102
60
100
-38
106
-30
-55
-151
-63
-127
-252
-142
-96
-369
-207
-210
-432
-244
-353
-360
-343
-338
-418
-553
-295
-517
-552
-410
-315
-628
-383
-450
-581
-435
-423
-540
-465
-340
-525
-448
-378
-320
-111
-128
-216
-320
-246
-216
175
234
5
100
159
120
40
442
357
505
475
561
237
440
550
579
624
717
551
466
628
430
518
592
498
573
405
344
373
338
264
194
213
138
169
86
70
-119
-28
-27
-214
-113
-36
-99
-206
-195
-142
-316
-175
-39
-71
-174
-85
-80
-80
-102
-23
73
118
-40
136
13
171
117
199
185
238
191
221
179
272
170
194
212
224
150
119
248
65
10
73
27
-63
-16
53
-195
-125
-158
-176
-272
-195
-186
-343
-322
-244
-453
-354
-293
-435
-383
-320
-490
-499
-418
-453
-461
-503
-405
-438
-538
-412
-402
-502
-498
-392
-488
-517
-352
-418
-417
-119
-118
-173
-148
-291
-313
-123
206
124
176
168
99
139
102
226
470
530
575
459
346
348
374
600
672
636
571
594
425
326
440
605
538
449
514
301
230
228
275
191
135
249
59
-33
-9
18
-146
-78
-65
-203
-216
-68
-105
-219
-199
-143
-221
-233
-25
-87
-83
-12
-65
-90
-50
-20
61
201
105
87
124
159
50
228
249
224
272
197
188
152
176
212
168
215
170
91
56
59
16
-52
-25
-2
-97
-176
-128
-162
-232
-207
-210
-315
-286
-277
-349
-366
-317
-356
-389
-398
-398
-411
-399
-422
-434
-447
-475
-464
-429
-436
-430
-416
-425
-448
-442
-454
-444
-403
-404
-421
-282
-187
-97
-66
-186
-247
-217
-113
78
172
240
235
178
124
104
200
384
522
659
545
408
371
368
476
573
652
691
588
472
389
388
436
505
536
442
350
267
207
184
170
203
153
74
-7
-60
-69
-55
-65
-97
-130
-192
-197
-164
-152
-126
-96
-109
-163
-174
-134
-84
-3
72
73
30
9
37
48
108
175
224
217
192
181
170
179
233
263
254
232
194
169
145
144
138
113
90
45
8
-21
-27
-43
-76
-130
-166
-199
-214
-214
-210
-220
-256
-293
-340
-359
-353
-328
-313
-325
-352
-389
-426
-434
-423
-402
-392
-394
-409
-441
-448
-441
-416
-392
-396
-405
-427
-426
-418
-415
-366
-258
-143
-74
-105
-194
-224
-181
-43
75
148
200
213
215
190
164
230
371
504
559
512
464
439
472
509
538
562
564
537
484
453
445
482
478
437
345
268
221
200
199
200
181
124
24
-64
-112
-117
-77
-65
-65
-109
-163
-207
-224
-203
-158
-106
-75
-77
-89
-91
-75
-31
10
54
65
75
87
102
141
167
186
198
190
184
182
193
227
244
245
213
163
129
108
105
111
108
90
51
-2
-49
-82
-99
-106
-120
-149
-179
-211
-230
-239
-246
-253
-273
-300
-325
-342
-347
-344
-340
-347
-366
-391
-415
-433
-431
-424
-408
-409
-418
-440
-454
-452
-439
-426
-421
-427
-425
-432
-437
-418
-339
-225
-123
-85
-119
-143
-152
-103
-30
53
137
215
260
280
267
290
350
432
491
492
487
486
514
542
577
588
577
527
476
422
404
422
452
460
413
338
240
163
105
91
86
82
43
-1
-56
-102
-131
-149
-146
-161
-188
-216
-221
-212
-168
-132
-85
-73
-73
-83
-90
-63
-12
50
99
121
128
136
136
156
171
198
212
217
216
207
209
228
242
243
216
173
140
107
90
86
82
74
48
6
-32
-70
-96
-112
-132
-157
-187
-212
-227
-233
-235
-235
-246
-269
-298
-324
-345
-351
-351
-349
-355
-372
-389
-408
-420
-429
-432
-437
-444
-451
-452
-438
-435
-422
-430
-428
-441
-451
-450
-426
-348
-246
-153
-92
-83
-65
-55
-33
13
45
116
172
235
289
332
389
460
516
552
539
512
500
497
524
551
580
592
577
540
498
455
428
402
382
335
277
218
167
139
116
99
70
23
-36
-93
-140
-165
-175
-167
-162
-170
-183
-192
-182
-159
-129
-97
-69
-56
-42
-33
-3
40
88
129
153
163
167
165
178
191
214
228
230
232
221
223
229
238
242
222
192
154
117
91
74
67
55
38
10
-21
-53
-82
-104
-125
-150
-182
-214
-233
-245
-244
-242
-242
-252
-275
-297
-322
-340
-355
-370
-385
-410
-431
-445
-450
-454
-452
-454
-459
-464
-477
-476
-479
-472
-467
-466
-464
-472
-469
-438
-371
-276
-185
-120
-75
-37
-2
33
75
111
165
196
237
271
313
387
464
556
611
632
626
604
586
567
553
547
520
497
462
441
430
425
430
410
368
293
208
124
57
4
-28
-61
-91
-121
-145
-158
-163
-159
-157
-164
-193
-227
-258
-270
-261
-225
-180
-126
-84
-41
7
52
98
137
157
169
155
143
141
144
173
198
227
247
252
261
264
268
271
260
235
198
156
117
91
76
65
60
43
26
-1
-23
-47
-74
-95
-130
-173
-209
-250
-265
-270
-273
-267
-271
-284
-289
-308
-324
-332
-356
-380
-410
-446
-476
-493
-501
-507
-500
-497
-500
-486
-485
-478
-467
-464
-455
-456
-461
-469
-456
-421
-359
-274
-195
-126
-56
11
75
142
188
231
275
296
317
332
352
402
460
529
579
610
637
650
660
657
640
612
567
507
445
384
343
313
297
278
253
217
177
137
100
60
17
-37
-98
-155
-210
-245
-266
-267
-257
-243
-231
-221
-207
-183
-162
-130
-101
-76
-55
-41
-16
16
58
107
146
184
208
226
248
259
273
280
277
268
249
233
221
223
227
232
232
221
208
190
174
156
132
104
65
23
-22
-63
-91
-117
-134
-155
-177
-198
-216
-225
-234
-239
-249
-264
-285
-311
-334
-356
-371
-386
-405
-429
-454
-475
-489
-495
-498
-497
-499
-498
-494
-489
-474
-459
-438
-422
-412
-403
-397
-384
-357
-312
-249
-182
-117
-57
10
80
151
220
280
331
368
389
401
411
431
461
489
516
535
548
557
568
578
582
578
551
511
456
402
349
300
257
214
168
121
72
32
3
-15
-33
-54
-85
-117
-150
-174
-193
-204
-212
-217
-226
-234
-235
-224
-202
-174
-139
-102
-65
-26
10
55
103
149
187
215
230
241
248
255
254
256
250
244
235
227
226
226
234
237
234
227
215
202
183
168
142
114
75
31
-15
-56
-88
-115
-137
-160
-183
-204
-224
-235
-243
-250
-261
-279
-300
-324
-343
-362
-379
-394
-413
-432
-456
-475
-493
-503
-507
-510
-511
-511
-506
-494
-474
-449
-423
-397
-374
-354
-335
-322
-304
-287
-253
-214
-166
-112
-60
-1
69
136
207
271
325
378
415
443
455
465
473
483
482
478
471
456
455
446
443
437
437
421
396
361
327
296
261
226
183
134
78
21
-24
-59
-86
-111
-142
-155
-172
-178
-172
-167
-154
-144
-135
-126
-120
-112
-98
-89
-73
-56
-40
-15
6
30
69
102
144
178
205
236
253
272
283
287
288
281
265
248
231
213
206
196
190
179
170
161
151
146
139
121
100
70
32
-3
-46
-84
-124
-158
-192
-221
-251
-269
-281
-291
-292
-302
-309
-317
-328
-335
-346
-355
-366
-382
-399
-417
-436
-450
-462
-474
-484
-489
-494
-487
-473
-450
-421
-390
-356
-322
-286
-252
-224
-196
-166
-131
-97
-64
-32
-4
40
89
138
193
242
296
345
389
419
448
468
490
502
496
488
463
443
422
400
374
350
320
294
271
250
234
219
208
192
173
148
119
91
68
39
10
-28
-66
-95
-125
-142
-156
-164
-162
-153
-145
-128
-108
-82
-44
-10
22
50
70
91
115
131
153
163
172
178
180
185
190
195
204
209
213
211
210
210
213
215
210
204
187
171
147
128
104
76
50
14
-18
-50
-77
-99
-116
-130
-143
-157
-174
-190
-203
-220
-234
-255
-276
-297
-319
-334
-346
-357
-366
-380
-393
-408
-422
-433
-441
-448
-450
-455
-458
-453
-445
-429
-410
-389
-366
-345
-321
-296
-270
-245
-220
-194
-164
-131
-93
-51
-12
38
91
140
194
240
283
331
367
394
418
427
441
448
443
439
423
406
391
371
349
329
304
285
264
243
226
202
190
173
154
137
112
86
66
37
16
-13
-45
-65
-90
-109
-120
-134
-136
-131
-129
-115
-103
-86
-56
-31
-1
30
50
77
101
118
141
154
164
175
175
181
179
179
182
180
183
183
178
176
177
177
176
169
158
147
126
112
87
63
42
12
-17
-41
-69
-86
-108
-125
-140
-157
-173
-186
-207
-221
-238
-256
-272
-289
-306
-317
-330
-338
-347
-358
-366
-379
-391
-403
-418
-424
-431
-435
-436
-435
-428
-418
-407
-387
-368
-345
-320
-296
-271
-245
-222
-198
-170
-137
-101
-63
-24
16
64
114
159
209
249
295
339
366
392
410
424
444
447
445
440
425
413
400
379
365
342
321
300
271
255
232
214
202
179
160
138
105
87
62
36
16
-22
-46
-69
-97
-110
-126
-140
-140
-149
-145
-140
-134
-113
-93
-68
-38
-13
17
48
80
116
150
182
206
222
236
242
243
248
247
245
236
219
208
196
192
192
184
176
164
148
133
118
103
81
56
27
-5
-28
-50
-65
-87
-110
-136
-165
-189
-210
-230
-252
-271
-292
-311
-326
-334
-341
-346
-353
-361
-371
-380
-393
-403
-410
-411
-412
-416
-416
-412
-411
-398
-381
-359
-333
-315
-295
-275
-248
-214
-185
-161
-141
-122
-97
-69
-36
-2
28
66
102
138
187
228
271
314
342
368
386
397
415
415
408
401
378
361
347
322
305
278
255
234
207
192
167
143
132
111
103
101
83
79
58
45
36
14
2
-5
-30
-43
-64
-87
-82
-88
-82
-84
-88
-82
-66
-46
-15
7
28
51
72
105
135
169
193
209
219
227
227
234
233
223
213
192
176
160
151
145
138
119
114
98
82
73
54
36
15
-8
-22
-30
-42
-50
-74
-93
-114
-140
-157
-179
-196
-224
-251
-277
-293
-305
-303
-313
-322
-327
-340
-342
-353
-361
-375
-394
-415
-428
-435
-434
-434
-434
-428
-420
-405
-379
-350
-323
-298
-275
-246
-217
-185
-159
-132
-107
-80
-48
-12
18
48
86
114
153
189
223
277
321
353
381
391
409
428
430
442
434
408
393
357
340
318
294
275
235
209
185
155
146
130
105
94
58
40
30
13
14
-9
-32
-43
-67
-76
-79
-96
-101
-116
-121
-119
-121
-110
-98
-83
-54
-31
1
37
63
103
131
160
193
214
248
280
289
297
292
289
288
280
264
259
230
216
191
174
168
156
146
128
107
86
66
42
24
-14
-46
-79
-113
-132
-154
-179
-205
-241
-267
-284
-308
-316
-330
-345
-354
-365
-366
-361
-359
-355
-360
-366
-372
-384
-392
-402
-418
-432
-448
-450
-445
-429
-400
-372
-345
-314
-279
-245
-200
-160
-120
-88
-73
-53
-35
-5
30
61
80
109
134
165
210
238
273
304
321
342
358
371
400
404
406
409
388
378
363
342
323
278
253
220
179
167
134
113
102
67
60
41
9
5
-26
-42
-48
-61
-32
-19
-37
-43
-60
-59
-62
-84
-67
-64
-49
-35
-23
-1
28
56
96
112
131
173
208
246
265
277
305
317
303
293
279
266
253
227
213
189
158
149
140
129
114
104
100
83
60
57
38
2
-41
-88
-116
-156
-198
-227
-268
-312
-334
-324
-272
-253
-298
-332
-339
-321
-304
-291
-264
-257
-264
-272
-282
-302
-318
-334
-352
-381
-403
-400
-413
-435
-460
-451
-416
-385
-362
-324
-291
-262
-223
-177
-133
-117
-99
-64
-25
8
34
53
62
82
123
170
208
222
243
276
290
308
330
341
355
327
337
395
420
401
312
262
276
286
284
273
230
204
139
111
119
103
119
89
38
14
-10
-10
-31
-86
-83
-81
-91
-105
-144
-155
-158
-146
-102
-81
-73
-73
-59
-11
52
113
168
194
222
263
300
333
339
344
349
324
286
257
229
194
138
104
136
176
160
67
15
50
120
157
149
136
92
44
16
29
26
-5
-73
-156
-217
-242
-246
-275
-309
-328
-326
-336
-353
-360
-350
-336
-315
-295
-296
-317
-348
-350
-324
-308
-319
-360
-394
-420
-420
-415
-410
-424
-432
-434
-420
-402
-369
-320
-291
-272
-245
-161
-66
-30
-75
-93
-11
99
141
141
168
190
217
266
343
400
427
415
414
427
456
503
475
433
407
384
362
325
295
264
196
161
152
125
94
29
26
50
35
28
-3
-24
-11
-19
-11
-23
-76
-94
-117
-129
-133
-151
-160
-188
-205
-183
-124
-31
12
-23
-24
79
220
307
331
373
399
406
444
506
525
480
407
340
297
280
250
184
107
58
38
19
4
18
14
0
2
28
53
28
1
-8
7
-14
-68
-125
-152
-177
-199
-229
-268
-298
-321
-314
-314
-317
-325
-325
-338
-338
-346
-327
-270
-239
-299
-403
-396
-314
-280
-328
-375
-408
-441
-433
-382
-343
-364
-387
-390
-361
-299
-230
-197
-201
-182
-144
-110
-87
-42
11
26
14
40
128
192
219
251
312
373
420
440
481
517
521
542
515
484
452
406
375
326
253
194
114
70
25
-30
-3
8
-15
-97
-152
-58
33
14
-9
-39
-45
-40
-29
21
-6
-70
-108
-135
-113
-79
-69
-81
-111
-75
-15
25
91
169
226
246
274
366
453
463
434
428
437
418
363
308
253
202
137
78
34
-2
-31
-49
-56
-55
-54
-54
-36
-31
-26
-31
12
53
12
-93
-136
-63
-25
-78
-162
-189
-210
-201
-170
-149
-185
-237
-252
-250
-227
-212
-239
-311
-352
-355
-361
-406
-438
-451
-486
-537
-567
-548
-519
-522
-547
-541
-489
-425
-385
-350
-295
-238
-194
-161
-111
-68
-49
-34
-11
24
41
53
90
140
183
240
333
432
467
451
477
609
677
657
610
572
542
505
483
446
346
230
145
70
54
16
-39
-113
-168
-150
-145
-158
-137
-126
-133
-129
-145
-107
-83
-82
-110
-139
-109
-82
-80
-81
-58
-26
6
20
81
138
185
238
289
342
374
403
435
446
422
392
398
421
359
209
114
143
171
105
6
-31
-31
-21
27
62
68
49
50
74
102
136
115
61
12
6
-26
-69
-106
-121
-150
-203
-246
-248
-206
-194
-227
-271
-260
-231
-222
-253
-277
-300
-338
-372
-396
-424
-484
-535
-568
-583
-618
-650
-659
-650
-643
-628
-574
-475
-390
-381
-383
-282
-105
-28
-39
-36
26
86
148
220
253
239
250
314
387
478
522
518
537
578
618
625
600
603
588
505
421
350
310
288
204
84
-13
-54
-64
-96
-132
-151
-195
-190
-171
-159
-131
-153
-154
-128
-131
-142
-154
-158
-146
-155
-152
-118
-59
-22
-47
-33
93
214
253
259
312
418
473
525
575
578
542
502
474
442
408
319
189
84
36
-17
-76
-115
-141
-151
-163
-144
-94
-25
37
56
51
75
125
167
163
121
80
38
9
-8
-43
-91
-143
-184
-197
-209
-239
-257
-264
-276
-307
-336
-326
-289
-322
-437
-506
-461
-427
-498
-580
-603
-602
-616
-604
-582
-576
-587
-568
-515
-446
-373
-340
-314
-256
-178
-130
-101
-65
-22
11
51
112
156
196
264
333
387
461
538
602
653
680
674
675
668
659
619
522
405
321
251
186
95
-17
-106
-170
-215
-246
-227
-182
-178
-246
-269
-181
-52
-35
-80
-76
-59
-55
-23
16
8
-23
-47
-34
-5
53
85
91
117
163
213
263
329
396
427
413
432
450
445
424
391
315
229
166
116
68
6
-61
-114
-126
-117
-93
-83
-67
-33
20
70
105
115
111
122
135
124
81
81
86
27
-76
-106
-47
-25
-98
-161
-159
-149
-155
-134
-137
-196
-264
-303
-318
-332
-372
-470
-558
-610
-628
-661
-697
-715
-727
-741
-738
-688
-638
-580
-520
-459
-413
-346
-247
-153
-87
-58
-41
-21
41
112
161
181
194
208
288
383
465
505
519
552
614
649
648
683
679
587
461
406
413
371
240
124
65
-4
-59
-56
-73
-122
-162
-167
-142
-99
-76
-104
-101
-83
-68
-78
-89
-78
-80
-101
-109
-83
-70
-47
-17
30
62
111
182
258
332
387
426
460
499
523
521
472
409
339
281
211
119
5
-98
-147
-168
-200
-220
-173
-111
-109
-119
-24
136
206
188
195
246
265
270
279
258
178
89
45
30
20
-29
-124
-186
-193
-190
-216
-239
-255
-288
-333
-354
-362
-395
-442
-483
-523
-582
-631
-652
-657
-672
-705
-736
-734
-693
-641
-597
-565
-530
-476
-394
-307
-236
-204
-182
-137
-86
-59
-27
61
163
180
129
185
382
530
563
588
653
707
762
825
844
796
699
624
576
507
410
287
159
68
7
-88
-153
-176
-201
-232
-231
-206
-199
-177
-142
-93
-64
-91
-96
-48
-21
-23
-49
-72
-57
-36
-10
5
14
35
67
131
195
223
250
292
354
392
376
381
439
433
316
189
198
234
146
22
-42
-61
-91
-96
-50
-24
-43
-40
30
118
181
193
190
204
233
230
194
175
147
85
21
-13
-40
-83
-120
-143
-158
-196
-219
-209
-194
-222
-263
-299
-323
-345
-383
-436
-497
-557
-618
-659
-686
-719
-768
-805
-803
-766
-739
-728
-651
-523
-461
-483
-436
-264
-113
-85
-87
-40
7
14
88
196
235
211
193
280
423
530
565
587
623
688
721
740
731
688
623
536
480
389
271
189
129
57
-32
-136
-144
-115
-132
-147
-149
-120
-99
-84
-41
-6
-9
-36
-67
-46
-47
-76
-110
-144
-133
-123
-128
-74
22
50
30
49
207
338
372
393
443
475
461
469
502
479
364
250
180
147
81
-7
-75
-122
-151
-171
-159
-99
-63
-44
14
87
131
152
187
242
273
237
185
170
169
130
83
38
-10
-56
-98
-109
-110
-143
-194
-217
-231
-258
-297
-342
-381
-421
-474
-540
-567
-559
-591
-682
-754
-726
-674
-675
-683
-648
-602
-589
-535
-425
-324
-290
-268
-208
-122
-63
-49
-36
-18
-13
0
42
94
134
145
198
308
407
467
522
595
669
701
708
701
682
642
564
497
415
305
217
135
57
1
-84
-128
-138
-156
-159
-162
-146
-123
-100
-80
-62
-17
26
-11
-52
-56
-25
1
-29
-38
-10
-22
-21
31
99
149
150
181
237
297
336
346
368
376
353
329
305
264
199
118
71
35
-23
-86
-124
-120
-114
-111
-79
-30
23
64
109
175
226
248
260
277
282
247
196
164
124
75
9
-47
-93
-140
-179
-199
-212
-212
-218
-243
-283
-303
-305
-322
-355
-388
-429
-478
-535
-573
-593
-617
-652
-669
-667
-655
-647
-628
-586
-534
-484
-428
-359
-297
-260
-218
-163
-109
-78
-69
-69
-52
-6
36
86
130
165
235
330
423
508
561
602
649
680
694
666
626
572
489
411
314
220
160
71
4
-51
-108
-116
-113
-110
-96
-86
-56
-30
-10
26
37
55
47
14
15
-3
-24
-30
-56
-61
-56
-58
-25
2
40
75
114
165
215
265
302
322
333
340
333
322
284
247
193
135
79
30
-7
-40
-63
-80
-79
-59
-26
18
62
106
155
199
232
262
277
281
265
231
195
159
111
60
3
-40
-87
-127
-159
-182
-200
-219
-242
-254
-271
-291
-318
-347
-387
-432
-472
-508
-552
-590
-626
-651
-669
-674
-670
-650
-623
-586
-546
-493
-435
-372
-310
-253
-200
-149
-106
-74
-53
-45
-45
-36
2
38
84
123
143
223
321
408
489
546
586
637
657
666
639
605
559
470
387
291
206
159
72
2
-38
-91
-93
-93
-94
-63
-45
-23
-4
15
52
60
60
52
13
10
-8
-36
-42
-68
-75
-66
-67
-36
3
43
82
115
164
202
253
298
307
309
316
305
293
259
217
175
123
70
22
-7
-29
-49
-57
-55
-32
4
45
92
144
185
224
257
279
290
296
278
236
192
151
102
49
-11
-61
-107
-148
-184
-207
-225
-240
-260
-281
-301
-317
-337
-371
-409
-450
-488
-527
-567
-604
-629
-643
-657
-667
-659
-630
-595
-558
-519
-472
-413
-348
-289
-242
-192
-141
-97
-71
-60
-52
-47
-51
-25
14
50
99
123
175
269
366
454
518
553
595
625
635
625
578
536
467
377
292
199
149
91
15
-26
-67
-84
-72
-72
-47
-26
-9
15
27
42
67
55
50
15
-9
-20
-47
-63
-77
-93
-81
-76
-54
-13
29
73
107
144
183
213
251
278
277
273
257
243
233
206
173
132
93
65
42
24
13
10
12
19
42
76
113
155
191
218
249
277
287
292
284
261
222
180
131
85
30
-24
-78
-127
-168
-198
-227
-251
-274
-295
-318
-341
-361
-387
-423
-455
-492
-526
-558
-586
-610
-629
-635
-633
-625
-605
-575
-538
-494
-448
-396
-343
-287
-228
-182
-139
-99
-67
-44
-30
-26
-31
-40
-21
21
46
91
111
147
236
326
404
464
498
529
568
580
575
541
493
437
361
292
211
158
109
42
2
-31
-56
-39
-30
-18
-4
11
29
55
65
77
62
49
30
4
-14
-44
-68
-79
-97
-98
-90
-71
-33
6
38
74
119
162
198
237
271
286
287
283
274
266
247
214
167
126
95
73
51
30
17
18
32
59
87
121
162
202
233
262
286
299
298
284
255
211
170
121
64
-2
-60
-109
-155
-195
-230
-260
-281
-296
-313
-334
-348
-364
-387
-418
-449
-479
-504
-532
-561
-587
-602
-601
-597
-589
-573
-542
-505
-461
-415
-366
-307
-249
-191
-145
-101
-59
-21
5
17
17
6
-7
-21
-11
11
31
57
64
110
198
283
360
406
438
480
530
549
538
497
451
409
338
266
189
138
87
25
-17
-57
-63
-40
-35
-30
-16
10
45
74
79
82
77
70
52
18
-3
-33
-60
-86
-112
-112
-104
-85
-60
-34
3
54
106
153
210
263
300
317
326
334
331
318
278
228
174
129
91
54
21
-9
-19
-11
12
43
81
126
170
211
249
281
300
302
289
259
216
168
118
54
-19
-86
-144
-192
-234
-271
-300
-322
-333
-342
-348
-355
-361
-376
-393
-414
-434
-453
-476
-507
-534
-551
-557
-557
-558
-550
-529
-497
-454
-407
-357
-303
-242
-182
-128
-83
-39
-8
14
24
23
14
-4
-31
-46
-37
-20
3
20
34
105
195
281
348
388
430
487
537
540
519
476
442
390
319
240
166
122
62
5
-41
-69
-56
-42
-40
-32
-9
26
63
83
84
89
81
78
48
18
-8
-44
-68
-101
-118
-114
-102
-86
-60
-29
16
73
121
162
210
261
301
320
329
329
335
340
330
248
119
113
153
89
2
2
41
16
10
67
109
130
183
247
263
270
288
314
312
339
282
123
103
76
-26
-161
-187
-209
-308
-359
-351
-350
-402
-373
-313
-328
-351
-359
-359
-381
-401
-401
-400
-440
-477
-445
-455
-476
-455
-466
-473
-437
-380
-323
-387
-356
-215
-186
-224
-103
-4
-69
-69
20
30
-27
1
16
-11
-26
-38
-12
-3
10
37
134
223
274
309
357
384
454
497
493
467
447
401
324
281
225
157
114
71
6
-43
-59
-53
-28
-25
-34
-5
25
25
54
71
60
61
55
26
1
-31
-56
-89
-98
-97
-109
-98
-85
-46
-20
8
74
125
162
198
252
284
306
338
338
336
346
326
273
243
223
197
158
120
94
72
61
67
81
93
117
149
169
178
194
204
208
200
169
129
79
23
-34
-97
-164
-214
-262
-306
-357
-388
-402
-411
-425
-422
-416
-400
-362
-302
-306
-377
-406
-371
-329
-340
-340
-327
-361
-403
-385
-341
-316
-314
-300
-265
-228
-205
-197
-169
-118
-67
-38
-24
-20
-34
-52
-56
-52
-70
-96
-104
-97
-83
-82
-62
15
109
195
248
283
324
386
450
484
478
439
395
345
287
212
142
88
30
-23
-88
-135
-114
-29
18
-44
-86
-22
84
126
133
167
172
127
105
133
123
78
30
3
3
-24
-58
-89
-70
-23
-5
18
53
86
99
128
208
280
298
275
273
303
319
293
268
245
212
184
148
128
108
86
87
103
118
118
112
135
168
184
173
153
134
95
46
3
-39
-93
-129
-106
-125
-258
-376
-361
-290
-279
-285
-265
-280
-338
-329
-262
-224
-221
-248
-273
-288
-296
-323
-368
-370
-353
-362
-394
-411
-410
-417
-396
-332
-266
-234
-232
-217
-165
-102
-47
-1
40
55
41
22
24
21
-4
-26
-29
-28
-52
-83
-83
-16
65
122
152
161
176
220
285
324
316
270
269
343
365
227
83
90
169
169
102
82
74
23
25
94
145
155
145
141
151
169
150
105
94
108
62
-16
-65
-88
-119
-152
-135
-103
-95
-107
-102
-41
40
94
147
205
271
304
331
383
427
436
423
403
377
328
258
216
181
144
81
14
-23
-41
-52
-49
-22
-5
-12
-11
57
168
185
83
9
47
87
53
13
-27
-103
-203
-229
-202
-198
-222
-281
-315
-304
-275
-281
-305
-299
-290
-314
-338
-333
-353
-394
-412
-390
-373
-396
-423
-423
-389
-348
-310
-267
-226
-193
-166
-118
-47
15
44
57
66
71
60
37
20
-16
-79
-150
-192
-203
-212
-229
-248
-216
-148
-68
-2
97
236
296
296
319
404
450
445
456
439
344
234
219
226
218
157
56
13
17
56
46
28
46
55
70
78
108
83
47
47
69
63
2
-63
-109
-85
-75
-77
-81
-79
-58
-45
16
88
141
183
221
273
317
344
368
389
394
365
312
267
231
177
116
54
12
-25
-70
-59
6
30
-18
-38
41
125
156
191
222
207
144
126
142
137
93
-4
-106
-164
-188
-229
-281
-312
-334
-376
-392
-362
-342
-341
-346
-326
-298
-292
-301
-315
-310
-293
-292
-301
-300
-308
-322
-322
-288
-251
-246
-239
-220
-181
-150
-121
-84
-59
-45
-48
-47
-38
-44
-80
-121
-161
-200
-241
-268
-236
-179
-168
-223
-214
-93
52
148
214
279
313
358
426
498
523
496
439
377
327
288
240
177
130
77
-10
-41
-31
-6
6
-7
14
30
78
104
125
141
135
133
125
119
83
39
-1
3
-4
-34
-64
-77
-48
-14
20
46
61
93
129
193
250
265
270
273
300
314
297
270
270
266
218
139
84
80
80
83
76
62
33
30
79
139
182
185
151
130
133
136
112
65
9
-63
-141
-189
-222
-255
-297
-340
-356
-369
-364
-349
-317
-287
-275
-272
-254
-231
-214
-211
-213
-221
-236
-255
-270
-278
-289
-298
-304
-299
-303
-295
-278
-244
-211
-189
-168
-150
-122
-93
-72
-68
-62
-55
-70
-114
-154
-176
-187
-188
-180
-170
-177
-158
-89
9
107
168
212
261
334
399
433
440
420
389
351
317
270
217
157
108
73
35
14
-2
4
26
48
70
76
108
146
173
181
165
152
135
120
97
60
3
-38
-62
-75
-82
-90
-87
-76
-45
-2
34
73
111
165
220
259
283
291
311
326
330
312
279
235
195
170
142
104
57
33
21
23
29
37
50
62
82
108
118
115
102
92
74
39
-12
-61
-105
-150
-193
-236
-271
-302
-313
-314
-306
-303
-295
-275
-252
-231
-217
-210
-210
-214
-214
-219
-236
-259
-280
-291
-304
-314
-324
-324
-319
-301
-280
-259
-234
-209
-173
-139
-108
-88
-76
-61
-54
-53
-67
-93
-127
-164
-183
-190
-192
-194
-196
-179
-128
-58
25
91
148
203
263
334
379
404
398
376
357
330
299
257
204
155
119
88
67
54
47
61
75
98
116
134
161
181
203
199
183
158
131
106
79
36
-9
-52
-82
-95
-101
-102
-98
-81
-54
-18
19
60
104
155
198
235
261
280
294
306
307
293
264
224
195
169
147
110
73
49
41
44
50
61
68
76
92
113
124
119
104
87
64
30
-10
-54
-105
-150
-192
-224
-260
-289
-304
-304
-298
-294
-282
-265
-247
-228
-209
-194
-189
-195
-198
-201
-208
-228
-247
-266
-280
-291
-296
-297
-294
-286
-269
-242
-217
-185
-153
-121
-94
-73
-53
-43
-43
-55
-72
-98
-134
-169
-191
-202
-214
-221
-216
-180
-131
-70
-5
61
130
186
255
314
358
380
376
373
355
337
302
261
213
171
140
110
91
75
78
87
101
121
144
172
189
208
219
221
209
178
153
120
84
38
-14
-55
-94
-116
-133
-137
-134
-124
-101
-74
-32
17
73
118
160
200
242
273
288
300
301
292
262
234
207
181
146
107
83
64
54
47
52
63
73
86
98
110
115
116
106
85
56
22
-15
-65
-114
-161
-202
-246
-287
-312
-325
-328
-330
-322
-302
-281
-258
-235
-209
-188
-178
-170
-168
-169
-178
-192
-209
-230
-248
-263
-273
-283
-287
-281
-268
-251
-228
-198
-165
-134
-110
-83
-61
-47
-47
-54
-67
-94
-127
-161
-184
-204
-221
-237
-236
-212
-181
-130
-79
-19
48
107
176
232
291
329
348
357
354
350
328
301
259
226
191
156
130
107
104
102
108
121
139
166
185
209
226
238
238
223
203
176
144
104
54
3
-47
-86
-123
-146
-165
-172
-172
-164
-139
-103
-54
-6
41
92
144
195
230
264
284
299
293
279
260
236
207
168
136
106
82
61
48
46
48
57
64
75
81
91
96
92
79
58
35
1
-38
-79
-118
-160
-206
-247
-279
-301
-321
-336
-336
-333
-320
-302
-277
-248
-220
-192
-166
-144
-130
-121
-117
-124
-136
-153
-169
-188
-204
-216
-220
-222
-218
-208
-192
-170
-146
-121
-95
-74
-59
-49
-43
-46
-59
-81
-105
-132
-157
-182
-203
-213
-213
-204
-184
-156
-113
-64
-11
46
105
162
209
248
280
309
326
328
323
308
290
266
242
218
193
173
155
150
149
156
168
182
200
216
232
243
248
247
236
219
192
158
121
75
28
-17
-55
-96
-133
-162
-176
-179
-176
-157
-128
-88
-47
1
54
107
156
199
234
261
276
279
274
261
237
210
179
145
110
80
56
34
18
7
4
3
8
19
32
46
57
67
70
63
46
19
-19
-65
-119
-176
-229
-282
-328
-362
-382
-391
-387
-367
-335
-296
-256
-211
-170
-133
-104
-81
-65
-59
-60
-69
-79
-95
-113
-131
-152
-166
-182
-189
-192
-191
-181
-169
-149
-131
-108
-87
-72
-62
-60
-65
-76
-93
-113
-138
-162
-183
-197
-205
-206
-202
-184
-159
-123
-84
-38
12
54
98
143
187
223
241
261
274
279
276
269
259
245
225
212
204
195
192
188
192
202
206
218
224
228
233
231
226
211
188
169
136
104
71
35
-2
-41
-70
-86
-102
-114
-119
-115
-98
-82
-57
-24
7
37
63
96
131
151
166
175
184
185
177
167
154
134
110
84
59
34
5
-16
-30
-36
-31
-22
-5
11
29
44
48
40
20
-5
-37
-79
-125
-171
-212
-250
-275
-288
-295
-296
-289
-272
-252
-233
-212
-192
-174
-159
-142
-124
-109
-99
-89
-80
-75
-75
-83
-90
-101
-115
-126
-138
-146
-152
-152
-147
-140
-132
-124
-115
-109
-109
-109
-114
-122
-133
-144
-155
-164
-168
-168
-162
-154
-137
-118
-91
-60
-25
10
35
63
97
127
154
169
190
208
216
225
232
238
237
236
239
243
241
244
245
252
262
270
284
323
320
225
150
157
173
173
177
144
83
84
181
155
42
-3
-41
-84
-75
-39
-51
-94
-84
-51
-29
6
46
55
61
77
98
117
129
142
160
185
145
55
22
47
57
47
26
-14
-49
-36
8
27
10
-7
2
26
38
41
53
82
46
-72
-141
-129
-133
-161
-187
-236
-300
-288
-184
-164
-244
-259
-210
-194
-190
-160
-116
-111
-116
-122
-155
-155
-105
-83
-103
-131
-157
-171
-163
-130
-110
-119
-140
-135
-102
-97
-128
-149
-144
-106
-65
-98
-188
-248
-232
-165
-99
-122
-202
-236
-182
-108
-70
-46
-37
-47
-11
70
158
193
159
136
150
182
209
229
233
220
186
187
208
222
208
197
195
203
213
226
235
240
238
220
220
235
232
200
172
157
138
111
94
78
43
13
15
23
3
24
11
-53
-60
-26
-25
-23
5
7
-25
-4
59
81
85
95
90
84
104
121
101
59
38
25
6
9
1
-32
-18
5
11
17
33
57
49
26
16
20
-7
-45
-86
-118
-136
-155
-158
-190
-225
-218
-179
-185
-188
-195
-206
-211
-180
-168
-182
-167
-156
-155
-153
-126
-134
-153
-151
-137
-149
-169
-167
-175
-203
-205
-177
-170
-177
-181
-157
-123
-110
-140
-174
-127
-101
-117
-157
-164
-177
-168
-115
-108
-129
-126
-66
-9
-4
17
65
79
97
126
177
200
192
207
213
233
253
259
224
219
228
225
204
207
211
189
181
195
203
194
185
184
202
202
194
179
160
182
165
82
34
51
44
17
8
-8
-55
-77
-50
-27
-46
-48
-37
-4
32
35
52
122
139
130
127
151
153
132
143
112
67
49
23
-1
-15
-27
-33
-41
-27
6
17
26
45
53
46
52
46
34
0
-29
-45
-78
-113
-121
-130
-156
-165
-170
-167
-176
-188
-183
-192
-193
-186
-190
-188
-185
-183
-173
-165
-163
-180
-193
-190
-196
-207
-212
-220
-224
-208
-210
-211
-190
-174
-161
-150
-149
-156
-135
-118
-116
-139
-152
-138
-134
-126
-107
-92
-74
-54
-16
36
73
87
101
150
199
214
230
252
252
251
279
273
237
236
237
228
215
203
180
169
179
192
191
181
183
186
199
199
183
171
155
136
135
113
65
18
12
16
-14
-44
-61
-64
-49
-33
-25
-34
-7
40
62
63
75
107
127
134
129
118
126
123
92
63
62
51
7
-29
-18
-4
-7
-13
7
34
57
82
90
76
82
94
66
11
-31
-58
-92
-135
-163
-170
-184
-196
-196
-194
-171
-147
-160
-175
-171
-158
-156
-171
-178
-170
-172
-192
-209
-203
-203
-236
-270
-271
-268
-280
-284
-281
-276
-269
-253
-224
-190
-172
-170
-170
-149
-120
-103
-103
-135
-160
-142
-113
-111
-115
-112
-92
-45
8
43
56
92
159
214
240
260
268
263
266
294
331
307
235
201
221
237
226
195
167
162
182
205
194
168
182
206
197
183
175
157
134
99
67
52
20
-24
-42
-55
-81
-101
-91
-72
-61
-37
-3
14
30
58
111
165
163
138
138
163
174
159
129
86
49
55
69
33
-21
-33
-6
16
28
37
61
99
118
115
122
141
130
76
30
7
-46
-116
-160
-192
-223
-243
-226
-208
-219
-205
-159
-127
-115
-101
-95
-110
-141
-159
-163
-184
-218
-249
-270
-307
-353
-367
-351
-340
-339
-333
-329
-318
-299
-262
-211
-174
-160
-165
-170
-164
-151
-149
-157
-170
-183
-185
-183
-166
-96
-28
-1
43
109
161
200
265
348
380
367
350
342
356
355
316
269
256
257
234
199
199
209
207
218
258
283
251
234
248
261
253
209
150
94
39
-3
-43
-80
-108
-161
-187
-164
-124
-86
-66
-36
29
90
141
165
176
183
169
193
218
180
111
57
61
91
78
48
36
41
65
84
109
126
128
142
158
152
127
97
71
35
-2
-29
-67
-118
-160
-168
-164
-158
-147
-154
-162
-147
-120
-104
-121
-142
-144
-148
-168
-200
-225
-225
-223
-236
-257
-279
-295
-314
-329
-322
-324
-348
-378
-397
-386
-364
-348
-344
-346
-340
-335
-335
-328
-313
-295
-287
-279
-255
-219
-171
-114
-35
37
90
150
207
268
318
345
370
378
381
391
388
389
391
391
400
392
388
392
385
395
390
372
347
298
270
234
208
177
113
58
9
-37
-55
-78
-91
-109
-142
-138
-137
-125
-99
-87
-67
-58
-31
9
30
54
87
113
144
170
198
220
228
225
208
211
227
213
172
133
125
131
121
111
92
71
64
54
51
36
-1
-42
-90
-121
-136
-156
-174
-195
-220
-236
-249
-234
-203
-184
-181
-195
-193
-185
-183
-186
-199
-209
-215
-227
-248
-265
-277
-283
-293
-289
-276
-285
-311
-337
-339
-344
-363
-391
-420
-438
-462
-475
-490
-494
-473
-426
-379
-329
-272
-199
-97
-6
71
139
186
239
284
300
321
345
369
410
424
454
503
559
619
635
631
623
611
587
541
469
404
312
243
175
113
89
63
65
59
57
81
81
52
22
-22
-56
-127
-200
-222
-223
-201
-186
-162
-111
-49
24
104
177
235
256
257
257
244
232
214
211
221
213
217
216
221
223
212
200
173
125
60
-17
-87
-140
-190
-214
-231
-235
-238
-248
-244
-237
-225
-227
-248
-275
-310
-356
-388
-358
-266
-188
-153
-137
-105
-71
-50
-41
-55
-85
-159
-239
-318
-383
-433
-473
-482
-468
-437
-415
-392
-386
-387
-398
-402
-395
-397
-396
-412
-396
-343
-247
-145
-87
-18
33
105
174
211
248
279
308
371
404
447
504
554
635
679
699
692
667
634
595
515
456
432
481
492
464
425
367
347
308
261
182
65
-73
-173
-262
-317
-365
-402
-374
-285
-163
-54
-1
31
84
94
117
109
98
96
74
65
102
154
233
293
315
306
266
224
188
155
106
52
-5
-52
-86
-86
-87
-70
-66
-88
-128
-188
-267
-330
-382
-439
-469
-438
-323
-196
-113
-87
-78
-89
-107
-133
-170
-222
-288
-337
-374
-390
-405
-401
-374
-335
-271
-237
-229
-261
-310
-358
-383
-391
-394
-405
-442
-446
-430
-384
-311
-264
-202
-147
-151
-143
-140
-128
-50
1
73
159
206
291
367
430
482
508
517
520
497
451
430
429
468
594
718
789
806
760
701
624
521
409
313
185
58
-48
-132
-174
-186
-182
-147
-100
-78
-47
-31
-25
-3
10
40
75
105
125
126
112
102
112
100
92
80
76
83
86
99
121
136
143
137
114
75
21
-36
-98
-161
-214
-259
-289
-301
-308
-332
-376
-382
-271
-101
5
-7
-70
-108
-156
-193
-213
-206
-220
-300
-386
-461
-495
-523
-524
-472
-374
-259
-201
-188
-216
-220
-219
-213
-231
-268
-321
-390
-460
-506
-494
-451
-392
-312
-243
-144
-96
-95
-65
-66
20
86
134
212
249
305
367
390
417
404
393
400
388
374
373
507
724
877
917
825
727
652
528
455
371
302
226
97
-9
-96
-147
-188
-179
-129
-51
41
64
63
75
92
143
176
199
206
176
109
69
64
80
108
116
127
150
168
180
183
172
169
163
140
109
64
-2
-62
-129
-189
-244
-292
-327
-336
-347
-378
-378
-268
-105
-14
-30
-96
-135
-187
-242
-276
-287
-297
-349
-420
-478
-511
-533
-518
-460
-362
-253
-168
-115
-119
-166
-210
-237
-237
-249
-281
-335
-411
-493
-550
-560
-514
-428
-320
-218
-114
-61
-70
-68
-69
10
97
164
241
272
290
325
324
343
350
368
408
419
413
455
647
891
1013
957
823
697
607
487
419
376
324
225
63
-78
-179
-241
-266
-234
-144
-25
73
131
153
147
114
84
66
84
100
106
92
73
66
50
44
48
83
134
182
226
254
260
244
213
174
129
78
11
-67
-138
-196
-247
-291
-315
-332
-372
-440
-482
-377
-146
23
50
-27
-99
-166
-267
-347
-381
-384
-423
-500
-564
-590
-584
-563
-519
-424
-319
-208
-123
-82
-79
-125
-171
-224
-276
-319
-370
-438
-505
-539
-512
-464
-365
-257
-134
-65
-76
-84
-96
-25
63
160
254
324
339
310
260
246
265
307
353
376
407
416
433
525
762
976
1008
865
734
646
588
499
425
362
239
42
-165
-267
-270
-213
-152
-69
16
85
128
177
193
184
154
143
141
157
165
147
78
-14
-53
-66
-48
-3
86
185
244
247
208
140
79
37
25
31
26
-20
-107
-203
-286
-349
-406
-454
-484
-484
-485
-469
-326
-47
148
142
-1
-129
-199
-266
-313
-325
-321
-374
-487
-596
-645
-632
-597
-520
-395
-249
-131
-67
-53
-90
-164
-233
-292
-331
-350
-350
-353
-361
-333
-279
-209
-218
-229
-212
-138
15
159
278
333
340
316
281
274
320
372
415
423
398
354
328
330
362
380
357
358
512
791
945
937
804
661
495
291
122
36
28
16
-24
-67
-112
-158
-231
-223
-107
76
267
378
443
416
336
247
178
141
138
132
102
43
2
12
36
36
33
24
33
59
75
98
78
32
-57
-146
-224
-285
-329
-360
-398
-437
-477
-524
-569
-585
-570
-551
-468
-225
48
171
134
16
-90
-193
-303
-377
-408
-407
-432
-497
-534
-547
-521
-511
-474
-372
-244
-112
-29
-26
-85
-182
-251
-253
-208
-113
-66
-74
-185
-270
-300
-219
-72
105
256
346
390
386
391
394
433
457
481
463
427
377
367
360
370
325
265
196
172
188
216
347
579
775
754
598
404
278
187
141
98
62
-10
-110
-228
-282
-247
-158
-70
20
140
269
374
435
455
416
353
268
206
172
157
137
87
-1
-71
-119
-127
-103
-56
-2
30
24
-18
-85
-155
-225
-289
-346
-397
-434
-472
-503
-539
-565
-591
-618
-641
-639
-620
-567
-381
-83
135
183
105
-37
-171
-283
-350
-382
-389
-407
-465
-552
-602
-587
-526
-470
-415
-334
-237
-127
-9
82
155
164
132
35
-101
-178
-181
-73
45
147
197
220
232
279
343
458
565
650
665
618
533
459
423
417
408
355
311
245
230
203
185
143
97
19
-25
85
343
575
666
608
437
223
34
-80
-127
-99
-69
-60
-104
-135
-119
-69
-17
57
172
305
426
506
522
478
378
257
128
34
-17
-39
-52
-73
-105
-148
-181
-186
-174
-139
-101
-91
-123
-192
-269
-346
-402
-448
-479
-502
-509
-513
-535
-559
-584
-601
-594
-578
-569
-500
-276
13
193
227
147
-17
-189
-328
-425
-482
-499
-485
-498
-544
-597
-605
-578
-504
-368
-150
104
297
389
316
179
60
39
94
177
238
279
268
248
236
266
360
479
589
641
661
658
654
626
599
506
412
326
286
286
288
281
228
126
-6
-122
-184
-179
-150
-52
165
429
589
613
513
324
142
3
-75
-85
-37
37
46
-14
-88
-115
-91
-17
103
266
396
474
483
420
317
206
104
17
-65
-123
-159
-193
-208
-233
-251
-273
-284
-282
-260
-222
-197
-206
-249
-319
-394
-446
-468
-476
-468
-459
-457
-474
-505
-533
-547
-555
-558
-544
-422
-162
115
270
263
116
-111
-305
-433
-491
-498
-479
-489
-557
-623
-612
-486
-293
-121
11
73
100
165
266
394
467
483
441
357
271
235
265
350
443
501
506
488
489
523
589
649
651
594
509
412
348
305
278
225
148
62
-29
-100
-126
-116
-95
-95
-130
-177
-92
156
436
614
625
482
268
88
-20
-63
-48
11
46
33
-17
-32
8
65
114
159
190
229
270
282
245
144
18
-120
-243
-315
-318
-278
-241
-239
-271
-324
-349
-336
-301
-260
-236
-247
-296
-368
-431
-464
-458
-439
-427
-422
-417
-411
-419
-437
-472
-500
-514
-507
-479
-336
-86
134
228
166
-6
-221
-399
-511
-580
-586
-508
-422
-323
-253
-176
-99
-93
-86
-40
99
311
508
625
635
543
439
337
294
328
410
519
574
564
536
515
526
552
535
517
478
447
416
352
274
182
92
-2
-81
-110
-86
-40
-13
-39
-110
-193
-238
-227
-140
91
382
614
698
642
476
260
100
-5
-52
-37
22
69
67
33
14
9
6
14
53
115
193
238
223
133
-8
-139
-255
-327
-362
-355
-329
-320
-318
-325
-330
-320
-293
-261
-240
-233
-242
-269
-308
-350
-385
-401
-410
-403
-396
-370
-355
-361
-397
-453
-485
-505
-500
-461
-305
-72
121
198
135
-37
-259
-447
-565
-590
-507
-317
-141
-46
-67
-152
-175
-107
61
278
452
601
688
700
655
553
504
493
503
500
474
467
483
514
537
518
460
415
384
385
391
370
320
205
67
-68
-169
-193
-164
-104
-56
-45
-59
-118
-194
-219
-186
-107
-7
193
440
661
757
707
533
307
126
2
-48
-31
37
75
57
-9
-67
-89
-80
-50
10
62
108
116
85
14
-84
-177
-275
-350
-409
-425
-400
-357
-319
-297
-284
-278
-258
-234
-210
-184
-173
-189
-245
-305
-351
-373
-384
-380
-371
-363
-349
-359
-384
-449
-493
-530
-552
-516
-357
-107
100
197
128
-66
-316
-509
-588
-559
-388
-177
-18
1
-118
-168
-135
35
242
413
558
649
717
722
682
631
606
585
525
459
401
428
476
507
483
387
320
258
271
297
305
292
193
56
-115
-239
-281
-255
-191
-147
-113
-110
-108
-138
-165
-147
-116
-58
16
212
489
733
854
790
579
302
89
-43
-68
-16
53
87
29
-61
-133
-150
-119
-69
-4
22
34
25
5
-24
-93
-176
-279
-369
-426
-424
-370
-305
-247
-230
-223
-232
-226
-185
-137
-96
-87
-117
-186
-262
-313
-340
-339
-333
-323
-328
-352
-377
-419
-450
-485
-506
-531
-502
-345
-140
53
137
101
-64
-302
-510
-632
-625
-484
-246
-53
51
8
-84
-97
-24
183
404
575
706
754
764
712
650
613
578
551
475
423
396
424
460
469
411
304
216
152
176
205
220
193
70
-80
-237
-335
-341
-279
-193
-153
-146
-181
-201
-177
-99
18
90
151
284
462
673
802
840
719
490
231
10
-100
-86
19
87
85
-9
-109
-158
-158
-99
-20
26
41
2
-37
-74
-81
-96
-159
-254
-369
-418
-390
-304
-200
-127
-108
-134
-169
-183
-138
-63
-6
-2
-70
-173
-252
-296
-304
-286
-289
-301
-341
-387
-439
-475
-485
-496
-508
-505
-393
-209
-18
103
101
-28
-255
-472
-661
-722
-654
-490
-295
-125
-7
80
79
23
38
128
336
549
694
775
794
764
705
585
478
414
421
433
443
440
428
428
384
294
175
96
52
80
103
79
33
-75
-186
-290
-366
-354
-289
-198
-141
-125
-155
-180
-153
-49
139
375
578
710
794
789
694
507
322
145
38
-12
-1
36
57
48
0
-72
-149
-158
-121
-44
31
64
32
-18
-88
-134
-172
-216
-255
-284
-292
-285
-230
-163
-88
-45
-49
-69
-84
-83
-53
-10
-8
-42
-112
-205
-280
-319
-327
-303
-292
-322
-380
-456
-511
-538
-543
-489
-344
-160
-17
55
27
-99
-270
-443
-598
-671
-659
-576
-495
-436
-380
-313
-237
-133
27
208
374
398
421
401
464
578
618
642
595
556
495
435
378
374
427
449
438
375
280
256
229
218
143
56
-60
-136
-144
-185
-146
-149
-141
-155
-218
-270
-293
-250
-189
-109
-6
148
380
586
753
794
699
526
345
208
112
96
134
173
169
101
6
-75
-95
-68
-13
38
47
54
34
6
-18
-44
-80
-123
-159
-206
-220
-209
-170
-105
-64
-49
-53
-49
-22
21
52
50
28
-24
-90
-142
-198
-210
-210
-203
-225
-275
-338
-394
-430
-469
-490
-468
-353
-180
-16
64
61
-46
-223
-396
-564
-648
-650
-577
-503
-464
-466
-487
-495
-489
-430
-295
-123
51
166
234
298
360
447
408
382
324
348
423
440
474
472
497
490
473
411
350
361
382
374
327
216
134
40
-6
-61
-101
-136
-152
-129
-163
-155
-170
-170
-157
-130
-30
124
323
490
600
603
480
315
144
69
65
130
182
212
217
181
110
27
2
30
113
176
188
180
145
105
81
23
-34
-87
-117
-150
-161
-162
-136
-67
-22
16
16
8
14
52
74
86
86
57
19
-37
-106
-160
-188
-197
-185
-194
-218
-253
-301
-348
-384
-371
-268
-101
56
142
130
9
-167
-360
-526
-627
-646
-610
-557
-535
-531
-547
-550
-546
-502
-431
-344
-248
-180
-119
-112
-65
-16
64
133
161
153
136
145
196
255
298
334
389
445
477
497
467
461
453
441
382
298
205
159
140
111
57
-15
-84
-103
-111
-125
-141
-126
-25
143
312
423
472
452
370
233
65
-73
-121
-73
11
50
39
-17
-53
-53
-8
66
157
233
277
294
256
213
178
153
139
129
89
34
-33
-87
-111
-109
-106
-77
-40
6
59
87
92
97
99
87
80
46
15
-7
-29
-55
-81
-119
-144
-159
-188
-220
-248
-247
-161
-15
133
238
265
192
41
-149
-342
-464
-511
-486
-446
-442
-475
-542
-605
-652
-643
-581
-482
-370
-292
-242
-232
-229
-220
-209
-194
-181
-188
-209
-242
-265
-262
-208
-97
29
157
214
239
223
246
263
302
330
341
377
377
370
316
266
224
207
189
145
90
47
31
102
208
352
461
521
529
445
303
121
-7
-79
-59
-5
4
-19
-77
-139
-189
-219
-198
-122
8
124
204
210
183
154
143
148
162
187
204
207
169
104
37
-9
-5
30
69
103
101
107
110
117
124
116
96
65
49
12
-10
-14
-4
24
31
-1
-53
-104
-122
-63
67
225
369
456
453
366
200
14
-135
-216
-219
-193
-190
-226
-287
-374
-458
-519
-535
-486
-399
-312
-261
-254
-276
-294
-304
-316
-328
-337
-362
-372
-397
-407
-403
-382
-339
-293
-256
-230
-204
-187
-151
-125
-100
-104
-115
-129
-92
-22
76
166
198
187
143
86
38
31
60
198
401
608
752
811
755
629
466
281
145
62
51
90
127
113
62
-40
-144
-200
-200
-148
-55
39
113
166
167
136
100
67
61
68
65
49
30
18
24
31
37
45
53
61
73
76
72
82
89
95
89
70
57
48
42
43
6
-31
-71
-82
-78
-46
11
112
266
401
511
550
503
401
279
154
71
41
57
95
117
82
6
-106
-214
-250
-234
-163
-78
-10
8
5
-42
-102
-147
-184
-195
-198
-217
-262
-312
-359
-387
-397
-402
-402
-397
-383
-361
-339
-322
-298
-279
-269
-273
-293
-329
-348
-355
-333
-311
-288
-282
-279
-284
-289
-255
-178
-48
91
206
257
225
127
36
-19
5
83
170
208
182
110
4
-89
-147
-124
-7
156
309
403
411
362
296
239
204
195
199
217
233
222
178
113
42
-2
-19
-22
-16
-17
-14
14
47
71
81
67
36
5
-30
-66
-79
-74
-49
-12
4
-3
-30
-51
-32
52
173
301
399
443
422
341
215
88
4
-13
36
86
111
87
19
-59
-124
-137
-101
-9
98
189
250
245
224
198
181
189
205
221
207
173
120
64
24
-21
-36
-50
-57
-52
-63
-72
-90
-102
-124
-143
-172
-217
-249
-279
-293
-302
-316
-334
-364
-390
-413
-416
-379
-284
-136
15
137
193
164
81
-44
-154
-219
-222
-176
-129
-109
-143
-218
-319
-406
-442
-413
-334
-220
-135
-87
-83
-124
-157
-207
-220
-214
-187
-157
-128
-78
-31
30
70
84
76
50
30
28
41
86
171
266
347
399
392
350
283
210
145
102
75
55
60
64
72
93
137
221
307
379
412
377
286
171
65
-9
-24
-2
30
38
4
-73
-169
-254
-295
-254
-149
-12
117
199
229
212
175
143
132
152
196
235
250
231
182
122
64
26
-2
-6
-4
2
26
46
82
104
116
113
91
68
29
2
-30
-43
-41
-45
-50
-66
-83
-91
-67
12
119
231
311
348
323
244
143
38
-24
-40
-16
6
-7
-71
-166
-263
-341
-366
-334
-258
-163
-84
-43
-48
-82
-117
-133
-113
-70
-21
9
8
-27
-87
-142
-193
-222
-228
-211
-188
-169
-160
-165
-171
-183
-202
-217
-243
-265
-282
-297
-308
-326
-346
-377
-415
-451
-485
-486
-448
-361
-241
-125
-20
50
96
117
122
126
132
155
160
154
114
62
22
11
54
135
245
341
405
412
363
288
217
173
175
218
287
340
349
310
232
134
45
-23
-60
-73
-61
-38
-13
9
18
31
43
53
60
60
57
51
47
52
59
65
60
55
41
25
17
38
96
171
241
284
287
241
165
76
1
-46
-61
-64
-83
-128
-199
-268
-324
-336
-294
-204
-87
15
87
100
88
64
58
86
144
232
311
374
388
354
289
210
137
91
70
80
108
137
156
153
134
94
50
-1
-31
-58
-70
-86
-104
-135
-173
-213
-254
-275
-281
-258
-198
-104
-3
74
109
104
63
4
-52
-87
-91
-74
-62
-83
-147
-242
-342
-414
-440
-417
-353
-279
-225
-208
-237
-282
-322
-336
-314
-259
-194
-140
-118
-131
-183
-237
-293
-325
-337
-333
-307
-288
-263
-258
-243
-219
-171
-94
-7
90
164
208
220
193
153
107
81
86
126
200
289
400
513
601
638
610
531
421
311
233
201
212
248
263
232
149
25
-102
-201
-247
-241
-190
-120
-68
-45
-55
-67
-65
-36
18
77
129
162
167
147
123
107
107
126
151
166
170
165
140
109
82
65
56
64
73
80
80
67
38
-10
-63
-121
-170
-197
-199
-182
-145
-79
13
106
181
216
216
191
158
129
126
149
187
215
214
173
105
39
-6
-27
-10
21
59
78
74
46
19
16
32
65
96
108
92
46
-14
-74
-118
-138
-136
-126
-124
-127
-142
-166
-189
-208
-209
-197
-174
-153
-135
-121
-118
-118
-129
-139
-153
-165
-172
-180
-182
-174
-135
-58
28
94
115
90
31
-45
-113
-152
-157
-142
-132
-157
-225
-321
-411
-473
-494
-470
-421
-367
-330
-323
-333
-345
-335
-299
-245
-187
-137
-102
-81
-58
-26
24
90
151
198
214
208
183
156
139
140
167
213
268
311
333
329
294
242
186
130
86
54
37
29
37
56
98
178
267
326
338
305
238
167
119
110
137
182
215
200
140
50
-35
-84
-93
-67
-28
10
30
19
1
-3
16
52
100
130
129
107
69
26
-5
-11
-4
7
14
1
-27
-59
-94
-127
-144
-139
-127
-104
-80
-68
-65
-64
-65
-68
-58
-40
-24
-13
-6
0
10
45
120
223
323
380
382
343
289
236
206
212
232
239
215
142
36
-66
-130
-154
-144
-121
-107
-114
-143
-182
-213
-207
-169
-116
-66
-32
-26
-42
-64
-84
-91
-75
-51
-34
-35
-46
-74
-104
-126
-140
-141
-128
-111
-107
-118
-139
-171
-202
-221
-229
-229
-223
-233
-265
-304
-333
-345
-317
-234
-127
-37
3
-16
-67
-114
-139
-130
-91
-48
-32
-60
-120
-199
-257
-269
-246
-206
-177
-158
-160
-165
-148
-101
-17
82
172
234
254
248
226
206
202
219
264
316
357
366
344
293
225
162
115
97
103
122
136
132
110
80
54
37
33
38
35
14
-25
-65
-84
-74
-34
49
150
237
268
245
199
156
145
163
203
240
247
219
148
65
-7
-42
-48
-50
-58
-81
-110
-139
-158
-151
-120
-76
-36
-9
-8
-17
-26
-27
-15
11
43
75
90
84
63
37
14
4
8
20
36
45
42
27
11
6
17
37
53
59
48
24
-14
-47
-62
-54
-30
4
56
118
160
160
119
75
49
54
78
111
122
97
39
-47
-131
-183
-182
-158
-133
-133
-157
-193
-223
-231
-207
-156
-99
-53
-32
-33
-39
-40
-25
-7
11
27
35
20
-13
-52
-92
-124
-142
-158
-173
-190
-214
-245
-279
-307
-321
-318
-303
-292
-283
-283
-291
-306
-320
-320
-306
-280
-241
-170
-79
-1
33
28
19
23
48
87
130
158
162
142
106
78
71
91
111
102
65
24
-3
-12
11
55
106
146
164
161
146
142
158
178
199
216
231
235
232
219
204
192
184
166
145
119
91
63
40
19
8
15
24
17
5
-13
-35
-56
-70
-86
-94
-85
-67
-46
7
82
137
138
104
70
64
87
124
160
176
154
102
38
-13
-34
-22
-5
-13
-52
-90
-108
-112
-96
-59
-24
1
14
15
9
16
43
76
103
129
152
166
158
137
117
102
95
88
75
55
31
9
-12
-31
-45
-51
-58
-85
-120
-148
-165
-173
-176
-178
-184
-184
-178
-163
-115
-41
18
22
-3
-13
11
55
104
138
136
103
58
8
-22
-21
-2
1
-30
-83
-128
-150
-156
-155
-145
-138
-140
-144
-151
-154
-145
-120
-98
-87
-75
-59
-58
-74
-88
-91
-89
-84
-85
-101
-119
-131
-136
-140
-141
-143
-144
-153
-167
-175
-166
-156
-150
-157
-169
-183
-182
-169
-121
-35
56
98
92
79
106
143
175
190
192
175
160
155
162
182
208
207
169
101
51
30
40
63
91
117
129
124
112
100
103
117
147
167
179
192
200
192
175
167
166
164
156
133
97
68
50
36
19
4
-15
-39
-64
-84
-98
-108
-124
-147
-170
-176
-168
-146
-115
-60
2
40
30
-1
6
58
115
156
169
153
117
91
72
69
83
102
89
49
-1
-29
-38
-34
-34
-31
-34
-33
-32
-30
-21
2
23
37
36
42
53
63
62
62
66
67
60
44
15
-5
-18
-25
-40
-60
-78
-96
-116
-135
-146
-152
-165
-183
-204
-212
-205
-184
-161
-129
-69
-17
-9
-40
-51
-10
51
96
114
99
62
26
4
-9
-11
-6
-18
-60
-117
-158
-174
-180
-184
-193
-204
-217
-220
-213
-203
-184
-158
-130
-118
-118
-103
-82
-54
-31
-10
5
13
18
13
8
13
14
10
-8
-37
-59
-64
-64
-62
-55
-59
-85
-118
-138
-145
-121
-84
-50
-13
61
124
130
97
84
118
180
232
260
261
262
260
257
247
234
218
194
161
121
102
109
108
92
70
50
22
12
8
3
9
29
41
37
34
42
56
72
78
71
61
61
62
60
60
61
56
41
15
-16
-37
-46
-55
-65
-72
-82
-101
-123
-143
-154
-151
-141
-132
-114
-52
10
20
0
-7
33
97
140
147
128
108
104
123
132
132
133
121
92
56
31
16
-2
-22
-35
-40
-49
-46
-48
-59
-57
-45
-41
-48
-53
-43
-19
13
33
36
24
11
13
18
22
24
23
13
-4
-13
-20
-29
-46
-65
-85
-108
-123
-137
-154
-164
-162
-156
-159
-166
-140
-93
-83
-104
-123
-94
-40
1
4
-20
-45
-53
-38
-29
-32
-27
-31
-50
-78
-92
-92
-102
-113
-125
-129
-138
-134
-128
-131
-120
-98
-85
-89
-90
-69
-49
-18
6
24
26
31
43
55
64
61
59
71
86
110
137
136
109
72
43
15
3
8
15
24
43
51
38
9
0
38
82
93
67
64
115
179
202
188
156
133
128
142
142
142
147
129
99
74
62
43
18
-9
-30
-37
-39
-38
-38
-36
-28
-31
-46
-70
-77
-60
-32
-6
17
29
15
2
3
9
20
22
23
20
19
24
22
8
-13
-26
-36
-46
-45
-46
-60
-74
-80
-73
-69
-70
-62
-18
24
18
-4
4
61
122
144
130
100
82
86
104
103
99
103
83
51
23
11
0
-21
-40
-55
-67
-83
-89
-91
-98
-87
-82
-87
-98
-92
-68
-48
-30
-18
-7
-11
-11
4
13
14
7
1
-6
-9
-2
-8
-35
-71
-93
-113
-124
-124
-137
-163
-194
-214
-223
-222
-219
-215
-173
-124
-126
-153
-157
-106
-44
-12
-10
-17
-9
1
24
45
54
61
41
14
-8
-12
-7
-26
-45
-56
-64
-87
-105
-109
-122
-122
-108
-100
-83
-56
-23
2
24
46
68
87
104
127
148
165
174
182
191
200
209
211
191
155
125
110
103
111
110
81
34
-6
-23
-28
-25
-31
-31
5
42
24
-17
-24
17
67
82
71
63
70
84
105
119
123
115
88
60
50
62
69
50
28
14
1
-22
-39
-51
-62
-57
-54
-48
-47
-47
-45
-41
-28
-18
-11
-8
5
30
48
54
48
42
39
43
49
51
42
23
9
5
3
3
-13
-37
-65
-80
-81
-75
-77
-90
-91
-55
-21
-36
-66
-68
-18
39
59
41
18
12
22
43
51
44
40
24
5
-3
5
6
-15
-32
-47
-57
-68
-67
-61
-60
-54
-53
-64
-73
-67
-50
-37
-28
-24
-23
-27
-28
-17
-8
-9
-13
-22
-32
-35
-33
-38
-54
-71
-87
-96
-97
-98
-104
-120
-141
-153
-151
-135
-131
-135
-138
-108
-52
-39
-61
-77
-40
21
38
23
5
-3
-3
10
11
-11
-33
-65
-94
-74
-13
49
64
44
-5
-59
-95
-92
-46
12
67
102
110
92
66
50
66
98
138
166
171
161
161
168
168
151
125
96
80
91
108
119
98
69
26
-20
-55
-81
-94
-92
-68
-49
-41
-57
-94
-130
-121
-52
15
32
25
37
87
116
105
82
75
84
104
131
125
115
102
77
50
30
17
-9
-33
-35
-22
-20
-35
-48
-67
-89
-95
-91
-74
-48
-15
5
8
-5
-11
-6
6
38
71
89
84
72
58
45
36
34
32
22
3
-13
-28
-36
-44
-66
-101
-141
-162
-161
-142
-127
-129
-138
-120
-78
-67
-91
-98
-51
20
61
60
46
33
36
58
78
83
82
68
48
37
40
31
-2
-36
-54
-56
-70
-79
-86
-97
-107
-107
-110
-123
-128
-114
-87
-64
-50
-45
-49
-48
-26
-6
6
6
9
10
15
14
12
2
-17
-27
-34
-44
-59
-71
-93
-117
-142
-159
-176
-187
-197
-199
-187
-120
-30
10
11
5
15
29
35
61
107
155
194
221
215
184
165
146
137
150
177
173
146
104
72
53
37
34
21
-3
-9
2
29
38
29
9
-10
-19
-21
4
31
55
81
95
75
44
23
22
43
79
97
83
44
18
3
-6
-9
-19
-30
-44
-58
-68
-69
-73
-80
-94
-90
-50
-10
-9
-18
-2
51
87
85
61
56
71
93
127
130
118
94
58
34
32
46
46
28
5
-13
-33
-49
-44
-44
-50
-60
-64
-59
-51
-39
-31
-18
-15
-16
-13
-19
-6
15
31
30
10
-11
-30
-30
-19
-7
-15
-44
-72
-88
-89
-83
-89
-105
-119
-130
-134
-127
-116
-112
-112
-105
-56
-2
-6
-38
-41
9
66
85
68
45
33
34
53
59
51
35
1
-33
-47
-43
-50
-75
-97
-104
-108
-115
-113
-105
-111
-112
-105
-94
-84
-67
-48
-34
-21
-11
-1
-3
0
10
20
15
-5
-25
-40
-44
-37
-35
-45
-60
-58
-47
-34
-48
-72
-102
-106
-88
-59
-27
-6
-5
-15
-12
40
106
135
130
125
168
207
212
201
200
196
189
181
178
158
149
123
82
46
26
4
-25
-50
-62
-70
-84
-88
-93
-105
-113
-103
-71
-36
-23
-18
-14
5
23
47
64
69
75
85
88
85
74
53
36
29
26
16
-12
-42
-61
-68
-72
-85
-99
-115
-127
-134
-127
-121
-114
-111
-109
-90
-23
51
86
98
136
184
207
194
185
196
206
220
236
228
201
152
98
54
42
52
42
4
-50
-89
-119
-129
-123
-119
-132
-149
-140
-109
-89
-79
-76
-68
-58
-41
-16
2
16
35
47
46
29
12
6
15
31
32
8
-36
-76
-92
-92
-99
-111
-130
-151
-175
-193
-198
-194
-185
-177
-175
-142
-72
-42
-57
-68
-32
38
82
91
85
86
79
77
78
77
69
45
13
-8
-7
-15
-42
-79
-99
-108
-118
-124
-116
-116
-122
-134
-133
-118
-91
-71
-54
-30
-11
3
11
29
56
72
75
76
78
79
78
82
90
97
89
72
53
45
50
59
59
54
44
22
7
11
27
37
30
13
22
87
141
126
74
56
107
151
153
132
108
80
57
59
60
52
19
-27
-55
-64
-56
-67
-92
-107
-98
-98
-111
-102
-79
-63
-53
-37
-14
-1
7
24
52
74
81
83
79
80
82
82
71
56
36
12
-13
-25
-30
-40
-62
-79
-61
-30
-14
-28
-73
-93
-95
-54
-13
11
19
-6
-25
-24
51
140
165
134
105
123
160
161
154
145
143
95
67
42
33
23
-10
-57
-101
-120
-132
-142
-149
-150
-155
-171
-181
-165
-145
-117
-86
-49
-36
-42
-50
-22
27
61
71
60
43
34
28
26
18
11
-11
-43
-70
-90
-96
-106
-111
-125
-137
-152
-155
-148
-131
-128
-142
-157
-160
-148
-128
-111
-104
-84
-19
50
44
-5
-23
39
110
132
111
72
23
-9
-3
10
-4
-45
-93
-116
-102
-63
-48
-87
-134
-142
-116
-89
-50
-1
19
17
22
55
91
115
136
175
206
211
196
176
176
186
190
181
153
132
107
85
66
54
37
6
-14
-26
-33
-50
-68
-77
-79
-84
-90
-91
-88
-89
-83
-81
-74
-41
42
110
99
50
37
91
144
157
146
125
86
50
43
44
33
7
-31
-64
-80
-81
-89
-100
-101
-82
-78
-95
-93
-66
-41
-23
-4
15
28
37
50
71
94
105
111
103
101
99
93
83
75
74
62
38
10
-3
-7
-10
-12
-20
-32
-45
-59
-65
-59
-45
-45
-55
-70
-80
-77
-70
-60
-35
28
100
105
53
12
41
102
137
139
114
67
8
-14
-10
-6
-16
-45
-82
-109
-115
-115
-126
-130
-111
-83
-80
-92
-87
-75
-57
-31
3
24
21
9
7
19
38
53
53
39
29
7
-18
-30
-23
-9
-19
-50
-81
-98
-105
-107
-95
-84
-84
-98
-117
-120
-104
-91
-90
-97
-103
-96
-89
-85
-70
-20
58
96
74
32
33
71
105
117
103
70
21
-12
-25
-27
-32
-42
-56
-71
-74
-79
-89
-88
-61
-16
9
7
3
9
26
52
88
114
121
121
112
105
109
125
135
130
116
107
84
50
33
37
42
29
8
-15
-31
-40
-42
-38
-37
-36
-35
-37
-43
-44
-42
-46
-45
-38
-31
-31
-33
-8
70
147
153
104
66
80
117
137
134
120
86
38
6
-13
-27
-35
-42
-52
-58
-58
-75
-94
-96
-61
-21
-11
-17
-15
-9
-6
7
24
39
51
55
50
43
36
35
34
29
34
38
14
-29
-50
-52
-54
-63
-75
-84
-89
-106
-120
-123
-119
-111
-98
-96
-103
-108
-118
-127
-126
-118
-110
-106
-101
-52
36
81
47
-2
-7
30
57
63
62
45
1
-48
-62
-69
-75
-77
-83
-77
-72
-67
-89
-105
-90
-42
-10
-11
-14
-8
-6
-10
4
26
45
43
45
44
35
7
-1
-4
12
22
21
1
-7
4
9
-18
-48
-41
-10
15
11
-6
-18
-28
-20
7
41
58
50
24
1
-12
-6
13
37
69
124
180
168
114
83
106
138
150
134
123
96
55
20
-13
-34
-48
-41
-25
-16
-15
-36
-68
-77
-46
5
31
30
33
32
17
7
21
52
62
59
56
52
41
21
13
18
27
33
20
-7
-30
-43
-52
-67
-70
-59
-52
-60
-78
-87
-87
-82
-69
-47
-31
-32
-39
-43
-46
-45
-46
-29
-9
52
134
184
156
95
77
106
137
142
131
124
101
67
33
5
-17
-31
-24
-18
-2
-8
-26
-55
-65
-47
-24
-14
-7
13
27
10
-9
-6
18
28
25
27
40
36
15
1
1
6
-4
-18
-35
-42
-54
-79
-105
-119
-115
-105
-110
-122
-128
-127
-132
-135
-123
-105
-103
-113
-125
-130
-128
-124
-115
-86
-17
63
95
61
18
21
48
54
43
44
57
44
16
-17
-43
-78
-88
-76
-50
-33
-39
-53
-71
-73
-69
-62
-57
-33
3
20
10
-10
-12
1
10
22
35
52
45
31
30
33
28
10
1
0
5
2
-14
-30
-36
-39
-40
-41
-37
-26
-13
-24
-28
-32
-25
-27
-29
-32
-30
-31
-29
-20
25
91
136
131
101
93
109
115
101
88
102
112
93
66
39
14
-9
-14
-6
15
17
3
-8
-7
-3
-9
-14
-11
10
34
41
37
33
41
41
43
43
49
59
62
60
52
41
22
7
3
1
-5
-17
-31
-39
-41
-45
-56
-64
-67
-62
-56
-57
-59
-61
-63
-70
-79
-81
-81
-77
-73
-60
-24
23
53
44
26
27
37
38
19
15
30
43
31
1
-23
-43
-54
-66
-67
-62
-63
-67
-75
-72
-72
-81
-88
-83
-62
-46
-40
-37
-31
-19
-16
-14
-15
-12
-6
4
19
22
9
-18
-23
-16
-7
-15
-30
-39
-43
-43
-47
-47
-44
-52
-62
-70
-64
-51
-45
-46
-54
-57
-51
-37
-14
7
19
24
31
51
68
83
93
94
86
76
80
101
119
121
107
84
74
69
65
67
63
58
46
33
32
28
32
31
26
26
22
26
23
25
23
21
19
18
16
19
17
14
14
15
18
20
19
16
10
6
6
6
10
6
1
-9
-19
-24
-26
-27
-30
-37
-44
-52
-56
-56
-55
-52
-51
-49
-46
-37
-28
-18
-12
-6
-1
8
17
27
33
32
31
32
34
38
35
31
21
16
13
12
16
13
10
1
-4
-5
-4
0
-1
0
-2
-6
-7
-9
-4
-3
-2
-5
-4
1
6
9
8
9
11
12
13
13
14
13
12
8
3
-1
-7
-12
-18
-22
-27
-33
-39
-44
-47
-48
-51
-52
-51
-47
-41
-34
-30
-26
-21
-13
-7
-3
-2
-1
2
-2
-2
-8
-13
-20
-20
-19
-21
-21
-26
-29
-32
-30
-30
-33
-31
-31
-32
-37
-41
-41
-36
-33
-32
-35
-35
-36
-34
-27
-17
-13
-14
-18
-15
-11
-7
-5
-3
2
2
-1
-6
-12
-11
-12
-15
-20
-23
-27
-32
-32
-32
-29
-28
-28
-26
-18
-12
-5
-3
5
8
15
21
25
27
26
29
26
27
22
17
12
10
9
9
3
-4
-10
-8
-7
-4
-8
-11
-12
-13
-11
-10
-7
-9
-9
-8
-7
-4
-1
4
8
13
20
23
26
26
29
33
37
38
38
38
34
30
26
23
23
20
16
9
5
0
-3
-3
-4
-4
-5
-5
-1
5
11
14
16
18
21
29
34
34
31
28
25
22
20
12
7
-1
-8
-12
-14
-15
-20
-23
-28
-32
-33
-35
-34
-36
-37
-41
-42
-42
-44
-41
-42
-41
-41
-39
-37
-35
-30
-28
-26
-25
-22
-20
-17
-13
-13
-17
-19
-19
-17
-19
-22
-28
-29
-30
-33
-34
-36
-36
-37
-37
-36
-33
-27
-18
-13
-6
-6
-2
3
10
18
23
23
21
19
21
18
16
8
4
-2
-3
-6
-11
-12
-13
-8
-8
-7
-10
-10
-5
-1
6
6
7
4
3
9
14
21
21
21
24
29
32
36
43
44
45
44
44
43
43
44
43
43
38
31
28
24
21
18
16
11
4
1
-2
0
-1
1
4
8
13
16
17
21
23
27
31
33
35
33
30
23
19
14
9
5
-1
-4
-11
-17
-21
-22
-22
-23
-22
-27
-29
-31
-29
-24
-22
-21
-22
-22
-21
-22
-18
-12
-5
-4
-3
2
4
7
9
14
17
19
16
13
13
13
11
8
3
-1
-6
-12
-17
-19
-22
-25
-29
-32
-33
-34
-36
-35
-29
-27
-25
-24
-22
-21
-20
-15
-14
-12
-15
-15
-17
-22
-28
-36
-38
-41
-44
-48
-52
-56
-65
-62
-59
-57
-61
-65
-65
-67
-63
-61
-56
-57
-60
-61
-57
-50
-46
-40
-37
-36
-35
-31
-23
-17
-10
-9
-15
-17
-17
-11
-7
-6
-12
-19
-28
-32
-29
-21
-16
-12
-14
-18
-26
-21
-10
1
10
15
16
18
23
30
42
55
62
59
60
61
62
65
69
67
62
54
47
40
41
46
46
41
38
34
33
30
27
27
27
26
22
21
19
17
17
20
21
22
19
17
17
19
19
21
19
19
17
17
13
8
3
1
-2
-4
-9
-14
-20
-31
-36
-36
-31
-34
-36
-39
-42
-47
-46
-42
-33
-25
-20
-17
-16
-15
-10
-1
11
17
19
17
17
18
19
21
16
15
7
4
1
1
1
0
-1
-2
-3
-7
-9
-6
-3
1
0
-2
-4
-6
-4
-2
4
4
2
-1
2
5
7
10
14
15
12
10
11
10
10
7
7
4
-3
-10
-13
-14
-15
-19
-26
-29
-29
-30
-31
-32
-33
-32
-32
-23
-13
-7
-2
-1
1
5
15
23
29
29
30
29
24
24
21
21
19
13
7
2
4
1
2
2
-2
-6
-11
-10
-11
-11
-11
-14
-15
-19
-20
-19
-18
-18
-18
-15
-16
-16
-16
-13
-12
-9
-6
-9
-10
-14
-17
-17
-17
-20
-24
-28
-35
-41
-43
-45
-47
-49
-52
-55
-58
-59
-58
-54
-52
-47
-39
-30
-26
-24
-19
-14
-8
1
10
15
16
18
17
18
16
13
13
11
9
4
3
0
-2
2
3
3
0
-1
-3
-1
1
2
3
3
2
1
3
6
8
10
9
10
12
14
19
22
24
21
21
21
22
20
14
9
6
3
1
-3
-8
-14
-21
-25
-26
-25
-27
-30
-33
-32
-34
-33
-29
-18
-10
-4
-7
-7
-2
5
12
17
20
20
20
19
17
17
12
9
5
1
-1
-5
-6
-11
-11
-11
-12
-15
-17
-18
-21
-22
-23
-22
-20
-20
-21
-22
-20
-18
-16
-12
-12
-12
-12
-9
-5
-1
1
-1
-4
-7
-8
-7
-7
-9
-14
-17
-22
-24
-26
-26
-28
-31
-35
-37
-35
-34
-31
-31
-29
-19
-6
4
8
8
8
9
12
20
30
39
40
40
39
38
37
34
32
25
16
10
8
12
14
16
12
9
8
8
7
3
1
1
6
10
12
18
22
21
21
21
22
19
19
20
23
24
21
21
24
23
15
6
-1
-1
-1
-4
-9
-14
-16
-17
-19
-20
-25
-30
-36
-38
-37
-30
-20
2
34
57
47
31
24
38
44
28
15
14
24
29
30
28
34
35
29
10
-14
-34
-44
-39
-33
-32
-38
-38
-31
-27
-32
-44
-47
-39
-35
-30
-22
-3
16
23
24
20
15
3
-11
-18
-18
-15
-16
-18
-24
-31
-40
-47
-54
-62
-68
-69
-66
-63
-63
-61
-58
-58
-62
-66
-68
-69
-68
-65
-58
-48
-28
8
57
98
109
100
89
81
61
30
4
-8
-3
0
2
-4
-6
-5
-8
-17
-36
-47
-45
-32
-19
-11
-1
8
17
18
18
19
19
22
26
34
48
64
79
82
75
61
43
23
4
-12
-22
-23
-23
-22
-20
-12
-6
-6
-12
-19
-19
-14
-7
-6
-5
-8
-10
-13
-15
-20
-26
-34
-40
-43
-42
-33
-17
14
58
96
108
102
96
86
61
24
-6
-23
-27
-24
-21
-19
-16
-6
-2
-12
-30
-44
-47
-54
-57
-53
-44
-37
-33
-26
-23
-23
-22
-19
-17
-14
-4
8
19
24
24
21
6
-18
-38
-52
-62
-72
-75
-73
-66
-54
-42
-36
-35
-35
-36
-41
-47
-51
-51
-49
-46
-46
-46
-46
-44
-46
-48
-49
-46
-41
-25
11
59
95
109
113
109
94
68
35
4
-21
-27
-26
-24
-20
-3
17
26
22
11
3
-9
-22
-28
-29
-24
-13
3
17
24
35
42
43
41
42
46
46
47
50
53
49
40
27
13
-1
-14
-26
-37
-40
-32
-21
-12
-5
5
10
12
8
-1
-9
-18
-24
-30
-32
-30
-26
-24
-25
-23
-18
-17
-9
17
53
81
97
108
111
104
86
58
26
-2
-17
-30
-42
-49
-38
-20
-6
3
7
5
-6
-19
-29
-41
-46
-45
-40
-33
-24
-6
9
20
25
30
31
27
22
17
12
7
1
-9
-19
-25
-34
-46
-59
-63
-63
-61
-57
-51
-45
-36
-26
-22
-23
-28
-35
-41
-52
-60
-65
-63
-63
-62
-57
-51
-44
-25
4
43
71
89
94
96
92
78
55
24
-1
-21
-35
-45
-49
-37
-21
-6
6
9
13
9
7
-2
-10
-19
-25
-24
-20
-7
11
28
41
50
57
61
62
62
55
49
38
30
17
8
2
-3
-10
-18
-23
-27
-28
-27
-24
-19
-11
-4
1
1
-1
-5
-10
-16
-25
-34
-39
-44
-47
-48
-44
-36
-25
-1
32
65
85
97
105
103
93
71
43
10
-15
-33
-50
-60
-59
-45
-32
-19
-7
2
6
4
-1
-12
-25
-36
-42
-44
-40
-29
-14
-1
12
25
36
41
42
37
29
17
6
-9
-23
-33
-40
-46
-50
-54
-56
-57
-56
-55
-53
-48
-41
-36
-35
-36
-36
-35
-37
-40
-45
-52
-61
-68
-70
-69
-64
-55
-39
-11
24
53
75
92
99
96
80
56
25
-4
-27
-48
-67
-75
-68
-53
-35
-14
3
13
19
22
19
9
-4
-17
-27
-34
-30
-19
-4
11
27
45
59
69
76
72
64
48
29
10
-5
-15
-26
-32
-35
-34
-32
-28
-22
-17
-12
-8
-6
-6
-8
-9
-10
-13
-16
-20
-25
-31
-37
-39
-41
-40
-34
-15
12
42
66
86
102
113
114
102
80
49
22
-5
-32
-56
-71
-70
-62
-46
-28
-10
7
19
31
31
24
14
0
-13
-25
-29
-28
-23
-13
2
20
37
53
62
65
61
50
36
15
-6
-23
-39
-51
-60
-62
-61
-55
-48
-42
-34
-25
-18
-16
-17
-19
-24
-29
-33
-38
-44
-51
-56
-60
-60
-57
-50
-33
-8
20
43
63
80
92
97
89
71
46
22
-3
-30
-57
-74
-80
-75
-62
-46
-29
-13
4
18
28
29
24
14
2
-11
-20
-22
-22
-15
-5
9
24
40
54
66
70
68
56
40
23
5
-13
-29
-41
-50
-54
-51
-45
-36
-27
-16
-7
-2
3
4
1
-5
-11
-18
-26
-35
-43
-48
-50
-50
-44
-28
-1
28
52
73
90
102
107
101
83
58
33
4
-26
-55
-74
-81
-77
-68
-55
-42
-23
-2
18
29
28
23
13
3
-8
-17
-24
-29
-27
-19
-6
10
28
42
52
55
52
44
30
15
-2
-20
-37
-53
-64
-68
-67
-60
-53
-43
-34
-27
-20
-16
-13
-16
-20
-24
-32
-40
-49
-58
-62
-64
-62
-51
-31
-4
23
45
67
84
97
97
86
64
39
14
-16
-48
-77
-91
-94
-91
-80
-66
-46
-25
-3
16
21
23
18
10
-1
-12
-23
-31
-33
-29
-18
-5
11
28
41
51
56
54
46
31
17
-1
-21
-39
-52
-59
-61
-57
-53
-47
-36
-24
-13
-7
-3
-2
-4
-8
-13
-21
-30
-40
-47
-52
-53
-48
-31
-4
25
50
75
95
109
114
109
92
68
44
14
-21
-54
-74
-83
-84
-75
-63
-46
-24
1
23
33
36
35
30
20
8
-6
-17
-23
-22
-14
-1
13
30
46
58
66
68
62
51
35
18
-4
-24
-40
-53
-58
-57
-53
-47
-34
-21
-10
-1
4
7
7
4
-2
-11
-22
-34
-42
-47
-50
-48
-35
-10
20
48
72
93
109
119
117
103
78
52
22
-13
-48
-73
-84
-86
-81
-69
-54
-33
-8
19
35
39
38
32
23
8
-5
-17
-25
-27
-23
-15
0
18
38
53
67
72
70
58
40
21
3
-19
-40
-58
-67
-68
-63
-56
-45
-31
-16
-3
6
9
6
3
-3
-12
-23
-37
-49
-56
-61
-59
-51
-29
5
36
64
89
108
121
122
111
88
60
32
-3
-41
-73
-90
-95
-91
-79
-64
-43
-17
11
30
37
38
34
26
12
-4
-18
-30
-35
-32
-22
-9
9
30
47
62
70
69
61
46
29
7
-18
-42
-62
-73
-78
-75
-70
-60
-47
-31
-16
-5
2
2
-1
-7
-15
-28
-41
-55
-64
-70
-72
-62
-37
-4
26
54
81
103
118
120
109
82
53
22
-14
-54
-88
-105
-110
-105
-92
-75
-51
-24
5
26
32
33
29
21
4
-13
-30
-41
-44
-39
-28
-13
6
27
47
63
71
69
58
41
21
-2
-25
-47
-66
-78
-79
-74
-65
-55
-41
-25
-12
-1
3
2
-4
-8
-18
-29
-42
-53
-60
-65
-67
-61
-39
-7
28
55
80
101
117
124
116
94
62
34
1
-36
-72
-95
-99
-96
-84
-68
-47
-22
6
30
38
36
31
23
10
-7
-22
-34
-39
-36
-24
-7
12
35
55
69
78
79
70
52
32
10
-15
-39
-60
-75
-79
-74
-64
-54
-39
-24
-9
3
9
10
6
-1
-11
-23
-38
-52
-61
-66
-66
-58
-33
3
39
68
97
119
136
139
126
98
62
31
-4
-43
-82
-101
-100
-92
-77
-60
-36
-9
19
42
46
41
31
21
5
-15
-29
-38
-38
-31
-15
5
26
49
66
80
85
81
65
42
20
-3
-27
-49
-65
-75
-75
-66
-54
-43
-29
-15
-3
4
4
2
-7
-17
-25
-36
-48
-58
-64
-65
-63
-53
-28
7
43
69
92
111
121
123
109
83
47
17
-14
-50
-83
-100
-95
-86
-71
-53
-34
-12
10
29
30
22
12
1
-11
-27
-35
-39
-36
-24
-6
16
35
56
69
75
76
67
50
27
4
-18
-35
-50
-62
-68
-67
-56
-43
-33
-25
-16
-9
-6
-5
-8
-14
-22
-30
-40
-50
-56
-58
-57
-56
-44
-16
20
54
77
98
115
127
123
104
72
37
9
-23
-60
-92
-104
-96
-84
-66
-50
-30
-7
15
28
25
13
0
-10
-22
-33
-38
-38
-31
-15
7
30
49
62
69
69
63
51
28
3
-19
-35
-47
-58
-63
-63
-57
-46
-36
-30
-26
-22
-20
-21
-24
-29
-33
-38
-41
-46
-51
-54
-56
-55
-53
-41
-12
25
53
72
95
112
121
114
92
58
24
-3
-34
-71
-99
-104
-92
-78
-60
-42
-22
-4
14
23
15
1
-12
-22
-34
-39
-37
-32
-21
-2
22
44
61
70
68
62
52
37
14
-10
-28
-39
-44
-50
-52
-52
-45
-34
-28
-28
-28
-27
-27
-29
-32
-34
-37
-37
-36
-40
-44
-47
-49
-51
-48
-26
10
46
69
90
112
128
130
114
81
41
8
-21
-55
-89
-106
-98
-80
-58
-36
-17
-1
13
25
21
6
-11
-24
-35
-39
-32
-20
-6
10
30
52
70
82
77
64
51
38
22
3
-15
-28
-32
-30
-31
-34
-38
-36
-34
-35
-37
-39
-38
-37
-31
-24
-21
-20
-20
-24
-32
-38
-46
-55
-59
-43
-3
43
77
101
126
146
152
137
101
51
6
-26
-59
-88
-107
-97
-74
-47
-18
3
16
19
21
14
-4
-22
-37
-43
-43
-27
-3
18
37
54
73
81
79
67
46
25
10
0
-8
-13
-11
-9
-5
-5
-10
-21
-34
-45
-54
-60
-60
-56
-47
-36
-20
-7
-1
-5
-15
-30
-47
-60
-70
-77
-62
-16
43
90
121
147
163
161
139
93
34
-22
-56
-79
-98
-102
-82
-49
-19
7
25
26
14
-1
-16
-38
-54
-54
-47
-33
-5
29
54
68
73
74
66
52
34
15
2
-3
3
10
16
22
20
10
-6
-23
-47
-66
-79
-83
-76
-59
-39
-23
-9
2
5
-3
-20
-43
-68
-85
-90
-87
-77
-48
12
80
125
144
153
148
127
90
40
-15
-55
-70
-72
-71
-62
-37
-13
-4
-2
-8
-23
-49
-64
-68
-69
-56
-33
-10
9
32
52
54
42
26
13
2
-4
-3
6
17
30
43
48
42
26
1
-32
-61
-82
-92
-94
-84
-66
-45
-24
-10
-7
-13
-23
-37
-54
-70
-82
-86
-83
-72
-58
-42
-13
42
95
116
115
114
111
95
69
36
1
-24
-27
-29
-38
-45
-40
-33
-40
-45
-44
-49
-58
-54
-38
-26
-13
4
13
14
19
27
23
10
4
10
20
30
40
48
51
47
43
33
13
-9
-29
-48
-62
-64
-61
-57
-51
-45
-36
-31
-32
-37
-41
-44
-45
-45
-48
-52
-54
-56
-54
-48
-40
-10
49
103
126
129
135
129
108
73
34
-4
-28
-31
-32
-38
-41
-27
-22
-36
-42
-43
-50
-60
-51
-31
-16
6
24
32
30
30
32
20
7
6
19
30
40
57
66
64
54
42
23
5
-13
-32
-44
-48
-43
-38
-38
-38
-36
-37
-42
-44
-44
-44
-38
-30
-27
-29
-36
-45
-52
-55
-53
-44
3
76
130
144
142
144
127
92
53
18
-13
-27
-15
-11
-15
-14
-10
-31
-60
-63
-60
-67
-66
-38
-7
14
32
41
30
12
7
5
-4
-2
21
47
56
67
76
67
43
19
4
-8
-11
-13
-17
-20
-22
-25
-39
-56
-68
-70
-71
-64
-49
-36
-25
-19
-21
-33
-49
-65
-77
-79
-71
-54
-19
53
126
156
141
123
109
77
44
21
10
3
10
19
7
-14
-35
-57
-93
-105
-85
-64
-51
-30
4
18
17
10
-2
-19
-24
-11
5
24
48
70
65
47
39
31
15
1
3
12
19
22
12
-9
