0
1
0
-1
-1
0
0
0
1
1
0
0
-1
1
-1
1
1
0
1
1
1
1
1
2
0
-1
0
-1
1
1
1
1
1
2
1
0
-1
1
1
1
0
-1
0
-1
-2
-1
-1
1
1
0
-1
-1
1
0
0
-1
-1
-1
-1
-1
-1
-1
-2
-1
-1
-1
-2
-3
-3
-3
-3
-3
-3
-3
-3
-4
-4
-4
-5
-5
-5
-4
-4
-5
-4
-5
-5
-5
-4
-4
-4
-5
-5
-5
-5
-5
-4
-4
-5
-5
-5
-5
-5
-6
-5
-4
-4
-5
-6
-6
-5
-5
-5
-5
-5
-6
-7
-6
-6
-7
-7
-7
-6
-6
-6
-7
-7
-6
-6
-6
-7
-6
-6
-6
-6
-7
-7
-7
-7
-6
-7
-8
-8
-8
-8
-8
-6
-6
-8
-7
-8
-8
-7
-7
-6
-7
-7
-8
-8
-8
-7
-7
-8
-8
-9
-8
-8
-7
-8
-8
-8
-8
-8
-9
-9
-9
-8
-9
-9
-9
-8
-9
-8
-8
-7
-8
-7
-8
-7
-7
-7
-8
-8
-7
-7
-7
-7
-7
-8
-8
-7
-7
-7
-7
-7
-7
-7
-7
-6
-6
-5
-6
-6
-6
-6
-6
-7
-6
-6
-5
-6
-6
-6
-6
-6
-7
-7
-6
-6
-6
-7
-6
-7
-6
-7
-6
-6
-5
-6
-7
-6
-6
-5
-5
-5
-6
-5
-6
-6
-6
-5
-5
-5
-5
-6
-5
-5
-5
-3
-4
-3
-4
-4
-3
-3
-3
-2
-2
-2
-1
-1
-3
-3
-2
-1
-2
-2
-2
-1
-1
-1
-2
-1
-1
-1
-1
1
1
1
1
1
-1
1
1
2
1
1
1
0
1
0
1
1
0
-1
-1
0
0
1
2
2
1
2
2
2
1
2
2
2
2
2
1
1
3
2
2
2
1
1
1
0
1
0
1
0
1
0
1
-1
-1
-1
1
0
0
-1
-1
-1
-1
-1
-1
-1
-1
-1
-2
-3
-1
-2
-2
-1
-1
-2
-2
-2
-3
-2
-2
-2
-1
-2
-2
-2
-2
-2
-3
-3
-2
-2
-2
-3
-3
-2
-2
-2
-2
-2
-2
-2
-3
-3
-3
-3
-3
-3
-3
-3
-4
-4
-2
-4
-4
-3
-4
-4
-4
-4
-4
-5
-5
-4
-4
-5
-5
-6
-5
-6
-5
-6
-5
-6
-7
-6
-7
-5
-6
-7
-6
-6
-6
-7
-7
-7
-7
-7
-7
-8
-8
-9
-9
-9
-8
-8
-9
-9
-10
-9
-9
-9
-9
-9
-9
-9
-9
-10
-10
-10
-10
-9
-9
-9
-9
-9
-9
-10
-9
-8
-9
-9
-9
-9
-9
-9
-9
-9
-9
-9
-8
-8
-8
-8
-8
-7
-7
-7
-7
-7
-7
-8
-7
-6
-6
-6
-7
-7
-6
-7
-6
-6
-6
-6
-6
-6
-6
-6
-6
-5
-6
-6
-5
-4
-4
-3
-4
-4
-5
-5
-5
-4
-4
-5
-5
-5
-5
-4
-5
-5
-5
-6
-5
-5
-4
-4
-5
-6
-5
-5
-5
-4
-4
-5
-5
-6
-5
-5
-4
-5
-5
-5
-5
-4
-5
-4
-4
-4
-4
-4
-4
-4
-4
-3
-3
-4
-3
-4
-3
-3
-2
-2
-3
-3
-3
-2
-2
-2
-2
-2
-1
-2
-2
-1
-2
-2
-2
-1
-1
-2
-2
-2
-2
-1
0
-1
-1
-1
-1
0
-1
-2
-1
-2
-1
-2
-1
-1
-2
-1
-2
-2
-1
-2
-1
-1
-1
-1
-1
-1
-1
-1
-1
-1
-1
-2
-1
-1
-1
-2
-2
-1
-1
-1
-2
-2
-2
-2
-2
-1
-1
-1
-1
-1
-1
-1
-1
-1
-1
-2
-2
-1
-2
-2
-2
-2
-2
-2
-2
-2
-2
-2
-2
-2
-2
-1
-2
-2
-2
-2
-3
-3
-3
-3
-2
-2
-2
-2
-3
-2
-1
-1
-2
-2
-2
-2
-2
-2
-1
0
-2
-2
-2
-2
-1
-2
-2
-2
-2
-1
-1
-1
-1
-2
-2
-2
-1
-1
-1
-2
-2
-2
-2
-1
-1
-2
-3
-3
-3
-4
-3
-4
-4
-4
-4
-4
-4
-4
-4
-5
-5
-5
-4
-5
-6
-5
-4
-4
-4
-4
-4
-5
-5
-6
-5
-5
-6
-6
-6
-6
-6
-6
-6
-6
-5
-5
-6
-6
-7
-6
-6
-6
-7
-6
-6
-6
-5
-6
-6
-5
-5
-5
-5
-5
-5
-5
-4
-4
-5
-3
-4
-4
-5
-5
-4
-4
-4
-4
-4
-5
-6
-6
-5
-4
-5
-5
-4
-5
-4
-5
-4
-4
-5
-4
-5
-5
-4
-5
-5
-5
-5
-4
-5
-5
-5
-5
-5
-5
-6
-6
-6
-6
-6
-7
-7
-7
-7
-7
-7
-7
-9
-9
-9
-8
-8
-8
-8
-9
-9
-9
-9
-9
-10
-10
-10
-10
-10
-10
-11
-10
-10
-10
-10
-11
-10
-11
-10
-11
-10
-10
-11
-10
-10
-9
-9
-9
-9
-9
-9
-8
-8
-7
-8
-7
-6
-5
-6
-5
-4
-4
-3
-3
-3
-3
-2
-2
-2
-2
-1
-1
0
1
1
2
2
3
3
4
4
5
5
6
6
6
6
7
8
8
8
8
8
8
8
8
8
8
8
8
8
8
7
7
7
6
6
5
5
5
4
4
3
3
2
1
2
0
-1
-2
-3
-3
-4
-4
-5
-6
-6
-7
-9
-9
-10
-11
-11
-12
-14
-14
-15
-15
-16
-17
-17
-18
-18
-18
-18
-19
-19
-20
-19
-20
-20
-20
-20
-20
-20
-20
-20
-19
-19
-18
-18
-18
-17
-17
-16
-16
-15
-15
-14
-14
-14
-13
-12
-12
-11
-11
-10
-9
-8
-6
-6
-5
-3
-1
0
2
4
6
9
10
12
15
18
20
22
25
27
28
30
32
35
37
39
40
42
43
44
45
46
46
47
48
48
47
47
46
45
44
42
41
39
37
35
33
32
29
27
25
23
21
18
15
12
9
6
3
-2
-5
-10
-14
-19
-23
-27
-32
-36
-40
-45
-49
-52
-55
-59
-61
-64
-66
-67
-69
-70
-72
-72
-73
-73
-73
-73
-73
-73
-73
-73
-73
-72
-71
-70
-69
-68
-67
-66
-64
-63
-62
-60
-59
-59
-57
-56
-55
-54
-53
-52
-50
-49
-47
-46
-44
-42
-39
-36
-33
-30
-26
-21
-16
-11
-5
3
10
16
24
30
38
45
52
58
64
70
75
80
84
87
90
91
93
93
94
94
93
92
91
90
88
86
83
81
78
75
71
67
64
60
57
54
51
48
46
43
41
40
39
37
35
35
33
33
31
31
30
28
27
26
24
22
18
15
10
6
2
-4
-8
-11
-14
-17
-19
-21
-24
-26
-29
-31
-35
-38
-41
-45
-48
-52
-56
-60
-64
-68
-71
-74
-77
-80
-82
-84
-86
-87
-89
-91
-92
-94
-95
-96
-97
-98
-99
-101
-101
-103
-105
-106
-108
-110
-111
-113
-114
-115
-116
-115
-115
-114
-112
-110
-107
-103
-99
-95
-89
-82
-73
-63
-53
-42
-31
-16
-1
16
32
46
62
77
91
104
114
125
133
138
142
146
149
149
150
150
148
146
145
143
142
140
136
132
128
125
123
117
110
105
99
94
86
79
72
64
56
49
41
33
26
22
17
12
10
8
7
7
8
8
9
11
14
17
17
18
19
20
20
19
16
13
9
6
2
-3
-7
-11
-13
-15
-16
-17
-18
-19
-21
-24
-26
-29
-32
-35
-40
-45
-49
-54
-58
-62
-67
-72
-77
-81
-86
-91
-96
-102
-107
-111
-116
-120
-126
-129
-133
-137
-140
-144
-147
-150
-153
-155
-157
-158
-159
-159
-158
-157
-155
-152
-147
-141
-135
-128
-121
-112
-100
-85
-72
-60
-45
-28
-7
15
36
56
75
96
116
132
146
158
169
176
181
183
185
185
184
182
176
170
166
161
157
152
147
141
133
128
124
119
109
100
94
86
77
67
59
49
40
31
22
13
6
1
-3
-8
-12
-12
-10
-8
-5
-1
3
8
13
20
26
28
31
34
36
36
35
33
29
24
18
12
3
-4
-7
-10
-13
-14
-13
-11
-9
-9
-10
-13
-17
-22
-28
-35
-45
-53
-59
-65
-71
-78
-85
-92
-98
-105
-113
-121
-131
-139
-147
-154
-162
-167
-172
-177
-180
-185
-189
-193
-196
-199
-203
-207
-209
-210
-208
-206
-201
-196
-188
-177
-166
-153
-140
-126
-109
-90
-69
-49
-29
-10
14
41
67
92
115
136
159
179
195
209
221
233
239
241
242
241
239
235
229
221
210
204
196
185
177
168
155
142
129
120
110
94
79
67
56
42
29
18
4
-9
-20
-32
-41
-46
-49
-50
-52
-50
-42
-33
-23
-11
2
13
26
38
52
63
71
78
86
90
94
96
98
94
90
86
75
65
50
37
23
9
-2
-6
-7
-5
-2
1
3
3
0
-7
-19
-34
-49
-65
-80
-95
-106
-115
-124
-132
-140
-148
-156
-166
-176
-187
-199
-209
-216
-221
-226
-228
-229
-229
-229
-229
-229
-232
-237
-241
-244
-247
-249
-246
-241
-232
-220
-205
-185
-163
-139
-113
-87
-59
-25
10
41
68
95
126
156
186
211
227
245
262
275
283
286
291
292
287
284
277
273
268
260
251
237
221
209
195
180
163
144
122
99
81
67
46
23
2
-17
-32
-51
-68
-82
-97
-107
-115
-123
-125
-118
-106
-94
-82
-65
-41
-14
14
39
61
81
102
124
141
152
160
166
169
171
170
166
161
154
147
135
121
109
94
78
56
32
10
-12
-28
-43
-57
-72
-82
-86
-90
-93
-97
-105
-117
-129
-140
-154
-168
-180
-188
-198
-207
-215
-220
-225
-230
-236
-246
-256
-260
-262
-266
-272
-276
-274
-272
-268
-267
-265
-265
-264
-260
-258
-256
-253
-247
-237
-223
-205
-182
-154
-122
-87
-53
-17
25
73
118
157
186
215
253
287
314
330
334
344
353
356
350
342
336
325
311
295
274
260
246
226
205
178
154
134
111
95
68
37
9
-19
-37
-55
-82
-108
-131
-144
-151
-163
-168
-171
-167
-152
-141
-121
-91
-55
-13
22
61
103
147
195
231
255
274
287
298
303
298
283
261
239
217
193
167
138
111
87
60
36
16
-2
-16
-31
-50
-69
-87
-96
-103
-118
-134
-149
-159
-163
-166
-172
-179
-183
-182
-180
-181
-181
-182
-181
-181
-185
-190
-196
-202
-206
-216
-232
-249
-262
-271
-281
-293
-308
-323
-332
-341
-345
-351
-359
-359
-357
-351
-341
-326
-304
-276
-240
-198
-155
-105
-48
8
62
121
184
247
308
356
394
433
471
504
524
526
520
512
497
472
440
405
366
320
275
224
179
137
95
59
12
-27
-63
-98
-116
-137
-161
-181
-203
-209
-207
-203
-198
-196
-179
-153
-127
-92
-56
-16
38
92
147
200
253
310
358
401
429
439
449
445
423
389
340
282
223
162
99
32
-27
-75
-115
-141
-160
-171
-169
-160
-145
-126
-106
-86
-66
-46
-31
-26
-19
-13
-10
-10
-13
-23
-32
-37
-44
-57
-73
-91
-109
-128
-149
-175
-199
-225
-254
-284
-315
-346
-373
-396
-419
-443
-463
-476
-479
-470
-462
-458
-446
-428
-404
-369
-338
-310
-282
-250
-214
-172
-129
-81
-29
26
85
143
198
247
303
374
441
492
517
527
549
570
580
561
508
452
396
337
268
187
108
41
-29
-92
-148
-187
-203
-211
-205
-202
-201
-179
-145
-99
-54
-31
-10
13
46
83
106
123
133
148
173
192
207
233
265
297
319
325
334
340
351
345
307
257
196
143
98
38
-29
-92
-141
-172
-191
-194
-189
-168
-131
-90
-52
-11
34
83
123
143
147
147
149
150
137
112
74
36
11
-15
-46
-80
-114
-144
-171
-195
-217
-236
-249
-263
-282
-304
-325
-336
-339
-346
-362
-389
-411
-421
-424
-426
-431
-440
-444
-437
-419
-399
-372
-343
-315
-285
-256
-225
-193
-168
-152
-144
-138
-114
-76
-25
28
79
131
193
275
363
443
505
539
547
550
549
536
506
449
378
294
212
140
78
31
-18
-69
-112
-141
-143
-123
-90
-60
-41
-23
4
38
78
113
132
139
137
135
139
150
165
172
173
168
167
180
199
216
228
232
220
204
190
176
158
130
90
41
-3
-31
-51
-59
-64
-67
-64
-51
-23
18
63
100
128
153
169
186
199
204
193
167
137
101
61
35
6
-31
-69
-106
-137
-148
-149
-159
-172
-172
-174
-185
-181
-173
-182
-202
-217
-241
-267
-288
-302
-324
-353
-375
-392
-402
-418
-419
-416
-419
-422
-415
-400
-379
-360
-337
-317
-296
-274
-249
-218
-199
-189
-176
-148
-106
-39
31
105
173
279
394
469
501
511
535
555
519
457
366
277
218
159
84
-10
-48
-54
-64
-76
-73
-51
-17
20
58
90
97
119
145
168
175
166
163
154
158
172
160
137
133
144
159
137
105
98
88
74
45
15
0
10
25
35
35
45
62
108
153
153
147
155
165
166
158
140
113
100
102
92
79
81
94
112
120
115
101
91
102
97
58
20
-14
-40
-45
-62
-92
-95
-88
-89
-88
-88
-82
-84
-93
-125
-152
-185
-216
-256
-281
-300
-343
-375
-377
-372
-385
-407
-432
-436
-440
-469
-487
-493
-489
-485
-461
-424
-404
-379
-319
-265
-253
-255
-215
-187
-188
-204
-215
-219
-162
-43
72
153
235
383
523
598
641
675
623
522
419
313
182
30
-79
-159
-206
-230
-206
-149
-49
58
118
196
278
322
379
387
349
327
311
264
214
216
208
178
149
162
162
140
131
94
67
8
-42
-91
-111
-120
-103
-81
-34
30
136
224
292
366
425
442
391
338
270
178
62
-59
-113
-190
-235
-206
-168
-119
-24
92
161
211
284
298
274
219
168
84
-3
-76
-129
-140
-141
-147
-123
-36
0
12
41
62
32
-18
-62
-139
-238
-297
-349
-414
-425
-435
-427
-440
-416
-425
-453
-480
-486
-502
-523
-558
-588
-532
-505
-475
-391
-297
-277
-251
-199
-142
-205
-238
-251
-284
-309
-217
-63
80
182
287
443
607
665
649
594
486
378
202
53
-82
-140
-196
-208
-181
-68
18
130
319
405
392
430
445
423
401
348
268
213
252
255
278
289
325
317
314
294
209
122
32
-48
-151
-281
-338
-300
-226
-147
-46
117
291
421
559
628
624
588
468
272
105
-41
-198
-379
-428
-410
-402
-330
-158
51
141
257
376
420
376
332
277
127
22
-113
-159
-164
-183
-206
-114
-12
44
47
100
133
64
6
-33
-120
-210
-236
-250
-265
-269
-268
-214
-170
-247
-284
-310
-380
-483
-604
-649
-715
-762
-777
-734
-641
-571
-469
-378
-277
-284
-251
-240
-252
-353
-448
-518
-499
-347
-179
52
206
342
498
647
748
710
620
452
207
30
-123
-239
-282
-257
-207
-110
55
201
371
578
649
578
532
489
434
359
286
283
243
257
307
397
497
494
435
386
288
119
-32
-128
-293
-427
-442
-406
-290
-114
136
297
482
635
702
721
690
548
330
92
-138
-313
-411
-485
-478
-419
-281
-136
-4
158
275
301
258
225
165
67
-38
-85
-143
-158
-119
-101
-10
87
97
74
110
73
-21
-75
-94
-150
-240
-174
-163
-108
-81
-2
41
21
-52
-110
-129
-310
-491
-592
-641
-719
-752
-758
-676
-633
-583
-490
-385
-377
-354
-335
-371
-444
-470
-517
-544
-630
-617
-487
-236
32
243
361
486
619
630
675
513
328
130
-45
-212
-271
-235
-197
-68
56
194
310
451
569
650
556
491
407
320
305
346
374
399
472
569
654
691
626
567
400
173
-32
-188
-326
-432
-460
-366
-253
-134
121
447
608
630
686
715
579
394
255
70
-186
-334
-340
-358
-361
-224
-100
-10
4
111
149
118
40
18
-73
-144
-126
-107
-97
-6
27
23
64
109
104
-12
-85
-101
-166
-258
-237
-138
-139
-127
29
106
80
61
125
91
-94
-163
-194
-268
-439
-503
-428
-507
-569
-533
-536
-529
-543
-561
-471
-485
-572
-520
-445
-464
-496
-483
-446
-524
-557
-466
-244
-13
123
252
286
404
597
650
439
274
84
-87
-213
-260
-270
-202
-122
-27
92
244
427
600
513
487
430
482
434
457
462
558
650
643
703
751
766
600
449
180
-23
-187
-250
-409
-405
-305
-109
112
310
522
684
748
680
589
469
292
72
-77
-220
-264
-269
-211
-127
-11
-5
-11
59
3
-71
-123
-173
-212
-200
-178
-99
-83
78
80
-14
27
-3
-73
-191
-211
-285
-283
-327
-297
-230
-114
-84
-95
-70
52
56
-100
-124
-98
-117
-221
-246
-232
-216
-368
-359
-372
-431
-488
-500
-525
-540
-619
-498
-474
-537
-460
-311
-453
-598
-492
-429
-461
-343
-57
218
198
224
447
577
474
331
214
25
-176
-270
-264
-248
-169
-93
60
80
250
344
483
337
273
299
311
277
367
478
601
702
791
829
826
753
652
448
172
-47
-134
-197
-283
-227
-63
156
303
456
574
677
704
504
389
310
246
43
-70
-125
-60
-13
-9
25
40
-4
15
-73
-149
-82
-67
-185
-159
-49
-28
-85
8
-39
-114
-173
-157
-215
-276
-259
-204
-285
-278
-188
-224
-267
-235
-188
-208
-257
-214
-145
-124
-111
-169
-158
-190
-225
-304
-382
-342
-401
-490
-427
-392
-383
-439
-404
-406
-401
-385
-433
-515
-491
-435
-412
-526
-463
-188
127
222
328
441
508
462
534
343
94
-62
-76
-210
-317
-208
-8
90
53
137
308
317
228
202
210
233
218
212
383
470
610
728
713
639
715
657
432
226
207
73
-45
-111
-18
104
134
318
408
467
460
505
514
367
261
272
202
144
105
119
146
100
-36
18
0
-81
-117
-31
-6
-63
-39
49
20
-57
-44
-50
-152
-198
-158
-195
-280
-242
-186
-175
-243
-246
-316
-290
-336
-381
-368
-263
-305
-318
-242
-127
-135
-238
-270
-298
-286
-414
-463
-411
-407
-488
-426
-431
-401
-397
-392
-432
-413
-446
-406
-482
-529
-615
-616
-579
-282
-12
248
394
527
643
758
641
436
169
-13
-167
-291
-311
-127
57
161
195
266
323
383
248
139
148
163
189
171
311
576
714
653
606
649
655
490
227
133
113
58
-88
-86
44
209
302
319
389
435
388
442
319
214
284
299
243
172
149
185
111
-33
-90
-33
-30
-54
-73
29
104
84
52
44
21
-47
-115
-176
-118
-178
-215
-156
-121
-163
-228
-231
-275
-332
-324
-351
-375
-355
-317
-249
-228
-196
-233
-157
-242
-335
-331
-329
-455
-476
-421
-374
-459
-489
-494
-482
-585
-581
-481
-440
-466
-500
-465
-520
-522
-512
-503
-309
28
306
544
685
671
530
395
130
53
-112
-305
-317
-161
76
187
351
505
454
327
167
200
163
186
210
337
489
557
666
720
750
676
542
370
197
176
139
104
-6
81
172
214
263
306
376
350
308
317
310
323
293
286
308
240
76
54
19
-68
-114
-94
-91
-45
-2
92
70
62
104
36
-84
-103
-73
-139
-166
-149
-196
-114
-205
-203
-210
-253
-349
-369
-334
-271
-318
-256
-222
-250
-241
-132
-177
-234
-273
-310
-351
-435
-422
-423
-469
-505
-402
-365
-415
-401
-385
-441
-514
-499
-449
-444
-552
-566
-547
-469
-341
-151
101
393
496
546
426
293
125
42
-23
-166
-176
-91
110
222
297
403
338
237
111
30
73
161
261
406
536
576
665
716
739
641
502
453
413
307
252
309
269
192
197
237
221
213
255
320
291
325
351
375
433
367
330
247
173
77
56
14
-36
-85
-56
-56
-97
-88
-14
-10
-47
-112
-102
-71
-74
-110
-136
-108
-151
-187
-250
-237
-254
-362
-378
-375
-398
-365
-345
-295
-307
-287
-200
-154
-230
-256
-282
-380
-397
-415
-405
-392
-437
-423
-373
-353
-412
-417
-419
-467
-482
-475
-491
-499
-498
-431
-399
-390
-199
15
247
403
523
483
262
124
-46
-67
-140
-82
2
42
139
210
311
290
161
124
107
43
39
208
402
487
490
508
534
520
508
482
515
455
396
401
360
357
311
216
181
128
165
203
317
349
348
403
416
383
346
329
300
207
152
140
161
142
72
7
-24
-29
-50
-43
-50
-57
-80
-96
-126
-123
-94
-129
-155
-222
-263
-203
-162
-224
-335
-329
-375
-451
-466
-416
-389
-362
-344
-312
-275
-293
-298
-336
-322
-359
-453
-457
-382
-355
-413
-440
-418
-393
-427
-512
-523
-491
-437
-437
-459
-442
-426
-405
-368
-282
-110
206
502
620
575
412
267
41
-60
-33
38
62
57
198
243
289
248
230
157
30
-46
37
215
399
563
581
536
492
408
436
455
487
548
517
490
403
403
328
213
144
131
152
146
201
302
336
373
339
302
266
228
186
226
285
279
210
157
168
108
23
-5
-19
-10
-39
-7
8
-13
-69
-135
-181
-200
-162
-157
-185
-192
-203
-216
-263
-341
-401
-410
-426
-438
-401
-321
-271
-312
-305
-280
-330
-386
-418
-427
-439
-418
-396
-387
-394
-431
-446
-479
-484
-489
-493
-470
-488
-510
-496
-492
-487
-490
-409
-302
-93
223
486
601
566
375
243
79
29
44
126
193
266
356
317
267
194
153
123
59
25
89
244
395
499
569
500
432
326
409
457
554
647
639
650
484
395
319
295
209
164
210
184
207
243
274
268
196
177
129
107
122
203
264
251
224
174
126
17
-24
22
29
39
24
34
-27
-100
-138
-151
-187
-248
-239
-215
-187
-168
-196
-228
-322
-377
-433
-451
-406
-366
-327
-329
-298
-330
-378
-397
-423
-423
-420
-388
-383
-353
-363
-383
-429
-469
-469
-512
-536
-533
-488
-443
-452
-504
-569
-596
-594
-547
-373
-165
114
326
470
528
381
272
139
133
134
174
251
303
383
331
266
180
99
64
39
51
120
219
355
439
503
437
438
354
376
441
582
697
693
699
586
495
350
268
264
265
299
271
270
289
254
241
156
147
111
102
126
193
243
223
226
135
79
-5
-40
-24
0
43
64
51
-21
-102
-136
-190
-215
-222
-171
-173
-216
-196
-207
-252
-339
-394
-450
-469
-443
-388
-340
-323
-329
-349
-388
-431
-473
-455
-433
-397
-337
-291
-280
-356
-404
-452
-467
-475
-468
-425
-419
-438
-463
-484
-549
-595
-615
-592
-517
-351
-119
189
383
501
433
306
205
144
182
233
324
380
453
458
381
283
186
133
93
45
64
103
206
286
379
404
389
340
294
383
469
624
713
765
712
599
511
410
379
357
386
352
297
291
260
259
195
128
96
74
78
90
155
198
231
209
136
64
-16
-15
26
68
73
66
44
-29
-119
-165
-172
-197
-241
-240
-219
-183
-219
-267
-310
-335
-399
-470
-485
-456
-403
-362
-347
-368
-399
-437
-491
-516
-489
-436
-398
-382
-363
-364
-367
-398
-445
-473
-462
-431
-424
-408
-413
-426
-483
-542
-582
-578
-490
-331
-99
121
259
344
313
251
184
179
226
273
357
427
521
529
494
422
327
241
166
120
123
173
264
319
351
318
288
256
238
294
383
514
584
629
618
580
522
447
413
399
411
404
371
349
307
288
230
160
102
58
55
57
101
134
157
134
85
53
-8
-33
-22
17
44
40
36
1
-56
-121
-153
-182
-208
-188
-180
-180
-198
-217
-255
-325
-378
-424
-452
-467
-447
-411
-393
-399
-432
-460
-490
-508
-506
-489
-481
-488
-469
-444
-421
-412
-405
-406
-438
-481
-512
-521
-496
-477
-485
-524
-512
-459
-335
-190
-30
96
202
243
196
152
124
197
271
352
402
434
469
446
468
449
424
357
263
206
188
227
270
320
345
323
310
259
260
289
365
451
493
517
482
462
434
425
430
428
429
407
389
357
336
318
280
244
191
145
102
76
80
91
116
112
93
55
14
0
-6
16
10
9
-12
-42
-78
-106
-120
-135
-153
-176
-200
-207
-226
-238
-260
-290
-333
-383
-425
-447
-446
-431
-415
-405
-417
-429
-459
-482
-504
-506
-497
-488
-483
-472
-460
-448
-429
-429
-429
-437
-443
-438
-440
-431
-449
-472
-486
-450
-357
-227
-78
49
137
211
190
161
122
114
165
214
262
301
371
422
474
470
444
399
313
219
159
168
236
292
352
359
359
327
290
336
403
432
395
369
405
469
488
478
507
539
567
510
458
431
408
399
371
364
344
288
214
172
170
154
121
49
8
-6
-29
-39
-53
-28
-18
-40
-75
-111
-145
-177
-199
-205
-190
-199
-221
-231
-229
-218
-232
-268
-307
-354
-386
-412
-411
-397
-372
-362
-357
-366
-382
-403
-430
-447
-451
-455
-471
-481
-476
-456
-428
-396
-382
-374
-379
-388
-392
-411
-424
-433
-446
-443
-398
-307
-182
-42
57
138
186
178
171
148
153
178
202
224
268
326
398
471
515
522
506
440
356
285
244
227
238
249
264
295
315
349
373
391
396
374
330
275
244
236
260
292
338
391
424
446
444
438
422
382
330
263
200
150
133
118
120
111
102
80
36
-3
-36
-73
-110
-153
-182
-205
-197
-184
-163
-161
-132
-98
-105
-173
-244
-211
-144
-130
-210
-278
-279
-232
-234
-250
-247
-227
-228
-280
-324
-336
-341
-372
-404
-410
-406
-437
-502
-518
-486
-435
-436
-467
-489
-489
-487
-486
-479
-465
-464
-488
-499
-487
-436
-372
-290
-183
-81
14
80
122
185
239
280
305
307
304
310
338
382
451
512
553
582
585
574
554
521
481
438
386
333
284
252
239
273
306
335
345
336
315
282
251
228
217
188
163
147
162
190
246
296
342
354
350
336
303
267
219
160
105
48
-4
-31
-46
-35
-21
-4
-6
-16
-36
-65
-97
-136
-180
-221
-266
-292
-300
-292
-266
-243
-221
-209
-208
-218
-233
-250
-276
-299
-328
-355
-369
-375
-364
-338
-319
-295
-288
-290
-307
-322
-341
-365
-397
-429
-451
-463
-456
-439
-412
-378
-363
-344
-325
-311
-315
-349
-384
-391
-385
-352
-290
-196
-67
28
36
117
199
390
480
483
479
468
508
499
487
498
536
563
588
571
595
598
583
590
578
570
498
394
287
259
229
207
156
106
79
45
24
22
41
46
45
25
31
26
31
43
64
113
135
148
146
147
158
177
185
189
164
126
90
59
39
28
5
-20
-45
-72
-83
-91
-84
-65
-71
-87
-134
-154
-171
-192
-216
-237
-255
-269
-288
-287
-287
-282
-277
-275
-268
-275
-280
-284
-276
-259
-244
-237
-238
-241
-235
-222
-212
-207
-207
-216
-224
-228
-227
-222
-218
-212
-207
-206
-209
-211
-216
-218
-229
-243
-261
-271
-264
-240
-199
-152
-103
-55
3
57
113
166
211
247
264
271
273
286
301
321
337
352
358
380
398
423
432
439
442
433
414
378
353
320
295
254
211
160
117
80
74
44
36
8
3
-20
-28
-32
-1
33
116
170
183
67
18
38
193
232
181
74
28
64
90
99
93
91
71
51
16
3
-48
-107
-150
-160
-134
-168
-226
-289
-276
-241
-201
-214
-236
-275
-306
-312
-298
-273
-273
-284
-292
-271
-248
-220
-204
-176
-139
-121
-107
-119
-122
-123
-111
-94
-80
-79
-89
-109
-107
-84
-55
-51
-65
-84
-92
-108
-117
-132
-145
-171
-209
-235
-254
-254
-242
-223
-193
-165
-134
-103
-61
-12
42
92
128
147
161
178
208
244
276
293
304
311
329
351
373
390
397
398
398
392
384
374
361
342
313
278
237
196
163
130
104
77
56
40
32
28
30
33
41
46
48
43
33
26
16
6
-9
-22
-31
-34
-42
-42
-40
-36
-43
-58
-67
-80
-86
-108
-120
-135
-141
-144
-139
-140
-138
-146
-132
-133
-124
-130
-129
-144
-155
-155
-146
-134
-138
-144
-151
-145
-121
-125
-122
-141
-131
-130
-134
-142
-154
-161
-162
-127
-61
-40
-83
-122
-76
-30
1
-51
-27
-32
-41
-79
-96
-73
-96
-128
-174
-150
-174
-158
-209
-162
-165
-128
-104
-86
-63
-40
-3
36
72
88
123
108
130
142
176
186
177
186
203
220
222
231
245
272
271
289
300
307
310
298
295
295
282
268
241
218
207
192
182
179
167
162
140
129
121
108
106
78
62
39
18
2
-12
-21
-26
-39
-48
-64
-76
-85
-95
-103
-114
-127
-137
-143
-139
-133
-121
-110
-98
-90
-82
-71
-69
-61
-62
-64
-69
-76
-84
-92
-97
-100
-106
-109
-111
-115
-120
-123
-124
-124
-125
-126
-130
-132
-132
-132
-129
-126
-124
-120
-121
-122
-123
-120
-120
-124
-133
-136
-145
-153
-164
-174
-182
-201
-217
-227
-231
-228
-229
-229
-217
-206
-175
-135
-103
-72
-47
-10
34
72
112
134
145
153
166
187
206
208
210
202
207
207
205
215
213
222
221
228
232
233
228
225
219
225
235
239
210
194
163
182
159
162
145
134
117
91
98
108
121
101
88
81
93
83
87
83
65
44
29
30
8
-16
-34
-46
-68
-82
-87
-86
-103
-120
-120
-115
-112
-126
-121
-124
-129
-131
-117
-105
-111
-114
-108
-101
-105
-99
-90
-85
-87
-87
-83
-83
-87
-88
-86
-83
-87
-89
-91
-91
-97
-97
-100
-105
-114
-120
-127
-138
-147
-155
-164
-180
-193
-204
-215
-230
-244
-259
-269
-272
-265
-252
-239
-220
-202
-161
-122
-76
-27
13
56
94
133
169
195
220
235
248
255
255
259
257
253
246
233
220
213
209
214
215
212
215
218
225
229
233
237
236
230
222
209
199
184
174
154
133
114
98
88
81
80
79
73
76
76
81
77
76
66
53
39
34
21
2
-22
-38
-44
-56
-69
-83
-104
-118
-129
-127
-120
-126
-133
-145
-145
-129
-124
-111
-114
-120
-124
-116
-110
-119
-133
-139
-137
-133
-138
-148
-157
-161
-147
-136
-130
-132
-136
-139
-133
-116
-103
-104
-107
-129
-132
-135
-126
-137
-145
-161
-172
-188
-200
-211
-226
-239
-254
-262
-257
-235
-231
-208
-195
-138
-93
-43
1
34
76
119
162
203
223
244
260
270
286
282
291
287
281
280
265
257
248
250
259
256
255
255
254
258
257
258
256
247
236
216
205
187
169
161
142
127
103
87
79
75
72
66
62
63
63
66
63
59
58
53
45
30
16
3
-12
-23
-37
-54
-71
-87
-103
-113
-125
-130
-136
-142
-148
-158
-161
-156
-150
-148
-153
-158
-165
-166
-167
-168
-172
-178
-184
-189
-190
-191
-190
-191
-189
-185
-184
-180
-175
-169
-163
-161
-161
-162
-163
-168
-178
-192
-208
-221
-238
-253
-272
-296
-321
-339
-349
-346
-342
-329
-306
-284
-243
-188
-126
-58
2
61
115
169
222
269
305
325
345
353
348
345
343
350
351
347
326
305
305
314
324
318
310
296
280
266
256
244
225
205
162
120
84
71
72
67
67
54
53
64
95
130
153
163
164
176
189
187
176
156
128
110
73
71
35
33
3
-2
-17
-17
-3
-13
-22
-40
-61
-84
-106
-121
-141
-169
-189
-209
-211
-225
-230
-231
-228
-220
-221
-213
-209
-206
-202
-196
-188
-187
-187
-184
-186
-187
-191
-197
-205
-212
-220
-230
-242
-248
-256
-258
-269
-280
-289
-304
-318
-337
-359
-372
-388
-392
-373
-363
-317
-271
-228
-147
-88
-2
82
145
217
265
318
358
380
411
413
424
425
419
425
418
425
429
426
428
429
423
430
424
406
388
349
312
260
214
164
102
59
7
-26
-47
-52
-33
-18
24
63
100
161
204
248
276
286
280
261
243
218
175
128
76
35
12
-5
-16
-18
-17
-11
-12
1
3
-10
-23
-55
-84
-125
-175
-221
-276
-313
-333
-347
-360
-379
-370
-363
-342
-319
-298
-275
-272
-260
-252
-262
-259
-277
-279
-295
-289
-281
-303
-328
-353
-331
-315
-294
-298
-312
-336
-362
-379
-381
-391
-403
-419
-394
-375
-352
-283
-233
-134
-41
30
118
165
226
276
316
348
354
367
379
364
372
368
409
449
486
521
545
555
579
599
602
589
534
481
406
338
267
195
136
63
15
-29
-55
-54
-46
-15
2
16
44
68
110
134
155
163
165
180
184
193
195
196
201
207
208
206
208
203
194
172
146
111
77
46
6
-37
-82
-118
-141
-166
-182
-203
-226
-242
-262
-282
-305
-331
-361
-392
-417
-440
-453
-455
-444
-427
-407
-378
-342
-307
-273
-253
-248
-246
-259
-281
-312
-346
-383
-412
-438
-454
-471
-483
-478
-480
-486
-471
-439
-396
-320
-292
-263
-193
-153
-47
11
32
93
97
161
213
248
304
333
401
456
509
565
589
655
673
685
665
625
567
533
492
434
383
321
298
258
239
219
195
163
115
70
55
2
-36
-123
-127
-146
-130
-85
-21
73
137
197
277
345
417
431
419
395
363
310
269
206
167
150
156
161
163
167
158
140
125
87
40
-38
-119
-202
-278
-323
-353
-368
-362
-347
-330
-324
-300
-290
-293
-303
-340
-366
-400
-417
-427
-430
-402
-368
-317
-269
-237
-226
-234
-250
-278
-327
-380
-448
-513
-554
-584
-594
-584
-570
-546
-524
-443
-368
-263
-184
-187
-111
-118
-51
20
-2
74
71
140
217
271
388
451
569
627
651
671
653
679
657
628
560
503
462
453
472
462
487
465
441
405
345
300
215
147
44
-48
-119
-176
-172
-161
-106
-73
-37
12
47
112
142
172
176
172
184
196
224
244
273
279
290
288
276
279
246
216
170
118
82
47
36
24
3
-6
-34
-49
-95
-124
-183
-245
-301
-343
-388
-405
-423
-428
-438
-432
-433
-436
-411
-344
-336
-371
-438
-402
-383
-296
-257
-186
-208
-239
-271
-252
-239
-240
-300
-336
-414
-478
-545
-562
-576
-611
-614
-576
-511
-414
-343
-313
-243
-184
-87
10
-7
34
34
128
240
321
427
513
611
668
688
708
687
719
711
693
625
581
570
574
607
581
556
493
421
349
249
176
97
40
-12
-80
-106
-141
-125
-113
-93
-90
-107
-105
-87
-37
6
61
114
169
213
252
276
298
318
304
284
253
232
237
231
225
212
181
160
126
83
36
-7
-46
-81
-110
-141
-162
-173
-192
-216
-258
-300
-334
-360
-376
-399
-407
-416
-405
-394
-386
-371
-371
-366
-368
-382
-373
-372
-353
-344
-356
-361
-374
-371
-380
-408
-432
-450
-462
-470
-509
-529
-571
-580
-562
-476
-377
-274
-202
-211
-189
-172
-101
-22
-32
18
83
160
273
316
400
446
525
537
509
449
519
654
770
782
793
821
790
729
727
727
729
647
533
452
340
292
202
188
107
7
-150
-259
-318
-327
-305
-282
-279
-247
-222
-154
-115
-56
22
87
144
174
225
281
349
374
374
383
362
353
341
335
316
290
271
240
195
135
83
31
-21
-68
-122
-156
-173
-183
-216
-263
-309
-342
-366
-376
-373
-365
-363
-366
-375
-380
-373
-366
-359
-358
-362
-359
-340
-310
-283
-280
-298
-333
-356
-376
-378
-389
-403
-410
-428
-440
-469
-486
-527
-552
-541
-450
-325
-197
-166
-230
-247
-239
-144
-8
29
109
165
207
301
312
392
461
552
575
554
544
562
679
757
766
704
602
536
522
538
548
562
539
447
361
234
188
152
135
95
18
-50
-118
-143
-164
-156
-170
-194
-216
-224
-183
-129
-61
-14
12
23
23
34
60
151
216
223
224
177
176
146
129
218
325
405
384
370
351
230
205
235
296
246
139
42
-74
-156
-218
-274
-285
-364
-445
-534
-563
-574
-611
-604
-577
-536
-502
-493
-463
-470
-435
-373
-302
-235
-202
-207
-228
-262
-263
-254
-221
-209
-238
-291
-364
-421
-482
-502
-515
-534
-487
-372
-285
-216
-331
-430
-436
-347
-108
35
122
114
118
120
190
292
423
589
677
639
592
526
604
704
788
770
676
603
510
562
553
612
593
508
375
241
192
209
241
211
126
15
-88
-138
-144
-126
-100
-131
-167
-228
-211
-163
-81
-31
-36
-46
-60
-9
38
124
194
227
199
155
138
174
242
278
296
253
201
155
139
146
162
139
109
46
-18
-66
-85
-88
-109
-148
-199
-251
-302
-323
-332
-327
-342
-354
-387
-406
-420
-405
-388
-369
-384
-393
-391
-374
-380
-363
-355
-355
-379
-386
-375
-379
-388
-390
-451
-521
-572
-479
-365
-295
-313
-267
-191
-140
-78
10
-65
-90
-131
3
117
159
134
41
39
40
66
174
281
412
377
306
288
332
493
606
690
659
629
607
603
686
705
785
697
605
497
435
455
395
330
205
121
55
-26
-57
-103
-132
-191
-273
-281
-269
-193
-146
-121
-142
-162
-132
-67
43
94
152
160
175
160
154
192
247
303
287
256
217
180
155
140
146
161
136
96
27
-21
-54
-67
-73
-74
-84
-114
-162
-229
-266
-272
-247
-230
-240
-273
-323
-365
-376
-355
-322
-309
-311
-324
-349
-376
-384
-369
-341
-335
-345
-354
-371
-392
-415
-433
-424
-420
-428
-444
-484
-526
-557
-491
-295
-153
-126
-291
-451
-405
-231
21
146
118
58
-7
21
127
269
417
490
488
425
389
426
500
594
631
637
608
562
521
522
535
540
548
485
445
363
320
253
142
51
81
227
286
245
191
159
43
-53
-3
139
224
186
66
-73
-165
-186
-158
-96
-38
-73
-118
-206
-239
-248
-157
-26
44
76
68
70
50
62
147
237
317
321
291
224
148
124
112
137
134
93
31
-82
-190
-269
-259
-219
-216
-242
-307
-365
-424
-429
-386
-326
-283
-266
-281
-319
-345
-341
-303
-269
-252
-252
-272
-303
-354
-394
-409
-408
-399
-400
-437
-484
-559
-599
-596
-497
-296
-191
-206
-375
-510
-382
-216
44
112
57
31
-13
85
180
253
349
407
476
469
421
448
442
534
559
634
664
634
566
503
504
541
604
574
546
463
404
345
269
239
243
246
203
98
34
-13
-44
-74
-98
-59
-61
-57
-108
-161
-188
-193
-134
-93
-56
-63
-59
-84
-99
-100
-52
23
45
62
42
39
34
17
47
82
117
130
107
66
11
-3
-17
-31
-42
-79
-28
50
157
197
162
70
-47
0
51
116
63
7
-99
-222
-308
-333
-336
-340
-425
-477
-526
-535
-564
-577
-548
-525
-484
-462
-422
-409
-430
-416
-395
-337
-302
-298
-336
-374
-306
-155
-104
-147
-369
-419
-289
-115
17
-96
-174
-163
-51
60
122
130
228
317
409
420
456
496
538
621
681
752
746
708
641
645
656
710
683
612
536
465
432
368
290
238
235
225
162
73
24
0
-16
-55
-67
-41
-27
-35
-117
-170
-162
-125
-89
-96
-102
-99
-92
-128
-153
-139
-68
-14
-6
-10
-9
-4
-8
7
54
123
155
134
95
71
65
77
93
104
106
80
49
-14
-57
-72
-50
-33
-49
-85
-146
-191
-229
-228
-216
-206
-221
-245
-281
-323
-358
-354
-343
-328
-343
-358
-390
-428
-456
-468
-462
-434
-433
-434
-492
-539
-574
-571
-547
-550
-535
-417
-349
-393
-531
-592
-278
151
405
318
-27
-95
56
303
488
532
508
442
336
306
273
357
362
382
417
465
478
401
310
311
415
581
707
685
602
509
471
481
512
536
550
526
399
239
99
76
73
46
-19
-77
-105
-184
-253
-354
-342
-273
-220
-182
-203
-207
-196
-202
-178
-110
-8
94
92
64
34
48
68
93
133
172
185
147
82
26
13
31
71
78
67
37
9
-31
-61
-54
-14
18
4
-26
-71
-109
-148
-161
-150
-134
-143
-187
-241
-299
-327
-339
-328
-321
-339
-355
-394
-426
-453
-458
-441
-421
-414
-418
-443
-485
-514
-523
-495
-481
-483
-495
-397
-276
-231
-307
-485
-426
-250
-19
68
-31
-83
-64
37
153
211
285
350
382
426
392
423
442
512
589
620
639
622
577
530
528
593
677
644
571
485
434
395
328
292
291
301
234
111
-32
-110
-177
-186
-70
184
400
311
39
-233
-206
-57
127
213
206
61
-144
-322
-350
-273
-174
-142
-165
-202
-223
-241
-255
-219
-120
20
161
230
235
187
149
154
246
366
443
426
331
218
108
54
64
97
93
22
-78
-170
-233
-272
-291
-265
-236
-221
-236
-273
-299
-325
-313
-275
-224
-184
-191
-236
-319
-359
-366
-345
-337
-341
-373
-429
-504
-549
-566
-546
-529
-534
-542
-564
-477
-335
-253
-254
-387
-392
-196
-4
150
67
-32
10
94
221
287
291
370
389
404
380
378
459
508
561
573
576
593
563
525
527
554
628
614
546
468
405
390
354
296
260
256
231
148
29
-23
-21
-24
-55
-105
-101
-101
-131
-199
-233
-205
-164
-152
-162
-189
-169
-149
-148
-147
-137
-73
-37
-19
-23
-10
18
48
52
69
120
149
148
125
102
76
87
134
138
104
56
3
-93
-180
-116
115
399
470
280
-1
-113
-63
46
143
184
109
-65
-276
-412
-465
-449
-448
-491
-511
-522
-570
-650
-712
-694
-626
-517
-420
-365
-362
-410
-473
-486
-408
-295
-235
-238
-315
-342
-262
-202
-176
-320
-396
-293
-166
7
-26
-115
-149
-128
30
169
269
386
419
441
400
388
528
651
764
750
709
674
630
589
585
591
628
607
526
429
312
278
236
198
162
174
193
124
5
-78
-76
-52
-38
-48
-41
-60
-112
-171
-217
-191
-159
-116
-104
-135
-166
-180
-179
-155
-120
-44
9
14
1
-19
19
58
114
151
191
212
206
178
162
158
183
217
218
202
161
133
91
60
46
52
60
40
-5
-65
-108
-139
-155
-156
-162
-191
-225
-265
-304
-339
-355
-346
-356
-376
-415
-435
-447
-462
-474
-477
-456
-458
-474
-496
-502
-502
-503
-518
-516
-507
-494
-520
-567
-561
-450
-338
-197
-35
63
136
75
116
201
251
328
384
453
466
377
344
401
418
356
220
251
381
507
498
402
316
309
349
459
574
666
662
540
425
375
457
535
519
418
331
275
190
81
2
-12
-36
-91
-168
-193
-193
-239
-297
-351
-320
-253
-180
-130
-123
-148
-142
-122
-45
50
134
168
155
126
111
138
187
241
252
244
220
196
166
149
137
153
168
159
140
115
104
72
48
37
45
50
43
12
-41
-91
-134
-149
-151
-162
-190
-223
-267
-316
-363
-384
-380
-373
-370
-397
-441
-471
-493
-483
-467
-448
-444
-454
-484
-476
-479
-454
-455
-465
-452
-460
-442
-448
-442
-374
-225
-122
-87
-224
-305
-240
-113
100
159
181
172
97
113
131
218
412
521
592
461
312
317
380
553
619
648
606
492
400
386
428
514
525
476
380
256
218
171
163
101
70
-13
-114
-115
131
403
383
64
-170
-155
1
111
182
176
87
-104
-243
-244
-167
-136
-172
-204
-176
-169
-167
-193
-190
-147
-62
41
129
187
207
179
165
228
328
399
394
366
324
292
265
223
189
148
110
64
30
7
-57
-147
-247
-285
-265
-220
-207
-251
-313
-364
-384
-363
-310
-263
-259
-286
-318
-348
-360
-355
-336
-322
-331
-361
-394
-422
-441
-464
-470
-454
-435
-445
-473
-506
-514
-495
-475
-438
-325
-179
-82
-79
-200
-254
-214
-95
108
206
292
276
189
144
88
188
389
565
664
554
415
329
321
437
544
655
677
586
465
362
346
418
482
514
446
347
260
188
166
159
180
155
87
6
-40
-59
-64
-79
-110
-139
-185
-185
-173
-143
-127
-124
-131
-158
-176
-150
-91
-19
31
42
19
-16
-8
30
101
153
191
202
168
124
105
132
183
215
197
157
77
5
-48
95
396
566
379
55
-47
51
165
194
198
148
30
-145
-233
-214
-183
-280
-391
-399
-352
-365
-447
-530
-587
-583
-519
-439
-389
-401
-461
-522
-510
-426
-333
-308
-321
-336
-323
-303
-321
-347
-370
-362
-346
-325
-256
-168
-133
-146
-205
-257
-231
-169
-51
21
48
82
111
155
166
154
216
362
510
570
507
457
457
523
593
639
655
625
557
492
476
507
556
535
455
330
234
183
167
181
184
159
94
-11
-107
-164
-171
-123
-85
-57
-92
-154
-215
-245
-220
-154
-79
-33
-39
-68
-85
-75
-28
16
66
82
91
99
105
130
146
159
174
176
182
177
175
195
203
206
186
150
123
100
91
93
89
74
42
-4
-44
-73
-86
-98
-120
-152
-180
-205
-220
-228
-239
-257
-285
-316
-344
-358
-360
-357
-363
-377
-399
-424
-459
-485
-487
-470
-453
-449
-455
-491
-538
-568
-579
-567
-394
-163
-102
-323
-514
-442
-237
-43
66
126
84
0
-98
-49
54
120
80
154
290
376
305
214
193
236
326
415
484
501
458
407
419
481
536
511
466
416
416
446
478
474
410
332
269
239
229
212
163
91
28
16
3
-18
-58
-106
-139
-172
-194
-226
-236
-235
-188
-141
-88
-82
-113
-149
-160
-105
-14
69
110
109
93
99
119
168
198
226
233
235
236
226
222
234
255
268
251
210
162
105
69
67
81
87
64
7
-50
-99
-126
-137
-152
-174
-204
-228
-240
-247
-255
-262
-273
-286
-301
-317
-336
-351
-363
-366
-363
-368
-378
-397
-414
-429
-436
-441
-446
-452
-452
-436
-430
-416
-427
-431
-450
-461
-457
-425
-344
-242
-156
-103
-100
-79
-58
-30
11
44
115
171
230
285
331
392
464
517
556
540
513
496
491
521
549
584
593
576
537
489
443
420
394
372
318
257
216
174
163
135
116
63
17
-23
-66
-110
-136
-146
-138
-141
-148
-158
-174
-161
-152
-105
-72
-44
-47
-41
-37
-6
35
98
133
157
152
157
156
175
184
203
215
222
223
213
212
218
224
228
212
186
154
114
84
63
59
53
39
12
-21
-54
-83
-103
-121
-149
-181
-213
-232
-240
-236
-234
-240
-258
-263
-304
-311
-334
-349
-366
-383
-409
-427
-443
-449
-457
-455
-454
-459
-467
-482
-481
-485
-478
-469
-467
-466
-475
-473
-441
-371
-275
-185
-120
-75
-38
-3
33
76
110
163
194
237
272
314
387
462
553
609
633
627
604
585
565
553
546
520
496
461
440
430
426
430
409
367
292
209
124
58
4
-29
-62
-92
-121
-144
-157
-162
-160
-158
-166
-195
-227
-259
-271
-262
-226
-181
-128
-86
-43
6
51
97
137
157
168
153
142
140
143
171
196
226
245
250
260
262
267
269
260
234
197
154
114
89
72
62
57
41
23
-5
-26
-50
-76
-96
-131
-173
-208
-249
-263
-269
-271
-264
-266
-279
-283
-302
-318
-326
-350
-374
-404
-441
-470
-487
-495
-502
-494
-492
-494
-482
-481
-474
-464
-461
-453
-454
-460
-467
-455
-420
-358
-275
-197
-128
-59
8
71
139
186
227
271
293
315
329
349
401
458
527
577
609
637
649
660
657
641
614
568
507
445
384
343
313
297
278
252
217
177
138
100
60
18
-37
-99
-156
-211
-246
-267
-269
-259
-245
-232
-221
-208
-185
-163
-130
-102
-78
-56
-41
-16
16
58
107
145
184
208
226
248
259
272
278
276
267
248
233
221
224
227
233
232
222
208
190
174
156
131
104
64
23
-22
-64
-91
-116
-134
-156
-177
-199
-217
-226
-235
-239
-249
-264
-286
-311
-335
-357
-372
-388
-406
-430
-455
-477
-490
-496
-498
-499
-501
-499
-495
-490
-475
-460
-440
-424
-413
-405
-399
-385
-358
-314
-251
-184
-119
-59
9
79
150
219
278
331
367
387
400
410
430
461
488
515
534
548
557
568
579
583
579
552
512
457
404
350
304
259
218
171
125
76
36
6
-11
-29
-51
-81
-114
-146
-172
-190
-203
-210
-217
-226
-233
-235
-224
-203
-176
-141
-104
-67
-28
9
53
101
147
186
212
229
239
247
254
252
254
248
240
229
219
218
219
229
236
238
234
222
210
192
178
148
118
78
33
-13
-56
-89
-118
-142
-165
-189
-210
-230
-241
-247
-252
-262
-278
-297
-322
-340
-357
-372
-391
-411
-429
-453
-473
-493
-502
-507
-511
-515
-512
-506
-496
-476
-450
-424
-399
-375
-353
-335
-324
-304
-285
-252
-214
-164
-109
-60
-1
69
135
207
271
326
377
413
443
454
466
472
483
482
477
470
456
454
443
440
435
427
403
382
353
328
294
258
223
180
135
85
36
-9
-42
-75
-99
-129
-146
-164
-174
-172
-170
-162
-152
-144
-136
-130
-126
-112
-101
-83
-63
-46
-18
6
32
71
107
151
188
214
242
260
280
292
294
291
285
268
248
231
213
202
190
182
175
165
155
146
143
135
118
95
69
33
-4
-45
-79
-119
-153
-188
-215
-244
-265
-279
-288
-291
-301
-310
-319
-329
-337
-349
-357
-368
-382
-399
-417
-435
-450
-462
-471
-482
-486
-490
-484
-471
-448
-419
-390
-354
-321
-285
-251
-224
-196
-168
-133
-97
-63
-32
-5
40
89
137
191
243
297
345
387
419
449
470
495
504
495
487
465
443
419
396
374
352
322
292
268
250
233
219
208
189
172
148
119
90
67
39
9
-30
-65
-93
-122
-148
-161
-166
-156
-154
-151
-131
-106
-79
-46
-13
25
55
68
86
114
136
156
160
169
181
184
183
188
195
204
211
214
211
208
212
215
213
208
206
188
166
142
128
108
76
45
13
-17
-49
-75
-101
-114
-129
-152
-158
-167
-188
-211
-223
-232
-254
-274
-296
-321
-337
-342
-353
-365
-383
-399
-407
-418
-429
-446
-452
-449
-451
-463
-460
-441
-425
-410
-397
-366
-339
-318
-299
-279
-244
-213
-196
-167
-132
-94
-48
-11
36
87
141
194
243
274
329
370
395
413
431
440
447
439
436
425
410
393
367
346
330
311
285
259
248
235
206
181
172
164
140
105
81
79
41
7
-18
-28
-65
-96
-111
-111
-128
-140
-137
-134
-112
-96
-87
-74
-31
6
33
42
70
101
117
143
150
163
180
173
168
178
187
177
179
186
185
175
176
173
186
176
175
147
158
133
118
85
69
42
21
-9
-41
-62
-83
-102
-123
-134
-150
-175
-181
-203
-217
-263
-251
-268
-291
-319
-332
-329
-350
-352
-349
-376
-403
-395
-407
-421
-426
-443
-441
-444
-435
-433
-423
-419
-389
-355
-341
-321
-305
-271
-224
-199
-198
-178
-104
-64
-56
-29
22
84
136
181
223
257
293
344
387
398
419
423
453
441
429
417
415
403
385
364
334
329
275
289
260
242
183
196
181
174
141
117
102
76
54
32
31
1
-38
-56
-84
-84
-91
-104
-126
-129
-100
-97
-101
-105
-67
-38
8
12
19
50
109
163
137
149
175
222
209
211
194
231
211
203
193
169
200
192
159
140
166
180
163
126
123
121
103
69
77
33
7
-33
-32
-55
-72
-112
-126
-151
-185
-201
-223
-238
-247
-272
-296
-318
-308
-289
-315
-346
-344
-333
-344
-359
-382
-392
-419
-413
-417
-426
-432
-433
-418
-413
-398
-368
-342
-328
-327
-275
-225
-201
-184
-170
-144
-117
-63
-26
17
23
62
118
167
197
246
304
314
331
358
397
420
444
414
378
391
407
396
365
330
307
291
265
260
245
236
192
143
147
151
150
117
84
77
35
27
30
4
-35
-55
-83
-96
-107
-82
-80
-119
-138
-123
-101
-68
-80
-59
-33
10
49
56
78
119
162
181
193
206
234
249
236
220
207
234
230
206
174
158
163
166
157
128
122
124
122
101
65
52
45
47
14
-25
-46
-35
-73
-121
-148
-160
-180
-214
-252
-272
-297
-294
-302
-329
-355
-358
-332
-318
-353
-358
-350
-372
-373
-384
-390
-412
-423
-424
-421
-425
-407
-431
-419
-380
-347
-323
-307
-281
-238
-208
-188
-156
-117
-95
-62
-35
2
29
68
104
132
174
220
259
297
331
345
367
367
388
413
412
403
383
365
351
325
315
298
264
240
209
196
181
153
148
127
104
99
79
70
63
35
24
-3
-22
-25
-48
-54
-66
-96
-103
-102
-94
-89
-99
-94
-81
-58
-20
1
26
56
80
124
158
193
228
250
265
275
274
286
288
277
261
236
218
213
191
179
164
151
145
134
126
118
102
87
68
43
22
-7
-27
-56
-92
-114
-136
-166
-194
-233
-259
-281
-310
-323
-340
-351
-358
-366
-367
-362
-357
-352
-355
-359
-363
-372
-379
-387
-401
-408
-421
-416
-408
-400
-389
-373
-352
-321
-293
-259
-231
-206
-173
-133
-111
-85
-56
-24
9
28
49
91
126
161
201
224
258
300
325
352
369
378
405
403
405
405
378
376
350
325
310
266
253
234
189
175
142
123
122
97
94
76
46
49
24
15
15
-20
-29
-54
-79
-80
-99
-106
-115
-130
-126
-127
-120
-106
-91
-64
-31
-13
21
50
101
161
221
277
316
321
330
335
347
371
369
344
315
281
262
242
206
191
175
164
143
121
113
103
79
58
21
-9
-33
-61
-80
-122
-171
-210
-244
-267
-286
-312
-322
-337
-363
-372
-379
-381
-369
-362
-352
-351
-352
-339
-337
-336
-341
-353
-355
-362
-369
-373
-383
-381
-381
-379
-359
-336
-307
-271
-248
-219
-192
-157
-124
-101
-87
-69
-45
-14
14
32
49
73
105
135
181
215
257
300
325
349
365
377
409
413
413
407
372
365
340
312
288
245
219
190
149
145
110
90
81
50
50
36
20
29
5
-7
-21
-59
-60
-81
-92
-95
-116
-128
-137
-147
-129
-124
-102
-74
-48
-6
36
77
126
172
227
278
306
336
353
365
374
359
335
313
285
256
218
181
150
117
97
79
72
65
63
60
45
30
15
1
-15
-33
-60
-95
-140
-182
-218
-244
-268
-287
-298
-311
-335
-362
-385
-392
-370
-330
-270
-229
-210
-219
-265
-330
-360
-327
-262
-228
-241
-284
-332
-381
-420
-429
-399
-352
-308
-289
-289
-290
-285
-256
-219
-187
-161
-119
-74
-45
-42
-40
-38
-19
27
88
163
228
274
307
339
350
387
430
478
533
536
522
496
447
412
377
349
334
287
256
207
148
119
66
41
29
7
17
9
-9
-7
-48
-60
-69
-95
-93
-104
-104
-108
-135
-147
-157
-154
-122
-101
-62
-24
11
64
108
157
210
264
334
392
418
434
439
434
421
391
358
315
280
233
184
132
84
48
27
16
16
12
14
26
19
15
1
0
-14
-26
-45
-77
-117
-153
-191
-223
-249
-271
-276
-284
-282
-287
-289
-289
-281
-280
-271
-267
-269
-277
-289
-309
-337
-359
-379
-399
-421
-439
-458
-475
-487
-488
-482
-463
-431
-392
-353
-315
-276
-233
-191
-146
-112
-80
-49
-22
7
36
58
80
121
165
210
250
286
333
387
409
428
438
429
464
515
614
674
581
410
270
235
281
280
269
249
200
139
-4
-101
-104
-62
16
30
-32
-66
-107
-105
-116
-179
-187
-175
-138
-130
-159
-169
-165
-160
-150
-154
-113
-25
75
170
208
223
250
306
377
439
485
527
548
511
439
357
307
272
246
200
141
86
38
-1
-30
-49
-48
-25
-5
19
15
22
22
14
-21
-63
-81
-93
-105
-129
-159
-202
-239
-273
-279
-276
-254
-231
-216
-219
-241
-257
-259
-251
-253
-262
-284
-308
-352
-394
-436
-469
-497
-516
-530
-542
-546
-542
-524
-508
-479
-443
-388
-325
-260
-203
-162
-124
-99
-74
-38
7
57
94
113
145
190
241
305
357
410
468
528
556
581
574
572
573
542
503
443
384
334
268
192
116
36
-4
-52
-75
-91
-126
-130
-138
-146
-128
-129
-120
-87
-92
-78
-93
-103
-104
-108
-100
-102
-100
-81
-59
-31
7
23
64
105
169
243
299
343
376
400
418
414
391
395
458
542
536
376
164
42
48
93
93
79
85
81
34
-46
-69
-16
72
143
143
111
77
67
43
-11
-90
-131
-136
-131
-151
-188
-219
-249
-281
-320
-329
-300
-247
-212
-215
-261
-315
-350
-363
-371
-382
-392
-407
-433
-491
-546
-581
-582
-570
-552
-534
-507
-467
-431
-394
-356
-311
-256
-185
-125
-79
-48
-14
23
52
75
101
142
213
295
359
418
454
486
544
592
632
668
662
650
618
545
477
410
345
293
215
138
58
-21
-74
-121
-146
-158
-187
-179
-170
-171
-143
-153
-155
-141
-146
-128
-117
-119
-108
-109
-107
-104
-98
-56
-6
51
102
128
175
231
292
367
418
454
485
501
505
486
448
400
346
281
199
121
61
0
-52
-100
-138
-145
-134
-105
-63
-27
9
41
67
91
106
126
130
110
77
37
1
-27
-65
-100
-128
-158
-176
-188
-200
-209
-217
-224
-239
-264
-295
-321
-346
-386
-437
-495
-553
-610
-654
-690
-720
-738
-717
-629
-516
-487
-559
-617
-558
-400
-259
-178
-122
-54
-12
-18
-43
-10
76
164
213
220
220
274
359
423
445
450
495
591
673
687
674
626
569
504
426
362
327
279
203
100
-20
-103
-142
-157
-172
-176
-175
-165
-157
-145
-141
-112
-88
-82
-65
-51
-34
-26
-45
-72
-76
-73
-50
-22
21
60
98
137
165
206
271
339
400
442
445
459
467
451
404
353
298
250
190
110
40
-19
-71
-110
-125
-132
-108
-67
-23
11
46
82
124
164
185
197
202
193
154
114
63
22
-17
-50
-87
-118
-152
-180
-200
-219
-238
-247
-255
-277
-300
-333
-368
-408
-453
-506
-546
-587
-622
-648
-670
-691
-707
-707
-696
-659
-616
-561
-509
-450
-391
-322
-249
-185
-125
-74
-33
-7
32
79
130
172
202
223
299
387
478
548
581
607
656
698
700
690
651
608
550
458
349
270
193
114
36
-52
-127
-163
-182
-196
-197
-211
-211
-199
-176
-168
-138
-108
-49
27
45
-19
-105
-115
-46
33
37
22
44
107
144
165
205
270
338
389
438
504
554
552
507
433
372
327
294
239
152
48
-55
-126
-166
-182
-180
-170
-157
-119
-60
13
67
99
118
146
183
212
224
207
167
106
48
8
-13
-30
-56
-105
-144
-165
-175
-180
-191
-219
-251
-274
-289
-308
-346
-399
-460
-518
-569
-602
-627
-659
-692
-723
-739
-735
-710
-673
-626
-577
-526
-465
-386
-308
-235
-178
-125
-80
-43
-7
46
93
131
173
204
254
340
437
520
581
622
659
708
733
731
714
671
609
538
439
343
264
173
83
11
-69
-123
-153
-178
-191
-186
-176
-173
-147
-124
-98
-65
-65
-67
-60
-75
-61
-48
-61
-65
-61
-44
-16
4
40
95
151
201
238
303
371
419
439
440
442
433
409
368
292
221
147
73
3
-58
-103
-126
-148
-155
-137
-101
-49
5
60
106
148
188
218
241
238
218
192
155
115
76
34
-11
-59
-102
-138
-157
-178
-196
-209
-223
-251
-268
-289
-321
-364
-409
-457
-504
-549
-590
-627
-663
-699
-725
-730
-725
-708
-682
-646
-594
-541
-479
-412
-335
-273
-213
-151
-97
-63
-37
-18
25
83
125
168
190
252
354
456
534
589
632
694
739
762
741
703
665
594
513
404
302
231
145
48
-23
-102
-127
-140
-166
-160
-155
-132
-112
-92
-61
-37
-23
-16
-38
-32
-40
-43
-46
-77
-78
-63
-50
-28
3
37
97
137
203
258
317
375
406
424
432
421
400
365
308
238
151
84
18
-38
-87
-130
-147
-145
-131
-89
-49
-5
62
115
158
198
231
252
264
251
219
186
155
112
70
22
-28
-62
-98
-125
-141
-161
-183
-195
-217
-243
-263
-289
-329
-372
-416
-467
-515
-562
-608
-647
-682
-707
-723
-726
-712
-689
-655
-618
-564
-500
-432
-363
-296
-238
-174
-114
-76
-53
-38
-21
18
69
109
150
178
239
330
423
506
573
624
670
705
725
714
682
642
564
483
387
286
216
133
43
-14
-85
-122
-131
-142
-129
-118
-101
-82
-57
-25
-7
5
17
-5
-7
-16
-35
-35
-56
-69
-58
-59
-38
-3
28
73
106
154
200
252
309
336
353
359
353
347
319
275
225
160
101
41
-9
-48
-80
-100
-108
-99
-68
-28
18
73
118
164
206
241
261
270
269
244
207
171
126
84
33
-17
-61
-104
-138
-159
-182
-201
-222
-238
-260
-281
-307
-339
-376
-416
-468
-510
-554
-598
-635
-664
-688
-701
-704
-692
-667
-635
-595
-544
-489
-427
-359
-293
-242
-189
-140
-98
-69
-55
-51
-35
8
48
94
133
163
234
330
420
503
558
602
648
674
689
667
632
579
497
421
325
232
174
86
19
-35
-91
-103
-109
-109
-89
-76
-52
-31
-11
22
26
39
34
2
-1
-23
-40
-44
-73
-81
-74
-68
-34
-6
33
72
112
162
213
266
305
324
334
342
336
322
282
245
192
134
77
29
-8
-41
-65
-80
-77
-55
-23
22
68
112
160
204
238
268
282
287
271
238
202
167
119
70
13
-32
-81
-119
-151
-175
-195
-215
-240
-255
-276
-297
-324
-353
-396
-440
-481
-518
-563
-602
-636
-660
-676
-681
-677
-656
-627
-590
-549
-495
-436
-373
-310
-251
-198
-147
-105
-72
-52
-43
-43
-32
7
42
88
127
148
228
325
412
493
550
589
640
659
668
641
608
563
475
393
298
214
167
82
12
-28
-82
-84
-85
-86
-57
-40
-20
-2
13
48
55
53
45
4
2
-17
-46
-54
-79
-85
-75
-75
-44
-4
37
76
109
159
197
250
296
305
309
315
305
293
259
218
177
125
72
24
-6
-29
-49
-57
-56
-33
3
44
91
144
185
225
258
281
293
301
283
242
200
160
111
58
-1
-50
-97
-139
-175
-200
-219
-235
-257
-279
-301
-318
-340
-376
-414
-456
-495
-535
-575
-612
-637
-651
-665
-675
-666
-637
-601
-564
-524
-477
-418
-352
-293
-245
-195
-143
-99
-73
-61
-54
-48
-52
-27
12
49
98
121
173
267
364
452
516
552
595
625
636
626
580
539
470
380
297
204
155
98
22
-19
-60
-77
-64
-65
-40
-19
-2
21
32
47
71
57
51
15
-10
-22
-50
-66
-80
-97
-86
-81
-59
-18
24
68
103
140
178
209
247
276
275
271
256
241
232
205
173
132
93
65
42
23
12
9
11
18
42
75
113
154
191
218
250
277
289
293
285
264
225
184
135
89
35
-19
-73
-121
-162
-192
-221
-246
-268
-289
-313
-336
-357
-383
-419
-452
-490
-525
-557
-587
-611
-630
-637
-636
-628
-608
-579
-543
-499
-453
-400
-348
-292
-233
-187
-144
-104
-71
-48
-34
-30
-34
-43
-24
17
44
88
109
145
234
324
403
462
496
528
567
580
575
541
493
438
362
293
213
160
112
45
5
-27
-52
-35
-25
-14
1
16
34
60
70
82
67
53
34
8
-10
-41
-65
-76
-95
-97
-89
-71
-33
6
37
72
117
159
194
234
267
281
283
279
269
261
242
209
163
121
91
68
47
26
13
14
29
56
85
118
159
200
232
260
285
298
298
283
255
211
171
122
65
1
-58
-107
-152
-192
-227
-257
-277
-292
-310
-330
-344
-361
-384
-415
-446
-476
-501
-529
-559
-584
-600
-599
-595
-587
-572
-541
-504
-461
-415
-366
-308
-250
-192
-145
-102
-60
-22
3
15
14
3
-11
-25
-15
7
27
53
61
107
195
280
357
404
436
478
529
548
538
497
453
411
341
269
193
141
91
30
-13
-53
-58
-35
-30
-26
-12
14
48
76
82
85
79
72
54
20
-2
-32
-59
-85
-112
-113
-104
-86
-60
-34
2
54
105
153
209
262
299
316
324
332
329
316
276
226
172
126
88
52
18
-11
-21
-14
9
41
79
124
169
210
248
280
300
302
289
260
217
169
119
55
-17
-83
-142
-190
-232
-269
-298
-320
-331
-340
-347
-353
-359
-375
-392
-413
-433
-452
-475
-507
-533
-551
-557
-558
-558
-550
-529
-497
-455
-408
-357
-303
-242
-182
-129
-83
-40
-9
14
23
23
14
-4
-32
-47
-38
-20
2
20
33
104
194
281
347
387
429
487
537
539
519
475
441
390
319
240
167
122
63
6
-40
-69
-56
-41
-39
-31
-7
28
64
83
85
90
81
79
49
18
-7
-44
-68
-101
-118
-114
-102
-87
-60
-29
16
73
119
161
210
259
300
319
326
321
322
319
282
234
188
152
120
85
48
23
20
26
43
64
93
138
184
220
246
272
290
295
281
247
204
159
108
42
-29
-96
-156
-203
-246
-287
-317
-333
-341
-347
-356
-356
-357
-361
-374
-392
-404
-417
-433
-456
-480
-496
-498
-495
-493
-487
-472
-441
-408
-368
-329
-281
-225
-175
-130
-90
-47
-10
22
33
30
24
16
-4
-30
-38
-31
-17
-4
3
29
103
184
257
304
340
384
443
479
480
458
423
392
346
289
216
164
117
62
16
-26
-45
-36
-27
-26
-21
-1
27
61
78
78
76
71
66
46
22
-9
-35
-61
-83
-97
-99
-88
-75
-50
-23
15
64
107
147
191
234
273
299
312
314
321
322
299
263
229
194
166
135
97
72
58
57
63
73
90
126
175
254
231
186
236
244
216
173
164
122
45
-14
-69
-129
-191
-235
-278
-317
-343
-353
-364
-359
-366
-371
-357
-339
-332
-360
-363
-375
-392
-417
-432
-441
-449
-450
-461
-443
-434
-399
-388
-356
-307
-276
-230
-189
-133
-88
-51
-24
6
19
23
28
16
-9
-40
-58
-52
-42
-33
-37
-42
15
96
182
235
262
307
364
417
426
420
397
373
348
306
236
170
132
95
44
-11
-38
-39
-24
-19
-17
-11
12
42
82
92
83
75
84
74
55
22
-9
-41
-73
-77
-99
-101
-95
-74
-46
-30
18
62
109
153
193
242
285
315
332
340
338
331
305
280
236
193
172
134
95
69
54
58
59
70
90
121
153
181
201
213
217
213
188
153
119
69
15
-45
-107
-166
-226
-271
-308
-335
-353
-367
-371
-367
-361
-351
-350
-351
-343
-342
-337
-343
-348
-352
-363
-371
-377
-378
-374
-368
-365
-321
-300
-309
-220
-242
-139
-142
-109
-41
-41
15
14
25
32
9
-1
-40
-84
-98
-110
-95
-96
-103
-96
-40
39
123
186
220
256
332
402
431
422
380
386
345
326
253
194
150
105
66
10
-34
-27
-22
-11
-13
-16
8
46
80
91
95
87
86
86
88
54
15
-16
-37
-39
-60
-68
-68
-52
-20
2
27
62
107
160
199
245
289
321
350
362
366
372
344
315
278
229
201
153
115
88
45
37
18
27
39
51
76
88
99
131
133
126
107
59
32
-25
-83
-145
-203
-263
-303
-307
-263
-226
-210
-209
-199
-204
-230
-237
-209
-168
-158
-182
-200
-205
-237
-300
-371
-412
-434
-453
-462
-455
-428
-396
-381
-379
-372
-334
-270
-200
-135
-65
7
60
80
82
86
85
70
35
-2
-28
-39
-42
-52
-73
-108
-106
-60
16
83
129
181
242
314
351
357
331
306
293
279
248
199
166
129
108
65
9
-9
-10
22
44
59
79
98
139
151
150
126
107
107
108
86
40
-2
-48
-63
-92
-117
-128
-126
-86
-51
-5
33
66
124
177
234
277
310
349
382
403
396
363
321
286
239
195
136
85
55
30
15
-11
-20
-13
3
26
43
67
91
112
129
111
84
49
10
-31
-79
-139
-190
-233
-264
-297
-330
-350
-355
-349
-338
-323
-312
-303
-302
-296
-291
-282
-279
-293
-305
-326
-348
-377
-413
-438
-473
-495
-472
-368
-150
99
265
252
126
34
20
46
54
82
148
195
136
-3
-129
-207
-289
-410
-515
-549
-483
-381
-248
-112
9
86
93
94
132
270
433
560
613
616
613
586
509
388
278
188
123
63
5
1
16
35
18
-45
-105
-144
-110
-55
13
75
121
155
157
138
96
62
21
12
9
16
39
53
83
114
137
151
128
125
137
189
251
280
303
306
311
297
257
210
178
160
148
123
95
79
76
85
76
64
60
71
99
125
155
183
183
172
140
99
43
-17
-70
-118
-162
-229
-264
-307
-341
-353
-348
-360
-356
-344
-306
-256
-232
-213
-201
-189
-193
-202
-221
-232
-241
-253
-272
-294
-312
-328
-326
-335
-322
-305
-290
-256
-217
-184
-146
-117
-93
-69
-64
-58
-63
-69
-82
-105
-137
-176
-207
-221
-218
-211
-206
-177
-106
-15
65
116
165
220
293
359
385
376
330
287
250
197
114
35
-10
21
174
383
536
522
401
302
234
172
82
91
188
271
247
133
61
32
-21
-130
-250
-341
-372
-355
-280
-162
-38
68
113
117
93
92
139
208
304
395
475
510
483
441
394
354
276
160
52
-20
-36
-32
-26
-17
-9
-13
-35
-64
-70
-39
34
119
199
248
262
259
236
195
138
64
-16
-107
-183
-221
-238
-247
-278
-305
-339
-379
-422
-439
-402
-337
-266
-212
-182
-171
-170
-172
-180
-202
-232
-254
-266
-276
-279
-276
-263
-263
-270
-285
-297
-293
-278
-237
-183
-128
-93
-80
-70
-67
-67
-78
-101
-130
-164
-181
-184
-181
-179
-177
-159
-116
-62
5
61
118
180
249
328
378
399
385
358
341
319
291
249
194
139
100
69
52
46
43
56
65
82
97
116
145
168
193
194
184
161
132
106
76
24
-33
-82
-109
-118
-124
-118
-101
-83
-75
-72
-62
-44
-27
-4
26
76
140
271
501
757
898
851
700
538
383
206
42
-26
-23
-23
-72
-131
-124
-95
-93
-124
-160
-150
-138
-113
-65
26
169
278
323
276
175
88
-12
-100
-182
-233
-243
-270
-313
-347
-354
-333
-338
-359
-387
-413
-424
-427
-383
-307
-218
-146
-117
-122
-145
-157
-163
-176
-187
-191
-182
-174
-179
-162
-132
-96
-93
-116
-143
-174
-191
-202
-185
-159
-142
-136
-140
-147
-159
-162
-147
-113
-67
-18
40
93
144
200
267
327
354
347
319
294
274
262
250
240
217
194
165
140
124
110
113
113
117
121
132
151
165
192
210
217
195
151
116
79
48
10
-24
-49
-74
-91
-109
-113
-111
-104
-89
-74
-47
-14
32
74
119
170
223
260
276
284
284
276
249
227
210
193
165
130
108
86
68
50
38
36
40
49
66
82
86
82
70
49
23
-9
-41
-86
-133
-198
-268
-346
-417
-474
-507
-508
-468
-318
-60
213
365
388
330
241
77
-119
-299
-388
-404
-462
-509
-558
-527
-464
-428
-411
-425
-396
-376
-381
-343
-240
-54
112
213
280
311
308
224
114
14
-84
-185
-312
-410
-464
-470
-443
-399
-332
-265
-194
-151
-107
-37
66
199
318
432
513
562
576
556
529
472
396
286
177
75
-2
-40
-50
-23
12
53
84
103
138
178
231
271
305
326
323
304
274
240
193
136
50
-48
-135
-221
-269
-299
-286
-254
-203
-142
-89
-26
32
87
139
191
241
267
292
298
304
297
284
258
218
168
106
58
20
6
8
28
59
82
107
121
134
136
137
129
107
74
31
-10
-54
-91
-126
-159
-196
-239
-277
-308
-327
-337
-337
-322
-306
-285
-265
-241
-220
-200
-178
-161
-150
-152
-159
-166
-176
-182
-194
-204
-213
-220
-228
-230
-224
-211
-194
-177
-163
-161
-155
-149
-154
-168
-179
-190
-221
-264
-303
-279
-127
117
352
451
460
409
290
100
-110
-254
-294
-288
-313
-320
-274
-150
-31
90
201
291
359
346
286
243
278
359
421
475
514
525
491
408
321
250
187
114
20
-60
-110
-119
-81
-15
71
150
201
203
156
99
56
31
11
-2
-15
-21
-28
-41
-45
-41
-25
-26
-43
-63
-77
-67
-34
30
116
206
283
328
345
346
337
313
278
231
183
126
67
20
-9
-17
-18
-21
-29
-42
-59
-69
-58
-24
11
49
72
70
43
-8
-69
-141
-210
-283
-357
-415
-460
-483
-474
-430
-370
-303
-235
-179
-138
-106
-75
-51
-29
-11
-8
-15
-37
-70
-108
-143
-175
-210
-237
-260
-276
-278
-263
-227
-180
-123
-70
-31
-7
-3
-11
-30
-56
-86
-123
-162
-201
-232
-249
-250
-241
-220
-192
-153
-117
-77
-27
26
87
148
207
254
273
283
277
270
255
232
198
162
124
93
60
25
-5
-41
-34
106
376
663
832
889
912
839
644
362
122
-18
-132
-273
-405
-464
-441
-404
-353
-252
-133
-17
15
-21
-45
-15
57
112
188
295
383
408
373
317
266
212
134
27
-71
-145
-208
-248
-235
-156
-41
63
122
155
167
154
121
98
109
126
133
127
110
82
45
4
-48
-110
-178
-266
-361
-441
-474
-460
-414
-344
-257
-164
-94
-60
-45
-36
-37
-56
-82
-106
-128
-153
-172
-175
-163
-144
-137
-141
-152
-166
-173
-175
-162
-129
-86
-48
-28
-22
-27
-46
-74
-111
-144
-176
-210
-242
-264
-265
-248
-218
-179
-136
-100
-68
-49
-31
-9
18
44
58
76
99
112
121
122
134
149
157
165
172
184
194
207
232
264
290
312
321
318
308
286
266
240
216
200
184
168
148
131
127
118
110
94
75
55
29
8
-10
-26
-38
-46
-56
-58
-60
-57
-66
-79
-80
-75
-72
-79
-92
-118
-141
-53
182
467
663
754
814
782
596
300
24
-148
-269
-389
-490
-522
-470
-397
-320
-206
-54
110
189
173
111
67
41
-15
-41
2
72
89
39
-24
-83
-147
-234
-336
-413
-460
-502
-542
-532
-449
-321
-186
-56
57
132
147
108
45
-1
-34
-68
-94
-106
-110
-126
-148
-172
-186
-193
-208
-239
-273
-291
-294
-285
-247
-179
-96
-22
23
43
47
31
-7
-49
-67
-64
-63
-64
-54
-20
27
66
104
140
178
202
211
221
236
257
277
294
311
319
310
280
237
202
176
150
130
122
133
154
172
190
208
227
240
230
206
168
122
72
23
-14
-40
-61
-77
-89
-90
-86
-84
-79
-66
-41
-8
23
53
84
115
143
158
164
157
135
104
64
21
-20
-55
-78
-88
-80
-65
-46
-21
8
38
61
74
78
70
48
13
-31
-75
-117
-156
-188
-214
-237
-256
-280
-301
-330
-382
-439
-418
-247
14
248
400
505
552
457
231
-29
-222
-353
-485
-604
-667
-660
-613
-570
-490
-347
-169
-31
14
14
9
4
-26
-56
-26
52
104
97
55
12
-48
-138
-242
-314
-349
-384
-422
-423
-347
-222
-91
47
194
337
417
422
386
344
311
272
243
232
240
241
219
190
173
164
148
122
104
102
106
102
109
155
229
301
344
369
373
350
289
204
120
52
-3
-53
-89
-104
-106
-106
-101
-80
-46
-17
1
15
37
65
91
110
134
162
180
176
148
110
67
24
-20
-55
-73
-75
-68
-51
-21
18
54
82
105
125
132
119
89
55
25
-6
-38
-70
-97
-117
-139
-163
-184
-196
-199
-194
-185
-169
-152
-141
-135
-136
-137
-143
-155
-173
-191
-206
-218
-232
-240
-240
-231
-222
-217
-213
-208
-203
-201
-199
-196
-194
-192
-187
-178
-170
-169
-174
-180
-185
-195
-214
-236
-265
-306
-353
-352
-223
27
297
513
679
791
768
592
346
147
13
-99
-195
-231
-202
-146
-106
-62
35
167
294
351
361
359
348
308
257
270
340
417
453
454
436
376
256
102
-32
-111
-172
-239
-286
-272
-216
-157
-94
-5
101
181
204
183
152
122
81
49
54
98
144
162
158
143
121
78
17
-33
-51
-55
-66
-79
-66
-23
29
78
126
179
212
207
172
128
85
38
-7
-40
-52
-60
-84
-122
-156
-179
-195
-206
-205
-187
-156
-131
-121
-115
-109
-107
-117
-134
-155
-185
-220
-259
-290
-305
-305
-299
-283
-259
-234
-222
-225
-228
-229
-227
-225
-223
-215
-201
-191
-186
-183
-177
-171
-169
-165
-165
-167
-169
-165
-148
-115
-76
-39
2
45
91
122
138
146
156
174
196
213
230
245
254
262
260
254
249
239
228
214
199
181
156
147
148
159
162
155
147
135
114
84
38
-24
-99
-166
-150
-15
184
366
495
593
621
500
261
9
-162
-273
-358
-389
-340
-240
-155
-113
-59
23
112
173
190
208
223
204
147
107
137
201
240
256
272
272
216
96
-30
-112
-147
-171
-192
-170
-114
-71
-63
-66
-53
-37
-51
-85
-111
-120
-133
-158
-163
-128
-73
-33
-26
-35
-59
-118
-209
-305
-368
-394
-401
-397
-375
-337
-300
-278
-265
-247
-226
-216
-217
-218
-212
-208
-213
-213
-199
-176
-167
-179
-198
-217
-234
-251
-254
-223
-158
-75
-1
69
137
195
238
264
282
298
302
305
308
305
300
284
268
264
259
256
251
244
250
249
248
249
252
276
289
294
284
247
206
151
93
46
-9
-53
-92
-122
-128
-136
-135
-119
-97
-58
-28
-2
33
66
106
135
154
169
169
170
162
140
114
74
46
32
26
34
42
53
72
85
99
102
96
97
91
79
54
12
-29
-89
-161
-224
-242
-154
10
193
345
449
487
399
196
-46
-244
-380
-464
-494
-450
-374
-324
-331
-361
-369
-367
-365
-363
-334
-276
-226
-214
-210
-182
-143
-120
-118
-116
-134
-192
-301
-421
-511
-571
-599
-592
-535
-441
-352
-294
-255
-217
-165
-107
-37
43
131
222
293
360
416
445
462
455
444
436
395
351
308
283
291
294
316
361
406
450
456
432
397
336
294
247
215
193
148
108
62
10
-30
-85
-130
-157
-182
-183
-198
-196
-162
-117
-61
-25
9
51
81
106
117
117
125
125
143
168
190
207
201
190
171
143
121
107
107
121
127
132
130
119
115
98
76
44
-2
-42
-82
-118
-148
-185
-210
-230
-237
-230
-226
-212
-197
-183
-170
-169
-163
-157
-151
-147
-158
-178
-206
-244
-273
-298
-320
-334
-348
-351
-352
-353
-357
-370
-383
-403
-426
-445
-468
-484
-502
-522
-539
-555
-546
-522
-500
-476
-431
-350
-196
19
259
488
653
783
825
728
549
367
240
193
185
261
400
527
614
622
581
504
415
351
321
327
368
385
400
401
387
365
302
260
225
171
107
26
-53
-132
-231
-293
-327
-339
-329
-314
-278
-241
-213
-160
-94
2
110
212
306
363
391
371
313
251
192
156
146
152
192
231
257
272
262
242
200
140
80
18
-46
-108
-164
-191
-206
-207
-198
-182
-162
-160
-169
-189
-222
-261
-301
-328
-336
-331
-310
-278
-244
-211
-185
-166
-150
-141
-144
-157
-192
-233
-283
-336
-382
-417
-437
-448
-449
-441
-430
-428
-431
-440
-447
-440
-431
-416
-413
-390
-337
-250
-147
-80
4
72
152
220
246
274
297
323
382
414
461
530
604
701
752
764
751
721
682
637
566
512
437
399
355
315
300
259
249
207
141
59
-40
-133
-201
-265
-303
-334
-346
-313
-235
-157
-85
-65
-61
-45
-66
-58
-60
-19
96
235
356
457
523
578
556
445
321
219
146
93
100
139
146
81
-20
-111
-191
-277
-306
-266
-200
-148
-126
-124
-130
-171
-246
-297
-337
-348
-336
-298
-227
-167
-147
-151
-174
-209
-263
-314
-349
-362
-378
-394
-388
-358
-314
-263
-233
-223
-243
-304
-382
-457
-511
-533
-533
-514
-446
-361
-287
-220
-185
-132
-88
-110
-107
-105
-86
-13
38
114
199
244
327
410
472
522
545
564
579
559
522
512
531
550
577
586
570
565
535
495
457
395
326
265
183
112
60
8
-25
-33
-47
-48
-59
-84
-76
-75
-85
-83
-83
-66
-35
-4
38
84
116
139
161
157
149
136
126
127
120
113
114
109
109
102
94
77
49
14
-30
-78
-122
-152
-172
-189
-205
-221
-241
-261
-289
-309
-324
-338
-347
-349
-346
-334
-319
-303
-285
-285
-285
-292
-297
-299
-303
-305
-311
-312
-318
-321
-331
-343
-363
-376
-400
-418
-436
-439
-421
-378
-305
-233
-163
-90
-44
-1
-5
-37
-28
-56
7
78
146
233
268
323
377
380
398
409
440
469
476
494
505
539
565
580
586
545
496
468
407
381
332
292
279
228
188
139
98
50
15
-10
-38
-44
-59
-43
5
23
52
58
63
68
68
70
97
134
167
204
210
202
200
195
195
194
176
165
147
117
93
72
40
13
-26
-70
-118
-160
-190
-202
-225
-260
-289
-322
-345
-362
-369
-362
-357
-358
-356
-350
-342
-326
-308
-295
-292
-297
-305
-300
-294
-281
-272
-270
-270
-275
-286
-300
-323
-333
-345
-362
-382
-408
-432
-446
-437
-394
-335
-260
-195
-121
-84
-103
-99
-107
-37
41
114
216
291
356
426
456
495
515
529
552
554
555
572
606
633
633
593
540
462
419
372
361
345
313
285
216
137
59
1
-31
-49
-54
-49
-45
-49
-50
-30
-22
-18
-24
-6
17
50
89
138
189
198
194
169
156
160
174
202
218
220
204
171
132
92
61
32
3
-29
-60
-87
-111
-130
-158
-208
-271
-324
-359
-374
-375
-358
-340
-343
-362
-387
-400
-402
-397
-380
-357
-341
-337
-330
-314
-313
-310
-322
-318
-309
-309
-292
-294
-294
-318
-357
-389
-419
-434
-433
-420
-372
-315
-222
-147
-82
-72
-119
-144
-159
-82
19
134
237
309
346
360
355
370
411
472
535
557
569
569
592
610
607
568
517
451
436
419
436
437
418
369
268
153
49
8
10
51
86
98
64
8
-47
-59
-55
-28
4
45
73
98
110
125
126
105
99
84
94
117
157
198
204
175
124
60
13
-9
2
21
22
1
-39
-90
-148
-193
-232
-264
-292
-304
-309
-312
-322
-325
-337
-359
-390
-402
-390
-364
-333
-309
-298
-311
-331
-346
-353
-349
-338
-305
-274
-258
-264
-287
-317
-347
-366
-370
-373
-381
-388
-377
-341
-279
-191
-122
-61
-84
-128
-165
-154
-52
64
181
253
277
279
272
282
340
418
499
541
540
515
507
519
551
559
532
487
435
426
419
442
438
412
340
231
134
77
79
113
167
205
185
116
8
-36
-22
26
95
126
161
158
140
126
121
117
125
133
144
149
151
168
184
160
114
45
-11
-34
-36
-4
-2
-17
-72
-136
-202
-248
-265
-265
-274
-292
-316
-344
-370
-384
-379
-371
-383
-394
-390
-375
-353
-339
-321
-314
-329
-342
-348
-331
-302
-280
-247
-250
-257
-288
-315
-326
-332
-314
-302
-320
-350
-375
-360
-293
-209
-100
-37
-9
-67
-120
-146
-78
39
166
255
285
284
264
281
311
386
451
506
505
485
455
469
486
518
491
450
393
366
371
382
397
367
314
211
117
48
50
82
135
155
151
98
42
-5
3
40
90
130
158
170
168
160
150
151
144
158
165
181
194
200
193
168
116
72
28
7
-1
-4
-14
-44
-92
-146
-197
-234
-260
-281
-303
-336
-362
-389
-404
-418
-420
-420
-424
-434
-439
-431
-414
-394
-375
-370
-374
-375
-374
-354
-340
-319
-298
-282
-284
-301
-317
-316
-308
-292
-289
-306
-337
-367
-363
-307
-226
-110
-19
43
25
-58
-109
-100
22
162
282
338
347
322
314
315
371
437
516
556
546
505
477
477
492
495
452
414
363
368
367
374
343
294
212
125
47
20
44
91
119
109
68
10
-19
-18
29
68
107
125
143
150
150
148
149
157
167
177
190
201
211
206
186
143
104
76
59
50
37
17
-18
-64
-108
-146
-172
-195
-222
-257
-303
-339
-364
-372
-383
-390
-398
-405
-413
-423
-422
-413
-399
-382
-375
-379
-389
-393
-384
-369
-348
-322
-305
-299
-313
-332
-348
-357
-344
-327
-311
-324
-351
-375
-358
-300
-193
-61
31
66
1
-72
-91
-14
126
263
345
386
376
363
356
386
461
537
595
591
559
521
521
525
545
508
461
407
382
388
386
374
330
257
161
76
29
33
50
51
27
11
12
34
56
63
62
40
33
46
98
162
206
219
182
139
109
120
166
215
225
206
159
111
83
68
65
55
26
-16
-57
-93
-102
-114
-127
-171
-231
-283
-320
-334
-331
-334
-342
-363
-386
-396
-391
-379
-363
-357
-361
-369
-373
-364
-349
-344
-346
-351
-352
-346
-337
-319
-313
-318
-344
-362
-378
-372
-354
-343
-357
-390
-394
-349
-247
-107
4
56
13
-72
-105
-57
88
236
351
404
402
369
349
373
450
547
617
627
584
538
519
526
537
519
472
422
377
371
367
364
326
254
157
61
3
3
47
93
100
62
-14
-70
-75
-23
51
96
109
99
92
95
112
130
156
162
162
149
144
154
166
167
148
100
54
29
21
24
12
-14
-63
-119
-160
-180
-184
-186
-209
-251
-308
-350
-366
-362
-347
-337
-340
-355
-379
-390
-380
-348
-325
-321
-332
-352
-362
-361
-342
-328
-315
-310
-305
-316
-326
-337
-345
-348
-359
-360
-355
-356
-361
-377
-396
-366
-319
-210
-103
-16
36
-1
-38
-56
6
135
267
364
412
412
413
401
426
489
554
606
612
581
552
527
523
527
479
431
378
357
360
341
320
271
200
108
27
-17
-15
19
53
62
39
-10
-47
-43
-2
58
91
116
126
135
150
156
164
164
165
165
167
172
182
180
168
132
86
45
20
13
17
3
-28
-74
-123
-156
-183
-188
-195
-212
-246
-285
-314
-327
-330
-328
-321
-318
-317
-323
-326
-321
-309
-297
-295
-291
-296
-294
-304
-305
-305
-304
-301
-307
-299
-303
-306
-323
-344
-363
-377
-380
-375
-363
-366
-385
-390
-364
-297
-165
-36
65
71
-7
-56
-33
93
251
357
434
461
458
450
432
479
555
632
661
620
561
520
517
533
516
449
385
329
308
300
289
274
209
122
23
-58
-81
-63
-16
19
20
4
-29
-58
-49
3
89
138
160
155
165
174
188
197
196
193
189
189
180
183
174
159
119
74
28
-5
-24
-16
-20
-44
-102
-153
-192
-215
-220
-218
-220
-243
-274
-302
-321
-320
-311
-296
-288
-283
-284
-283
-270
-258
-243
-250
-250
-262
-260
-270
-268
-279
-286
-288
-297
-300
-315
-321
-338
-354
-372
-394
-396
-397
-389
-400
-409
-426
-434
-394
-317
-162
-25
76
95
8
-37
-25
110
275
389
477
500
516
497
479
493
556
632
650
628
559
532
513
498
462
367
304
241
230
231
220
213
136
47
-62
-145
-166
-137
-81
-53
-36
-42
-44
-53
-40
14
67
133
151
164
197
238
277
274
243
194
169
168
183
204
204
187
123
61
5
-40
-53
-46
-33
-61
-109
-158
-203
-215
-227
-228
-242
-256
-264
-264
-263
-264
-259
-260
-252
-252
-248
-225
-193
-171
-163
-174
-190
-208
-222
-233
-221
-218
-227
-250
-277
-303
-326
-321
-326
-331
-354
-385
-399
-428
-429
-426
-406
-398
-412
-431
-425
-368
-258
-96
39
139
120
52
17
54
217
378
487
568
575
562
532
523
556
594
649
633
578
498
475
462
443
382
290
202
118
126
131
133
132
56
-39
-145
-217
-211
-160
-94
-66
-70
-110
-115
-53
55
192
266
276
238
186
201
241
321
369
355
297
207
152
139
163
175
159
98
22
-52
-76
-58
-48
-63
-91
-167
-230
-244
-207
-168
-160
-175
-227
-271
-277
-250
-201
-147
-132
-158
-181
-200
-188
-140
-95
-88
-100
-140
-167
-191
-165
-164
-205
-218
-262
-312
-344
-340
-338
-338
-338
-391
-439
-472
-456
-450
-415
-392
-408
-413
-469
-460
-413
-339
-218
-54
107
206
207
130
91
115
251
405
512
592
645
626
621
566
538
519
550
558
514
459
413
409
359
267
159
68
-18
-6
23
54
45
1
-58
-155
-236
-247
-197
-127
-68
-19
-21
-16
29
100
216
306
303
244
257
301
344
371
374
353
285
209
132
121
127
146
133
77
-27
-95
-117
-131
-136
-120
-133
-177
-226
-201
-196
-189
-141
-155
-179
-215
-180
-176
-124
-69
-71
-101
-109
-139
-138
-85
-51
-35
-38
-94
-143
-170
-235
-220
-221
-236
-291
-300
-330
-353
-366
-400
-403
-441
-479
-486
-460
-472
-429
-419
-426
-410
-437
-431
-404
-360
-297
-180
-91
-15
117
237
288
282
256
210
314
460
506
601
645
597
617
543
441
428
431
437
402
385
250
234
202
133
57
23
-80
-92
-52
-65
-10
-43
-52
-73
-143
-163
-154
-78
-18
66
123
100
143
163
242
298
290
322
352
355
332
336
302
231
251
209
87
93
72
49
23
23
-77
-138
-125
-151
-207
-134
-129
-157
-111
-114
-126
-126
-79
-75
-59
-62
-66
-66
-51
-32
20
-43
-20
-31
-82
-56
-80
-114
-53
-122
-170
-157
-259
-254
-254
-290
-305
-336
-371
-384
-396
-442
-449
-461
-481
-459
-449
-428
-439
-390
-402
-381
-386
-352
-347
-319
-303
-216
-144
-73
17
69
154
223
358
335
365
327
343
481
456
534
525
538
546
477
447
355
308
342
274
288
179
144
59
107
27
-6
-45
-46
-48
-48
38
-31
6
42
-14
40
-53
9
54
71
160
174
159
213
220
298
308
283
295
274
303
253
191
192
140
161
94
66
8
-1
-55
-19
-114
-99
-110
-146
-60
-92
-34
-68
-3
-37
21
-16
-24
22
27
25
44
8
11
43
-13
-11
-7
-59
-72
-91
-100
-144
-128
-142
-192
-148
-255
-259
-310
-337
-329
-398
-398
-381
-461
-400
-439
-467
-466
-460
-479
-432
-419
-369
-375
-336
-326
-334
-337
-319
-254
-288
-205
-104
-42
83
145
106
186
183
243
345
383
347
408
492
459
441
441
423
398
386
399
300
193
259
286
129
220
177
-50
80
70
-35
75
20
22
33
62
-20
1
-1
20
67
68
58
69
92
78
138
95
67
118
131
213
239
244
162
201
160
48
119
46
68
43
64
43
-32
51
-71
-26
-10
-71
-58
-7
13
-21
136
11
107
37
85
7
101
56
32
126
4
66
-5
-23
-32
-43
-37
-88
-72
-121
-148
-164
-171
-256
-220
-252
-302
-297
-337
-342
-385
-339
-421
-396
-437
-437
-464
-409
-448
-402
-466
-347
-382
-419
-328
-290
-326
-296
-224
-303
-214
-258
-189
-193
-131
-18
50
217
197
204
251
180
244
239
330
269
421
385
492
381
400
372
294
304
287
206
250
188
248
231
158
191
60
89
25
43
41
-7
101
61
71
71
25
-67
73
-89
110
-34
39
77
94
37
93
56
-4
56
101
25
126
149
157
178
163
110
46
88
42
99
130
63
133
78
97
71
75
57
45
131
78
113
75
195
59
176
80
121
48
73
60
113
4
107
28
-36
65
-94
-52
-120
-51
-128
-170
-85
-258
-209
-241
-275
-261
-356
-307
-344
-356
-384
-376
-415
-419
-416
-404
-450
-345
-464
-421
-286
-416
-357
-267
-338
-222
-253
-166
-219
-224
-117
-161
-204
-108
-143
-127
-109
195
104
299
316
290
284
168
231
232
199
330
339
417
419
362
371
293
215
304
173
157
124
185
88
116
235
-60
183
13
-33
22
-27
11
-41
95
4
112
-49
10
12
-103
28
14
-21
88
69
163
64
63
161
6
64
111
4
74
67
73
3
184
45
154
126
153
176
2
137
10
92
172
114
155
236
154
93
191
137
58
146
189
31
245
44
126
98
168
-2
81
23
8
-114
53
-124
-64
-89
-94
-174
-145
-249
-229
-347
-207
-376
-266
-357
-294
-349
-344
-332
-349
-391
-325
-403
-276
-411
-252
-355
-322
-235
-333
-205
-290
-243
-219
-173
-219
-177
-57
-232
-55
-131
-84
-237
-89
-115
-223
-96
-164
-73
-112
146
147
138
319
87
111
168
0
140
108
219
298
269
408
239
269
156
235
88
137
180
25
200
137
101
150
128
27
42
58
55
-98
84
-7
-1
127
-46
162
-36
26
19
26
-2
-12
131
88
64
217
99
135
88
116
74
98
32
54
108
-15
176
0
87
12
146
6
63
182
-8
112
151
77
121
129
152
141
115
198
84
170
115
56
248
16
107
210
-55
148
45
6
30
14
6
-59
-16
-85
-112
-89
-190
-155
-128
-250
-138
-213
-242
-134
-266
-297
-150
-289
-282
-209
-197
-273
-192
-214
-131
-244
-165
-149
-245
-168
-197
-175
-140
-212
-99
-115
-244
-78
-237
-165
-204
-199
-148
-217
-115
-216
-197
-160
-290
-228
-272
-350
-227
-288
-148
-116
93
93
179
136
136
52
60
29
78
164
282
351
379
478
319
377
228
273
175
155
234
179
223
224
266
130
231
120
100
52
95
-20
-13
34
-15
-40
66
-39
7
-32
-5
-80
-22
-23
-69
72
68
69
151
139
110
199
33
162
90
99
59
185
92
94
199
33
107
89
37
18
7
97
-25
150
56
164
133
69
114
79
9
107
12
23
127
84
31
100
99
7
25
98
-68
72
-12
33
-25
58
-36
-13
4
-76
-7
-34
-169
39
-211
-90
-105
-120
-166
-75
-89
-180
-23
-187
-126
-178
-125
-208
-74
-185
-118
-84
-151
-104
-196
-113
-167
-242
-52
-204
-170
-130
-147
-198
-211
-102
-320
-177
-226
-352
-135
-289
-287
-189
-306
-256
-407
-233
-426
-384
-374
-266
-417
-229
-133
-165
83
29
164
159
45
194
23
132
60
272
229
365
467
400
445
361
353
137
306
99
160
177
266
74
324
122
148
34
144
-11
-41
59
-53
19
-26
38
-4
83
34
75
75
143
11
130
119
52
177
152
151
291
103
236
156
90
65
11
21
-19
-4
38
-74
84
-98
-35
-101
-172
-104
-207
-201
-61
-160
-129
-8
-48
-23
20
84
28
3
154
-11
71
143
81
226
206
230
306
227
205
175
186
32
172
153
94
194
177
153
136
68
69
-17
-53
-45
-23
-72
-84
10
-137
-60
-136
-114
-128
-173
-128
-199
-128
-158
-206
-116
-155
-111
-176
-78
-125
-237
-82
-219
-222
-219
-189
-234
-159
-208
-171
-272
-205
-210
-415
-249
-301
-387
-269
-314
-270
-293
-255
-291
-250
-293
-324
-251
-321
-286
-252
-274
-209
-227
-184
-82
-88
49
93
213
223
235
225
287
218
112
379
213
319
442
429
478
454
380
413
227
243
138
211
88
186
183
166
91
197
-14
55
29
-66
-42
-25
-89
-26
-84
-58
-47
-3
-58
-21
38
32
-43
84
29
82
56
105
118
261
61
241
197
143
112
138
69
99
108
137
78
137
99
100
-4
58
-88
14
-54
-126
63
-85
-49
21
-54
14
-111
106
-81
10
143
-73
150
110
11
213
85
138
197
147
183
223
78
168
87
86
25
82
82
-33
133
19
-71
47
-116
-86
-199
-83
-139
-195
-86
-98
-203
-62
-242
-74
-258
-132
-180
-59
-206
-95
-17
-143
-108
29
-104
-72
30
-121
46
-97
-111
20
-153
-98
-80
-106
-155
-145
-130
-255
-167
-284
-228
-270
-283
-287
-218
-350
-228
-332
-303
-301
-337
-283
-323
-293
-245
-354
-166
-373
-186
-279
-237
-180
-128
-64
-50
125
127
117
272
164
132
255
98
256
156
240
383
215
432
349
318
328
220
277
157
133
180
136
197
126
192
189
155
122
149
73
75
68
29
38
41
35
94
15
120
124
31
140
91
20
96
24
80
25
141
92
35
152
94
-9
49
-1
-32
-89
-27
-19
-76
-56
19
-87
-56
-8
-154
-51
-73
-104
-97
-42
-67
-88
-16
18
-63
25
63
36
52
138
115
78
130
192
153
61
300
121
141
220
169
148
59
238
-12
111
93
25
25
49
53
-78
45
-40
-88
-46
-63
-146
-19
-153
-95
-110
-95
-165
-119
-125
-195
-69
-153
-151
-69
-123
-134
-39
-144
-72
-84
-107
-48
-141
-29
-123
-79
-157
-25
-197
-147
-101
-166
-150
-187
-143
-167
-245
-178
-213
-225
-248
-193
-188
-249
-176
-208
-193
-247
-219
-169
-258
-185
-165
-165
-143
-136
-123
-128
-76
-183
-84
-28
-65
3
179
69
162
234
180
107
173
129
174
116
239
218
280
262
280
303
140
226
237
43
188
183
105
193
164
169
129
136
105
99
102
66
82
53
77
73
10
132
39
36
147
58
92
44
101
42
60
51
74
93
76
91
113
17
68
13
-38
-38
-35
-17
-68
10
42
-70
-8
-22
-41
-108
-105
25
-150
-42
5
-35
-40
-13
32
-53
-3
86
-22
57
42
58
113
6
110
128
59
139
58
204
6
145
71
63
97
53
57
130
-8
74
39
15
-75
58
-91
-55
-44
-65
-31
-110
-48
-86
-100
-107
-92
-117
-87
-124
-99
-65
-89
-122
-56
-15
-94
-48
-25
-93
-34
-58
-93
-10
-127
-55
-66
-62
-146
-74
-112
-209
-89
-238
-121
-179
-262
-138
-286
-180
-254
-275
-208
-247
-194
-230
-187
-205
-133
-278
-155
-188
-159
-205
-118
-85
-141
-67
-85
-51
-75
-56
-41
-46
19
66
11
165
74
124
173
66
102
118
154
42
232
132
160
252
112
213
177
138
159
133
124
149
165
92
144
195
149
59
239
48
191
42
128
49
92
87
15
152
38
87
81
68
82
2
45
74
-14
12
40
65
6
18
81
-11
19
-14
-46
47
-116
32
-14
-7
-40
56
-45
-26
30
-65
48
-67
28
-25
50
3
26
61
53
51
68
12
71
67
-6
93
42
108
61
40
158
13
59
49
16
27
42
-8
29
35
20
-16
30
-17
-45
-41
-5
-118
-31
-88
-45
-80
-120
8
-116
-119
-40
-105
-95
-87
-54
-89
-73
-24
-51
-100
-3
3
-126
30
-65
5
-69
-19
-36
-5
-76
-9
-72
-53
-47
-92
-106
-65
-96
-153
-121
-74
-189
-67
-170
-137
-109
-159
-146
-162
-109
-195
-131
-154
-155
-77
-176
-80
-98
-106
-130
-40
-109
-84
-14
-86
-34
-26
-54
-88
-26
-73
-62
-6
21
28
-2
87
42
-27
40
14
-4
65
77
145
116
154
193
75
181
88
153
117
164
187
188
209
209
177
151
172
152
101
175
144
141
121
183
107
88
120
84
62
91
47
68
40
22
35
30
-11
16
21
1
-62
32
-9
-93
-13
-22
-33
-60
-27
4
-64
-54
9
-37
-56
8
-12
-25
-24
13
-6
-30
14
34
-6
45
39
49
32
62
28
54
31
46
50
53
47
61
51
33
37
46
-3
44
34
-16
18
22
1
-16
-20
-4
-52
-65
-35
-32
-86
-66
-34
-55
-99
-37
-61
-102
-77
-70
-65
-97
-58
-55
-43
-88
-17
-83
-44
-76
-70
-43
-62
-61
-53
-71
-48
-95
-76
-79
-100
-98
-85
-87
-136
-86
-131
-132
-118
-123
-139
-136
-110
-133
-122
-113
-125
-124
-102
-109
-105
-99
-88
-85
-70
-83
-29
-44
-72
-15
-17
-69
-29
2
-66
-42
0
-33
-29
8
17
-27
0
3
-9
9
21
55
61
79
109
92
71
95
93
52
86
137
112
150
162
165
151
138
135
134
105
139
120
148
137
139
130
127
99
118
77
65
88
70
51
74
66
48
63
40
20
24
6
-4
3
-4
11
6
2
0
-6
-27
-22
-30
-32
-40
-18
-21
-10
-24
-23
-10
-32
-36
-23
-16
-22
-2
-11
2
15
-3
0
15
2
5
28
-15
28
33
22
40
45
60
28
42
30
24
9
13
28
21
25
36
27
4
9
-3
-4
-17
-5
1
-9
-12
-14
-21
-36
-39
-28
-48
-26
-28
-43
-22
-28
-33
-38
-31
-36
-53
-44
-32
-56
-50
-37
-49
-56
-59
-70
-80
-93
-97
-95
-99
-94
-98
-98
-116
-128
-136
-147
-144
-134
-132
-127
-117
-100
-111
-101
-89
-106
-102
-96
-83
-74
-70
-53
-49
-49
-43
-43
-47
-37
-29
-43
-23
-14
-12
-19
2
10
3
1
2
1
31
58
84
116
118
111
94
78
57
59
78
104
122
147
159
140
115
106
92
76
82
95
93
91
109
95
75
63
62
45
36
37
44
43
37
48
53
41
24
21
5
-3
4
18
30
34
34
37
18
-5
-25
-26
-25
-21
-12
8
1
-15
-21
-31
-43
-49
-42
-24
-16
-9
-3
6
-12
-22
-14
-3
-10
-8
4
14
20
21
31
35
24
25
31
26
14
24
47
48
47
52
46
28
5
9
2
-9
0
6
2
-4
-8
-18
-34
-39
-33
-35
-38
-30
-28
-32
-31
-27
-32
-43
-41
-38
-40
-36
-29
-25
-17
-18
-22
-33
-40
-49
-57
-47
-38
-36
-40
-46
-58
-70
-81
-86
-93
-93
-96
-95
-104
-114
-119
-122
-122
-121
-115
-113
-119
-117
-112
-106
-104
-93
-82
-78
-70
-64
-57
-51
-47
-38
-34
-33
-40
-46
-43
-43
-44
-40
-43
-48
-59
-68
-76
-71
-52
-36
-16
5
22
27
29
42
61
80
94
102
107
117
126
144
160
169
165
163
153
143
134
134
136
143
144
130
108
86
68
57
61
60
57
55
51
36
19
13
1
-10
-8
0
3
3
6
14
19
22
18
16
12
6
13
23
25
33
41
35
21
12
0
-10
-8
1
9
6
0
-6
-14
-19
-23
-20
-20
-17
-9
-4
-6
-3
3
8
10
10
9
8
10
18
26
30
32
26
23
23
19
15
12
13
6
0
-1
-7
-20
-27
-23
-21
-24
-29
-34
-37
-45
-52
-49
-46
-48
-48
-42
-36
-39
-40
-32
-26
-24
-24
-23
-19
-19
-13
-4
5
3
-6
-8
-9
-11
-13
-14
-15
-21
-29
-39
-50
-54
-60
-59
-62
-65
-71
-76
-84
-87
-84
-83
-83
-80
-78
-73
-70
-67
-65
-58
-48
-50
-49
-47
-45
-44
-37
-28
-31
-37
-40
-48
-56
-61
-68
-79
-86
-97
-112
-125
-138
-144
-115
-61
2
42
45
13
-36
-57
-44
3
63
123
157
162
143
113
81
85
105
136
160
165
148
126
115
110
94
73
47
35
44
60
77
75
64
32
-9
-41
-61
-59
-30
13
43
48
25
-13
-40
-37
-14
13
41
59
65
58
42
20
9
8
19
34
48
48
45
47
47
37
19
2
-7
3
21
45
55
56
37
17
-5
-16
-21
-9
16
37
40
23
-3
-24
-30
-23
-8
3
12
10
9
1
-7
-19
-24
-23
-16
-13
-11
-13
-15
-15
-21
-30
-47
-55
-56
-45
-33
-28
-30
-37
-48
-49
-52
-50
-46
-37
-26
-24
-28
-40
-46
-46
-38
-26
-21
-22
-24
-26
-26
-32
-37
-42
-44
-40
-39
-40
-48
-50
-54
-55
-60
-69
-77
-75
-65
-55
-50
-56
-65
-72
-69
-64
-54
-48
-41
-38
-35
-41
-47
-46
-45
-42
-40
-39
-46
-55
-66
-69
-74
-90
-115
-131
-139
-142
-140
-120
-59
3
36
29
-12
-44
-58
-8
103
204
243
216
184
175
159
142
155
210
254
226
187
172
166
140
103
77
63
29
4
9
53
84
47
-20
-74
-99
-103
-94
-70
-33
-13
-6
-39
-60
-52
-33
-18
10
32
56
48
45
64
84
96
75
62
83
94
91
86
87
97
79
65
59
53
45
27
19
17
-5
-31
-46
-44
-29
-36
-35
-43
-52
-58
-65
-63
-49
-28
3
17
22
23
12
11
13
20
34
34
31
34
38
40
24
12
-2
-15
-23
-33
-27
-21
-20
-28
-45
-64
-83
-93
-85
-72
-65
-69
-76
-81
-83
-81
-80
-78
-73
-69
-64
-58
-51
-42
-30
-22
-22
-28
-36
-43
-42
-39
-35
-39
-51
-64
-73
-85
-94
-114
-130
-154
-172
-181
-155
-85
41
113
111
40
0
5
7
-12
19
86
149
118
77
86
116
94
13
-51
-55
-54
-69
-64
-35
17
-32
-114
-194
-203
-185
-173
-187
-143
-93
-40
-46
-72
-61
-61
-70
-84
-54
22
77
85
113
151
187
148
113
133
162
176
152
138
166
191
177
171
149
144
100
75
66
66
56
47
30
33
20
-5
-38
-64
-63
-71
-90
-97
-87
-51
-17
-18
-21
-31
-42
-50
-47
-15
13
24
37
41
47
36
14
14
18
16
4
-7
3
13
20
21
4
-13
-28
-36
-31
-27
-22
-19
-23
-21
-23
-19
-7
19
53
86
78
50
21
29
60
88
107
105
91
68
42
36
36
41
49
46
43
13
-21
-45
-46
-49
-58
-77
-88
-92
-81
-83
-96
-128
-166
-191
-193
-177
-127
-46
66
109
88
24
3
15
28
28
70
110
136
90
70
94
110
73
-7
-53
-65
-72
-103
-93
-68
-18
-58
-108
-162
-164
-168
-171
-186
-149
-119
-95
-99
-93
-58
-59
-93
-131
-120
-77
-43
-36
5
44
59
15
-18
-11
7
5
-11
-4
13
13
-10
-2
11
24
-6
-31
-46
-40
-30
-9
18
41
42
24
4
-2
13
25
29
26
38
60
78
85
99
113
112
88
73
79
94
110
122
138
143
125
101
91
89
78
53
38
31
27
22
18
14
7
-11
-30
-48
-57
-56
-49
-37
-33
-30
-31
-35
-40
-39
-39
-39
-48
-42
-34
-19
-20
-4
-13
-4
-9
-34
-1
-38
4
-24
7
-10
0
-18
-13
-23
-27
-34
-48
-44
-48
-43
-41
-8
22
30
-6
-77
-106
-112
-30
68
178
230
200
142
100
113
125
118
122
156
158
148
92
119
150
169
87
10
-50
-47
-56
-40
-28
-10
-21
-71
-104
-116
-115
-142
-170
-185
-157
-145
-125
-115
-74
-58
-83
-143
-159
-128
-85
-69
-57
-29
-9
-9
-31
-26
-12
-10
-36
-43
-38
-19
-13
6
26
40
20
-12
-32
-31
-21
-26
-23
-22
-8
-12
-20
-37
-38
-55
-74
-115
-121
-111
-84
-70
-65
-71
-82
-106
-115
-117
-105
-103
-111
-100
-67
-20
22
37
23
-13
-41
-37
-3
49
84
91
80
67
67
82
103
116
124
116
98
80
81
102
126
128
111
84
67
56
58
60
57
43
25
24
28
30
19
3
-12
-24
-35
-33
-19
-1
0
-7
-23
-29
-29
-20
-13
-10
-19
-28
-34
-30
-28
-27
-31
-41
-57
-79
-98
-107
-91
-44
17
85
110
105
78
53
43
30
30
52
84
103
98
89
104
108
100
64
35
17
-1
-10
12
45
81
71
40
12
-2
-8
-19
-37
-35
-31
-24
-19
-6
13
15
-16
-50
-67
-55
-43
-30
-13
13
19
10
1
14
27
23
3
-5
-3
7
15
31
53
59
43
17
-1
-1
3
-2
-3
-5
6
7
0
-10
-18
-37
-57
-78
-78
-76
-76
-82
-77
-65
-60
-68
-69
-72
-71
-76
-75
-60
-43
-30
-26
-22
-14
-11
-9
-14
-19
-23
-27
-27
-24
-14
-1
4
-5
-21
-31
-35
-38
-42
-40
-36
-35
-38
-38
-39
-50
-64
-74
-70
-64
-63
-66
-68
-66
-64
-59
-53
-46
-47
-46
-41
-34
-26
-17
-5
4
15
22
24
28
28
30
33
32
33
37
42
44
37
33
23
14
-1
-11
-25
-27
-25
13
62
124
142
141
118
102
92
77
75
89
110
122
120
119
138
140
128
87
54
33
18
7
13
28
46
36
11
-4
-14
-24
-49
-71
-80
-77
-78
-69
-54
-32
-26
-39
-52
-56
-53
-58
-56
-41
-8
10
17
16
25
35
37
28
28
26
28
25
27
41
53
57
51
38
29
18
3
-3
-8
-3
-4
-10
-13
-16
-23
-35
-56
-68
-74
-80
-85
-90
-84
-78
-78
-80
-80
-79
-76
-84
-87
-89
-86
-77
-65
-52
-42
-45
-52
-60
-58
-52
-47
-43
-45
-47
-46
-37
-29
-19
-14
-24
-27
-34
-23
-19
-17
-19
-16
-16
-20
-23
-27
-27
-30
-37
-45
-46
-48
-43
-38
-37
-46
-47
-58
-56
-54
-44
-29
-4
20
28
11
-9
2
29
64
78
71
54
35
33
39
59
73
77
63
42
17
4
-2
3
1
4
27
68
107
117
114
99
105
82
68
56
80
91
87
69
90
114
130
103
70
53
33
14
-2
17
46
54
28
6
-3
5
-11
-32
-51
-57
-65
-85
-88
-71
-40
-38
-56
-69
-62
-64
-70
-79
-62
-41
-32
-29
-19
9
22
18
10
14
18
23
17
25
42
63
70
66
56
66
73
79
72
60
50
40
41
49
69
72
56
31
19
15
10
4
3
-2
-5
-21
-21
-14
-2
2
-7
-14
-17
-18
-15
-13
-8
-3
1
1
2
1
-1
-10
-14
-21
-19
-18
-20
-24
-28
-30
-37
-43
-45
-48
-54
-67
-79
-83
-84
-87
-90
-90
-89
-91
-93
-94
-96
-95
-96
-97
-92
-85
-77
-71
-63
-57
-52
-47
-45
-43
-37
-33
-29
-31
-27
-24
-20
-19
-15
-14
-18
-25
-32
-31
-29
-29
-34
-42
-48
-55
-62
-59
-62
-64
-73
-68
-42
13
46
61
39
44
50
41
30
30
58
75
58
39
64
96
114
82
69
55
46
17
3
16
43
34
14
4
13
21
11
-11
-23
-22
-36
-51
-53
-32
-5
-7
-16
-19
-5
2
-1
-12
8
20
18
16
28
52
66
65
63
68
75
64
54
59
66
71
64
60
57
66
62
57
52
49
41
29
17
17
23
23
16
1
2
-3
-7
-17
-21
-25
-28
-42
-41
-36
-25
-26
-32
-32
-31
-29
-30
-30
-28
-26
-31
-32
-30
-23
-20
-20
-26
-27
-29
-28
-31
-31
-29
-31
-33
-35
-33
-27
-25
-30
-34
-38
-39
-45
-49
-48
-47
-50
-53
-56
-54
-55
-59
-59
-58
-57
-62
-65
-63
-58
-50
-44
-41
-41
-43
-40
-34
-26
-22
-25
-34
-30
-20
-5
-5
-12
-22
-28
-26
-23
-18
-12
-24
-39
-55
-58
-53
-48
-54
-64
-70
-65
-50
-20
30
60
72
58
63
93
108
108
91
96
104
107
102
124
150
164
136
116
107
106
92
69
63
61
57
41
33
38
48
37
24
3
2
-12
-28
-40
-43
-26
-20
-26
-25
-20
-17
-17
-25
-13
-4
-3
-14
-19
-7
7
14
17
22
24
18
3
1
6
13
6
0
-5
-1
3
6
10
11
10
5
-2
-3
2
3
4
-4
-7
-6
-3
-6
-9
-13
-16
-23
-27
-23
-16
-14
-20
-21
-17
-10
-5
-1
-1
-3
-8
-11
-7
2
5
9
9
7
6
7
10
12
11
8
6
6
9
10
12
11
12
11
11
8
3
-1
-3
-7
-14
-17
-19
-19
-21
-23
-24
-24
-28
-32
-34
-34
-36
-39
-40
-38
-34
-31
-29
-29
-29
-30
-32
-33
-33
-30
-26
-25
-26
-27
-29
-29
-29
-31
-31
-33
-37
-43
-46
-45
-47
-52
-51
-51
-53
-60
-64
-62
-52
-33
-10
4
15
6
16
25
28
23
16
21
25
16
14
28
42
50
39
37
34
25
10
6
6
7
1
-11
-11
-6
-4
-4
-11
-17
-23
-35
-39
-45
-43
-34
-36
-38
-39
-32
-27
-25
-24
-18
-16
-21
-25
-21
-9
1
2
2
7
7
12
11
19
20
13
9
10
12
20
23
27
33
34
35
36
34
34
31
26
25
18
18
14
13
15
16
17
16
9
5
3
2
2
3
7
10
9
9
12
15
19
17
16
16
13
10
10
12
16
16
16
16
17
18
15
11
7
3
0
-2
-6
-7
-10
-14
-18
-19
-20
-22
-27
-36
-42
-45
-46
-47
-47
-46
-47
-47
-46
-45
-43
-45
-46
-45
-43
-43
-41
-38
-33
-30
-28
-26
-25
-22
-20
-20
-24
-24
-23
-16
-13
-12
-15
-12
-13
-15
-18
-18
-21
-25
-28
-29
-27
-26
-24
-22
-18
-18
-7
8
19
26
20
25
27
23
23
21
28
26
18
14
24
27
26
17
21
22
22
9
5
6
12
13
10
13
13
11
7
8
10
14
5
-1
-6
-3
2
2
6
9
12
11
12
11
20
22
21
20
24
27
34
34
38
44
45
45
41
45
46
45
42
43
41
42
41
40
42
44
42
38
32
27
28
19
11
0
-6
-11
-16
-21
-19
-23
-29
-40
-43
-41
-41
-42
-43
-44
-44
-45
-42
-33
-27
-25
-26
-25
-24
-24
-20
-12
-7
-6
-6
-3
1
6
9
13
16
15
13
11
12
13
13
14
12
11
9
6
3
1
-3
-5
-9
-12
-15
-17
-22
-24
-27
-31
-34
-35
-36
-39
-44
-48
-50
-51
-52
-50
-48
-51
-54
-57
-56
-51
-51
-53
-56
-59
-63
-60
-54
-52
-55
-58
-62
-64
-64
-62
-61
-65
-70
-72
-67
-62
-56
-49
-44
-36
-24
-13
1
0
15
13
6
-2
4
16
24
16
14
19
19
18
17
29
34
34
21
19
12
18
23
26
33
30
22
16
14
15
22
19
17
3
2
5
6
7
14
16
16
14
10
14
18
23
23
26
30
35
34
36
39
42
44
43
45
47
44
40
40
41
46
45
45
41
39
35
35
34
32
30
23
19
10
2
-1
-4
-9
-10
-18
-18
-25
-34
-36
-34
-30
-32
-34
-33
-34
-37
-34
-30
-23
-23
-24
-25
-22
-24
-20
-17
-13
-11
-11
-10
-8
-6
-3
0
-2
1
-2
-1
-2
-2
-1
3
4
6
5
3
-2
-2
-1
2
0
-2
-5
-8
-6
-5
1
2
-1
-6
-7
-8
-9
-9
-4
-3
-5
-7
-5
-2
-2
-2
-1
-2
-7
-13
-14
-10
-8
-11
-18
-19
-21
-23
-27
-26
-25
-21
-16
-4
7
17
27
33
37
35
33
37
36
35
33
34
38
41
39
43
45
41
29
19
16
14
8
6
3
-1
-5
-8
-11
-11
-16
-22
-28
-37
-43
-47
-48
-47
-48
-44
-42
-43
-46
-45
-44
-40
-39
-40
-37
-34
-33
-27
-20
-16
-12
-14
-14
-14
-12
-11
-11
-9
-9
-10
-10
-8
-8
-5
-7
-8
-10
-11
-14
-13
-13
-14
-12
-10
-8
-8
-10
-10
-15
-18
-21
-21
-20
-18
-19
-19
-17
-18
-17
-13
-10
-9
-9
-9
-8
-5
1
6
9
10
11
10
13
14
17
17
15
14
13
13
16
15
14
12
10
9
9
8
4
-2
-3
-3
-2
-2
-4
-7
-12
-16
-17
-13
-13
-15
-17
-16
-16
-17
-18
-16
-14
-14
-17
-18
-14
-14
-13
-12
-12
-14
-17
-19
-21
-23
-26
-29
-28
-28
-25
-22
-11
-4
9
18
24
25
22
20
17
17
20
24
28
30
27
26
29
28
24
17
11
2
-4
-8
-6
-3
-5
-10
-16
-22
-27
-29
-30
-34
-41
-44
-45
-42
-39
-36
-35
-36
-40
-39
-34
-29
-25
-24
-21
-16
-10
-4
3
7
8
7
7
13
19
24
26
28
29
31
34
36
37
36
32
30
29
30
31
32
29
25
22
21
19
19
18
16
17
14
16
17
13
10
8
6
5
1
3
2
0
1
1
3
5
2
-1
-1
-1
2
4
7
7
8
7
8
7
10
10
8
6
4
3
5
4
3
4
2
-2
-5
-5
-6
-6
-5
-4
-3
-5
-8
-9
-9
-10
-11
-10
-12
-14
-17
-17
-16
-16
-16
-19
-22
-25
-28
-28
-30
-31
-31
-32
-32
-34
-33
-31
-30
-27
-26
-23
-19
-16
-12
-8
-6
-3
-5
-5
-6
-4
1
4
5
5
4
3
1
-2
-4
-7
-11
-13
-13
-16
-16
-19
-21
-24
-26
-27
-28
-30
-32
-32
-32
-30
-29
-27
-26
-25
-26
-23
-20
-14
-10
-5
-2
0
4
7
10
12
16
18
20
21
22
26
27
28
30
29
28
27
25
26
26
26
25
23
19
16
15
17
17
13
10
7
6
5
10
11
10
7
3
4
5
6
9
8
4
2
-1
3
6
6
4
0
-4
-4
-1
4
3
3
1
-1
-1
0
2
1
-1
-4
-5
-5
-6
-6
-7
-11
-13
-16
-18
-19
-21
-23
-26
-27
-29
-30
-31
-34
-36
-38
-39
-38
-38
-38
-38
-38
-39
-38
-38
-39
-41
-43
-44
-44
-44
-42
-45
-47
-48
-48
-46
-47
-47
-45
-36
-20
-11
-4
-9
-5
-1
-3
-1
10
19
24
19
21
30
27
23
19
22
21
14
16
24
25
18
13
8
4
-2
0
4
5
-1
-3
-7
-8
-10
-9
-9
-11
-15
-13
-8
-7
-1
-1
1
-5
-7
-1
6
10
14
15
16
16
13
18
22
23
22
22
23
25
25
26
26
24
21
20
19
22
21
21
21
16
14
12
10
10
10
8
7
4
3
2
2
1
-3
-5
-4
-4
-2
2
1
-1
-4
-5
-4
-1
3
5
4
0
1
1
3
4
5
3
6
5
6
7
6
8
5
1
2
1
-3
-2
-6
-6
-9
-14
-15
-19
-21
-24
-25
-24
-27
-30
-32
-37
-39
-38
-36
-33
-35
-36
-38
-39
-37
-35
-32
-31
-31
-32
-31
-27
-24
-19
-16
-16
-17
-17
-14
-11
-7
-4
-3
-3
-5
-4
0
2
4
5
5
3
2
2
4
4
3
3
1
-3
0
-3
1
-1
-2
-1
-2
1
12
16
23
18
18
16
14
13
21
26
32
26
27
27
23
18
19
17
21
17
20
21
21
14
11
7
8
4
6
7
9
4
3
-1
-2
-5
-4
-7
-4
-8
-6
-5
-4
-5
-7
-9
-10
-11
-8
-5
-3
-2
-4
-7
-7
-7
-6
-4
-2
-1
-2
-3
-2
-3
-1
-2
-4
-4
-4
-4
-3
-3
-3
-6
-8
-9
-10
-11
-12
-13
-16
-17
-17
-19
-18
-21
-23
-24
-25
-25
-24
-24
-25
-27
-29
-30
-30
-28
-27
-26
-27
-29
-31
-28
-27
-24
-24
-24
-25
-25
-23
-20
-17
-15
-17
-18
-17
-17
-15
-12
-11
-10
-10
-10
-8
-6
-5
-4
-3
-3
-3
-2
-1
2
2
0
0
1
3
4
6
6
5
5
5
6
7
7
5
5
4
5
6
7
8
6
5
3
3
4
5
5
4
4
4
3
4
5
4
5
4
5
3
3
3
3
4
4
4
3
3
3
3
3
4
5
5
4
4
4
4
6
6
6
5
4
4
5
6
6
5
5
4
5
6
6
5
4
4
4
4
4
4
3
1
1
1
2
0
-1
-2
-3
-4
-4
-5
-6
-8
-8
-9
-10
-10
-11
-11
-12
-12
-12
-12
-13
-14
-15
-15
-14
-14
-15
-16
-17
-17
-16
-15
-14
-15
-15
-16
-16
-15
-13
-12
-13
-13
-13
-13
-11
-10
-8
-8
-8
-8
-7
-5
-5
-5
-5
-5
-4
-3
-1
0
-1
-2
-2
0
2
3
3
2
1
-1
2
4
5
4
3
2
1
2
4
4
5
3
2
3
2
4
3
4
2
2
2
1
1
1
1
1
1
2
2
1
1
1
1
1
1
-1
-1
-1
-1
-2
-2
-1
-2
-2
-2
-2
-2
-2
-2
-3
-3
-2
-4
-4
-5
-3
-3
-2
-2
-3
-4
-4
-4
-2
-1
-1
-3
-5
-4
-4
-3
-3
-4
-6
-8
-9
-8
-7
-6
-7
-8
-10
-11
-11
-9
-9
-9
-9
-10
-12
-12
-13
-11
-12
-12
-12
-14
-14
-15
-14
-15
-15
-15
-15
-15
-16
-16
-15
-15
-14
-13
-13
-14
-14
-15
-15
-15
-14
-15
-15
-16
-16
-15
-14
-13
-13
-13
-13
-13
-12
-12
-11
-11
-11
-11
-10
-9
-9
-10
-10
-9
-9
-9
-9
-10
-10
-10
-9
-8
-8
-8
-7
-6
-5
-6
-5
-5
-5
-5
-5
-5
-4
-4
-4
-5
-5
-4
-3
-3
-3
-3
-3
-3
-2
-2
-1
-2
-2
-2
-2
-1
-2
-2
-1
0
1
0
-1
-1
-1
-1
-1
1
1
1
2
2
2
1
2
3
2
2
2
2
2
2
1
1
2
3
2
2
3
2
3
4
4
5
4
3
3
3
4
4
4
3
3
3
4
4
4
4
4
4
5
5
5
4
3
3
4
4
4
3
3
2
4
4
3
3
3
3
2
3
3
3
2
1
2
3
4
4
2
1
0
2
2
2
1
-1
-1
-2
-2
1
2
1
1
-1
0
-1
0
1
3
3
3
1
0
-1
1
-1
0
-1
0
0
-2
-1
0
0
-1
-1
1
0
-1
-2
-1
1
1
0
-1
0
-1
0
-1
-1
0
1
-1
-1
-2
-1
-2
-3
-2
-1
1
1
1
0
-2
-1
-1
0
1
-1
-1
-1
-3
-3
-2
-2
-2
-2
-3
-2
-3
-3
-2
-3
-3
-2
-2
-3
-3
-2
-3
-3
-4
-4
-4
-5
-5
-5
-6
-6
-6
-5
-5
-6
-6
-6
-6
-6
-5
-5
-8
-8
-6
-7
-8
-7
-6
-8
-11
-8
-7
-9
-11
-9
-8
-11
-12
-9
-8
-12
-10
-10
-11
-10
-9
-10
-11
-10
-11
-11
-11
-11
-10
-11
-12
-11
-10
-10
-11
-11
-11
-12
-11
-9
-8
-10
-10
-10
-10
-9
-8
-8
-9
-10
-9
-10
-8
-7
-7
-8
-8
-8
-8
-8
-7
-8
-8
-8
-7
-6
-5
-5
-6
-5
-5
-5
-5
-5
-5
-7
-6
-7
-5
-5
-5
-6
-6
-7
-6
-7
-5
-6
-7
-7
-7
-6
-5
-5
-5
-6
-6
-6
-6
-6
-7
-6
-6
-5
-5
-4
-3
-3
-3
-4
-3
-3
-3
-3
-3
-2
-2
-2
-3
-2
-2
-2
-2
-3
-2
-3
-3
-2
-1
-3
-4
-3
-3
-2
-1
-1
-1
-1
-1
-3
-2
-1
-1
-1
1
0
0
1
1
0
-1
0
0
1
1
0
0
1
0
1
1
1
-1
-2
-1
-1
1
2
1
2
1
1
0
1
2
1
1
-1
0
0
1
0
-1
-1
-1
0
-1
-1
-1
-1
-2
-2
-1
-1
-1
1
-2
-1
-1
-1
1
-1
-2
-2
-3
-2
-2
-2
-2
-2
-2
-3
-3
-4
-5
-4
-4
-2
-3
-4
-4
-5
-5
-6
-5
-5
-5
-5
-5
-7
-6
-6
-6
-5
-5
-7
-6
-6
-6
-5
-6
-6
-6
-6
-7
-6
-6
-6
-6
-6
-7
-6
-7
-7
-6
-7
-5
-5
-5
-5
-5
-4
-4
-4
-4
-4
-4
-4
-5
-4
-2
-2
-2
-4
-4
-2
-2
-2
-3
-3
-3
-4
-2
-1
-2
-3
-4
-4
-3
-1
-3
-3
-3
-4
-4
-5
-5
-4
-6
-6
-6
-5
-5
-6
-6
-6
-6
-7
-6
-6
-7
-8
-8
-7
-7
-9
-7
-9
-8
-7
-8
-8
-7
-8
-9
-8
-7
-7
-6
-7
-9
-8
-10
-9
-8
-8
-8
-8
-9
-9
-8
-10
-8
-4
-12
-5
-8
-4
-12
-10
-7
-9
-9
-9
-8
-10
-12
-11
-8
-9
-9
-11
-8
-9
-10
-7
-11
-9
-8
-9
-10
-8
-8
-11
-9
-11
-11
-11
-11
-10
-10
-11
-11
-10
-10
-11
-10
-9
-9
-10
-10
-10
-10
-10
-10
-11
-9
-9
-9
-9
-9
-9
-9
-8
-7
-6
-6
-6
-7
-5
-5
-5
-5
-5
-5
-5
-6
-5
-6
-5
-5
-6
-6
-6
-6
-6
-6
-5
-6
-5
-6
-5
-5
-5
-5
-5
-5
-5
-5
-5
-5
-6
-5
-5
-4
-4
-5
-6
-6
-6
-5
-5
-4
-4
-4
-4
-4
-3
-3
-2
-2
-2
-1
-2
-1
-1
-1
-1
0
1
0
0
-1
-1
0
1
1
0
-1
-2
-1
-1
-1
0
-1
-2
-2
-1
-1
-1
-1
-1
-2
-1
0
0
-1
-1
-1
-2
-1
-1
-1
-2
-2
-2
-2
-1
-1
-1
-1
-1
-1
0
-1
-1
-2
-2
-3
-2
-1
-1
-1
-1
-2
-2
-1
-1
-1
-1
-1
-1
-1
-1
1
-1
-1
-2
-2
-1
-1
-1
-2
-3
-2
-2
-2
-1
0
0
1
2
2
4
4
5
5
6
7
6
6
6
5
6
4
5
3
3
2
0
-1
-1
-2
-2
-3
-3
-3
-4
-3
-4
-3
-3
-3
-2
-2
0
-1
0
1
2
3
2
3
3
3
3
2
3
3
3
3
2
2
1
1
1
0
0
-1
-2
-3
-3
-3
-4
-5
-5
-5
-6
-6
-6
-7
-8
-7
-7
-7
-7
-7
-8
-8
-7
-6
-6
-7
-7
-7
-8
-7
-8
-9
-10
-11
-12
-13
-15
-14
-16
-17
-17
-17
-18
-18
-17
-13
-11
-9
-6
-5
-4
-1
2
4
5
5
4
5
5
5
4
1
-1
-3
-4
-6
-8
-10
-12
-13
-14
-14
-15
-17
-18
-18
-18
-18
-17
-18
-17
-17
-15
-14
-12
-10
-10
-8
-8
-7
-6
-5
-5
-6
-6
-5
-6
-6
-6
-6
-7
-7
-6
-7
-9
-10
-11
-11
-11
-12
-12
-13
-13
-13
-13
-12
-11
-10
-10
-9
-9
-8
-8
-7
-6
-6
-4
-4
-3
-3
-3
-4
-3
-3
-2
-2
-4
-6
-5
-5
-5
-5
-7
-8
-8
-8
-7
-7
-8
-9
-9
-8
-7
-7
-9
-7
-7
-6
-6
-6
-6
-5
-5
-4
-5
-4
-5
-4
-5
-4
-4
-3
-4
-4
-5
-4
-5
-4
-5
-5
-5
-4
-4
-5
-5
-6
-4
-4
-3
-4
-4
-4
-4
-2
-2
-3
-3
-3
-2
-1
-1
0
-1
-1
-1
1
2
3
3
1
1
2
4
5
5
5
5
5
5
6
6
6
6
6
6
7
7
6
5
5
6
6
5
3
2
2
2
3
2
2
2
1
1
2
3
3
2
1
2
3
2
3
3
2
3
2
2
2
2
3
2
3
2
2
1
1
1
0
-1
-2
-2
-2
-2
-3
-4
-4
-4
-5
-5
-6
-6
-6
-6
-6
-6
-6
-6
-6
-7
-6
-6
-6
-7
-6
-6
-7
-7
-7
-7
-7
-7
-7
-7
-8
-8
-10
-10
-11
-11
-14
-14
-16
-17
-14
-10
-10
-7
-8
-3
-1
3
7
10
12
13
13
15
14
15
14
13
9
9
6
4
-2
-2
-4
-6
-9
-10
-12
-15
-16
-15
-17
-17
-17
-17
-18
-17
-14
-13
-12
-10
