31
30
32
29
31
32
30
32
30
31
31
31
30
31
31
28
30
29
30
33
31
32
29
30
31
30
31
28
31
30
29
31
28
31
28
28
29
30
31
29
30
28
29
30
28
30
27
29
30
28
31
28
30
27
28
29
28
31
28
28
29
28
29
27
29
26
27
28
27
28
26
26
27
27
28
26
29
26
25
28
26
29
27
27
27
26
28
26
28
26
26
28
26
27
25
26
25
24
25
25
27
26
26
25
25
27
26
27
25
25
26
26
27
24
26
27
26
27
26
26
25
25
25
25
27
25
27
24
23
26
25
27
23
24
24
25
26
23
25
22
23
23
22
23
21
23
23
24
24
22
25
21
20
22
23
24
22
22
21
21
22
21
22
20
21
21
21
23
21
23
20
21
23
22
24
21
23
21
23
23
22
23
20
22
23
22
24
21
24
22
22
22
20
24
21
21
22
22
23
21
23
21
22
23
22
24
21
21
22
22
24
21
23
20
22
22
21
24
21
22
21
21
24
22
23
20
21
24
22
23
21
23
22
22
23
21
24
21
21
21
22
24
22
23
21
21
24
22
23
21
23
24
23
26
23
24
23
24
26
25
27
25
25
26
25
27
27
27
25
25
27
27
28
27
28
28
28
28
28
30
28
29
29
28
30
28
29
27
28
30
30
30
28
29
31
30
31
28
30
29
29
30
28
30
28
30
29
28
29
29
30
27
28
29
29
30
28
30
27
28
29
28
29
27
29
28
28
28
27
28
26
26
27
27
29
26
27
27
27
28
26
27
24
26
26
26
27
24
27
24
24
25
24
26
24
25
24
24
26
23
24
22
24
25
24
26
23
25
26
26
26
23
26
23
24
25
25
27
25
25
24
24
26
24
25
23
24
24
23
24
21
23
22
22
24
21
25
22
22
22
22
24
22
23
21
20
22
21
23
20
20
21
20
21
19
21
19
20
20
20
22
19
21
19
18
21
19
19
16
17
18
17
19
16
17
16
16
17
16
18
16
17
17
15
17
15
17
14
14
16
16
16
13
14
15
14
15
14
14
13
13
13
12
14
13
15
13
13
14
14
16
13
14
14
14
16
15
15
12
15
16
16
17
14
16
17
15
16
16
16
15
15
16
16
17
15
16
15
16
16
15
17
15
16
16
15
17
14
17
14
16
16
16
17
14
15
14
15
16
15
15
12
14
15
14
15
12
15
14
14
15
13
16
13
13
15
14
17
13
14
12
12
14
13
14
12
13
15
14
16
13
16
14
14
15
14
15
13
14
15
13
16
13
15
12
12
15
14
16
13
15
15
13
14
13
16
13
15
16
14
16
14
16
15
14
17
15
17
15
16
17
16
18
15
16
15
15
16
15
17
15
16
15
14
16
14
16
14
13
16
15
16
13
15
14
14
15
14
15
14
13
14
13
15
14
15
13
13
14
13
14
11
13
13
13
14
12
13
11
12
13
12
14
11
13
12
11
12
12
13
10
10
10
11
13
11
11
9
11
11
10
11
8
11
10
10
12
9
11
9
9
10
11
12
9
11
10
10
11
9
10
8
9
10
10
11
8
10
9
9
9
7
10
6
7
9
8
10
7
8
6
6
8
7
9
6
8
7
5
8
6
7
4
4
5
5
6
4
5
5
4
6
4
5
2
2
4
4
5
2
3
2
2
4
2
4
2
3
3
2
4
2
3
1
1
3
1
4
0
2
3
1
3
-1
1
-1
-1
-1
-1
1
-1
1
-1
-2
1
-1
0
-2
-2
-1
-2
1
-3
-2
-2
-3
-1
-3
-1
-3
-3
-2
-3
-1
-4
-2
-5
-5
-3
-4
-2
-4
-3
-4
-4
-3
-5
-3
-4
-4
-4
-4
-3
-6
-4
-6
-6
-5
-6
-4
-7
-7
-6
-5
-5
-8
-7
-9
-8
-8
-8
-7
-10
-8
-9
-11
-10
-12
-10
-13
-13
-12
-13
-12
-15
-14
-15
-15
-14
-16
-15
-16
-15
-16
-15
-14
-16
-14
-16
-17
-16
-16
-14
-16
-16
-16
-15
-13
-16
-15
-18
-16
-15
-16
-13
-16
-13
-14
-13
-12
-13
-11
-13
-13
-12
-13
-10
-12
-10
-11
-11
-9
-12
-8
-10
-9
-6
-7
-6
-8
-5
-6
-6
-5
-5
-2
-4
-4
-4
-5
-1
-3
-1
-4
-4
-1
-3
-1
-3
-3
-1
-3
-1
-2
-1
-3
-3
-2
-3
-2
-4
-4
-6
-7
-5
-7
-5
-9
-10
-9
-11
-9
-13
-12
-14
-14
-13
-16
-16
-18
-17
-19
-20
-19
-23
-21
-25
-27
-25
-26
-25
-28
-28
-30
-30
-29
-31
-30
-33
-33
-33
-32
-32
-33
-31
-34
-33
-33
-33
-32
-35
-33
-33
-33
-31
-33
-31
-32
-32
-31
-31
-29
-31
-29
-30
-29
-28
-28
-26
-28
-27
-25
-23
-21
-23
-20
-20
-18
-15
-14
-12
-12
-9
-6
-3
1
-1
5
5
6
9
11
14
14
18
18
20
23
23
25
23
25
27
27
28
26
27
26
25
25
22
23
19
16
17
14
15
11
10
5
3
4
0
-2
-7
-9
-11
-16
-18
-25
-27
-33
-37
-40
-45
-48
-55
-60
-65
-69
-71
-76
-78
-85
-87
-88
-91
-91
-96
-95
-96
-97
-97
-100
-97
-100
-99
-99
-99
-97
-100
-98
-100
-98
-95
-94
-93
-94
-91
-90
-89
-86
-88
-86
-85
-84
-83
-82
-79
-80
-78
-77
-77
-73
-73
-69
-69
-66
-61
-58
-54
-51
-44
-41
-34
-26
-21
-12
-7
1
8
15
23
28
35
39
44
49
54
57
58
60
62
63
65
62
62
58
58
59
55
54
50
48
45
42
38
34
33
26
23
21
19
17
12
10
7
6
6
3
3
-1
-1
-2
-4
-3
-6
-5
-10
-12
-13
-16
-16
-23
-26
-31
-35
-39
-45
-47
-52
-54
-56
-58
-59
-65
-64
-67
-72
-73
-78
-79
-85
-89
-93
-98
-99
-105
-107
-113
-117
-117
-120
-120
-125
-125
-127
-130
-130
-133
-132
-136
-137
-136
-138
-138
-142
-143
-144
-146
-145
-149
-149
-153
-154
-153
-154
-152
-155
-152
-150
-148
-146
-143
-137
-134
-128
-120
-112
-100
-92
-80
-70
-55
-37
-22
-6
6
23
40
53
68
75
88
94
99
105
108
112
112
113
112
109
108
106
105
102
101
99
94
91
85
84
78
71
67
60
57
46
41
32
24
18
10
3
-8
-14
-19
-23
-28
-32
-32
-33
-33
-32
-33
-30
-30
-26
-24
-24
-21
-22
-22
-23
-24
-24
-28
-32
-38
-41
-45
-49
-51
-56
-56
-59
-59
-59
-62
-62
-67
-67
-71
-74
-77
-84
-86
-94
-99
-101
-105
-109
-117
-121
-126
-130
-135
-140
-144
-151
-154
-158
-164
-168
-174
-176
-181
-186
-187
-193
-192
-198
-200
-201
-202
-201
-203
-201
-202
-200
-196
-191
-182
-179
-171
-164
-155
-141
-130
-114
-103
-88
-69
-50
-27
-7
14
32
53
76
90
105
115
127
135
139
142
141
143
141
139
134
127
125
119
116
110
104
99
90
86
79
75
67
58
53
42
34
25
15
7
-5
-12
-23
-32
-39
-44
-45
-52
-55
-57
-55
-51
-49
-44
-43
-37
-31
-25
-18
-18
-14
-11
-9
-8
-10
-10
-16
-20
-27
-33
-41
-48
-50
-56
-58
-58
-56
-53
-54
-53
-55
-58
-60
-68
-72
-82
-90
-98
-105
-110
-118
-123
-133
-139
-144
-151
-157
-168
-178
-186
-194
-199
-209
-213
-221
-224
-226
-231
-233
-240
-241
-245
-249
-252
-255
-254
-255
-252
-245
-241
-231
-222
-210
-198
-185
-169
-154
-134
-116
-93
-73
-54
-30
-6
24
47
70
92
114
137
150
165
176
188
195
196
198
195
194
191
184
178
164
159
150
139
133
121
111
95
83
75
64
51
34
23
11
-4
-14
-27
-40
-55
-65
-76
-86
-90
-94
-93
-98
-95
-87
-78
-65
-56
-41
-31
-19
-4
9
21
27
36
45
49
53
52
55
52
47
45
32
24
7
-7
-21
-34
-44
-49
-49
-49
-47
-42
-40
-39
-44
-50
-61
-78
-91
-110
-123
-139
-150
-159
-167
-174
-183
-189
-199
-208
-218
-229
-239
-251
-259
-262
-266
-267
-271
-268
-270
-269
-269
-272
-275
-280
-282
-284
-287
-283
-278
-268
-260
-243
-222
-200
-174
-152
-125
-98
-63
-27
3
31
56
87
118
148
174
189
208
223
236
245
247
253
253
248
245
237
236
229
222
211
198
183
172
159
141
127
106
85
65
44
33
10
-14
-33
-51
-64
-86
-100
-114
-129
-137
-146
-153
-157
-148
-135
-124
-110
-97
-70
-45
-18
8
29
52
69
92
109
118
128
132
135
135
133
131
123
118
108
98
83
71
58
39
20
-6
-29
-49
-66
-77
-94
-108
-119
-123
-123
-128
-130
-141
-151
-160
-172
-183
-199
-210
-218
-226
-234
-243
-246
-251
-256
-262
-272
-279
-286
-287
-294
-299
-301
-300
-296
-295
-293
-292
-291
-289
-287
-284
-284
-282
-275
-266
-252
-235
-212
-186
-155
-119
-86
-49
-12
38
84
122
152
179
219
251
279
295
300
312
319
324
318
310
307
295
283
266
246
234
221
203
180
156
131
112
91
74
49
16
-11
-38
-56
-72
-100
-124
-150
-162
-169
-181
-185
-191
-186
-172
-161
-142
-115
-79
-41
-4
34
75
119
163
201
224
241
255
263
269
261
246
225
202
183
155
130
100
73
50
23
-1
-22
-37
-50
-65
-82
-103
-116
-126
-132
-144
-160
-170
-182
-183
-185
-189
-192
-198
-194
-193
-192
-188
-190
-186
-187
-189
-193
-200
-205
-210
-218
-236
-253
-265
-276
-284
-299
-315
-332
-343
-350
-357
-364
-376
-378
-376
-373
-363
-352
-330
-306
-272
-228
-189
-138
-85
-30
25
81
146
206
268
313
351
394
432
468
486
490
486
478
468
444
415
383
346
303
260
214
170
133
92
57
14
-22
-54
-91
-106
-125
-147
-165
-189
-193
-192
-187
-182
-181
-163
-140
-114
-82
-47
-8
43
96
146
196
247
301
348
385
410
414
422
415
388
352
297
237
175
112
48
-24
-81
-133
-173
-199
-216
-225
-225
-211
-196
-173
-149
-127
-102
-79
-57
-46
-33
-20
-15
-7
-6
-11
-13
-14
-15
-27
-39
-52
-68
-82
-104
-125
-151
-175
-202
-233
-263
-296
-322
-347
-371
-396
-423
-436
-445
-440
-436
-438
-428
-420
-401
-374
-351
-329
-312
-287
-262
-229
-193
-154
-110
-65
-12
40
87
133
182
253
316
367
394
405
436
460
479
468
426
385
342
299
243
179
117
66
15
-36
-75
-102
-104
-102
-87
-76
-73
-48
-16
26
69
88
106
123
155
192
213
229
234
247
268
283
294
313
338
358
368
360
352
344
335
310
251
181
101
29
-36
-118
-203
-282
-346
-385
-413
-419
-418
-397
-356
-309
-259
-205
-142
-75
-14
31
60
86
111
137
148
147
131
108
102
90
76
56
32
14
-9
-28
-50
-70
-84
-106
-129
-160
-187
-200
-205
-211
-230
-254
-276
-287
-290
-297
-304
-322
-333
-336
-331
-324
-317
-303
-295
-282
-271
-258
-239
-233
-229
-232
-236
-220
-195
-152
-110
-65
-22
30
104
181
259
319
352
364
370
379
372
353
314
260
196
130
81
41
16
-8
-36
-56
-68
-50
-10
39
86
116
149
182
219
259
292
310
308
300
292
292
305
315
321
318
312
312
321
338
348
355
350
327
299
269
242
203
155
95
25
-40
-93
-133
-162
-189
-214
-236
-243
-238
-219
-189
-165
-148
-131
-113
-98
-80
-63
-61
-66
-77
-87
-96
-97
-95
-101
-106
-114
-114
-99
-79
-61
-55
-38
-23
-17
-1
13
11
-7
-26
-55
-89
-114
-137
-167
-198
-220
-235
-244
-251
-250
-244
-246
-245
-239
-231
-218
-210
-198
-198
-199
-193
-192
-186
-188
-193
-195
-185
-149
-93
-38
27
93
189
290
358
381
378
387
387
340
254
148
56
-7
-74
-154
-230
-268
-272
-264
-250
-227
-190
-129
-61
6
67
105
154
204
260
299
311
321
331
358
378
370
361
355
359
359
333
296
274
263
245
215
183
168
178
200
209
197
205
227
262
287
279
261
244
231
214
178
140
97
65
42
11
-11
-27
-28
-26
-37
-61
-89
-110
-132
-158
-198
-251
-289
-309
-317
-331
-341
-338
-320
-290
-263
-233
-209
-179
-149
-138
-140
-147
-145
-138
-138
-148
-165
-167
-158
-152
-156
-175
-196
-214
-230
-256
-285
-304
-307
-293
-279
-262
-230
-183
-132
-90
-63
-47
-35
-22
-30
-63
-103
-107
-63
13
100
174
252
353
472
566
610
596
535
451
341
208
60
-87
-209
-319
-394
-439
-435
-383
-301
-212
-139
-71
1
69
131
161
158
151
148
161
174
188
203
224
255
280
302
317
323
313
288
245
192
149
114
91
88
105
148
211
298
387
473
550
597
617
599
550
472
372
263
139
32
-50
-102
-116
-104
-63
-11
62
137
190
221
218
192
140
70
-15
-103
-181
-250
-294
-319
-326
-313
-289
-259
-244
-236
-242
-265
-302
-357
-420
-477
-521
-549
-557
-540
-508
-461
-406
-355
-321
-303
-286
-280
-287
-293
-310
-323
-312
-278
-227
-171
-126
-96
-68
-45
-30
-32
-62
-109
-136
-97
4
136
269
386
516
652
769
821
787
700
569
412
238
60
-95
-196
-242
-255
-226
-156
-45
88
210
287
312
310
292
252
187
95
5
-63
-86
-85
-69
-41
-21
5
23
24
-3
-38
-77
-129
-175
-211
-213
-162
-65
70
219
377
535
685
810
867
853
773
639
469
274
85
-85
-208
-278
-286
-224
-108
55
230
390
518
601
645
626
552
430
280
131
-6
-108
-176
-201
-188
-153
-95
-38
15
42
36
1
-67
-142
-228
-314
-394
-468
-526
-568
-582
-591
-603
-633
-683
-738
-799
-851
-898
-930
-938
-916
-841
-729
-587
-429
-273
-139
-42
29
67
62
10
-83
-203
-300
-308
-206
-34
164
316
457
620
778
896
910
820
657
458
277
119
22
-23
-20
11
71
190
338
494
615
652
617
549
465
389
334
273
216
184
191
242
301
337
313
233
107
-65
-261
-458
-639
-801
-918
-956
-905
-752
-507
-232
52
308
535
723
841
856
773
618
416
207
34
-95
-172
-205
-181
-112
5
136
264
353
383
371
336
290
242
189
149
123
130
166
224
291
337
354
338
291
225
141
56
-31
-105
-149
-157
-127
-79
-27
9
16
-4
-68
-168
-317
-495
-683
-868
-1020
-1150
-1237
-1281
-1279
-1237
-1170
-1079
-971
-866
-772
-697
-630
-576
-517
-456
-413
-385
-322
-145
121
399
613
713
780
837
865
817
645
413
183
-9
-137
-194
-156
-40
119
276
427
594
753
873
925
881
773
655
559
534
540
551
579
626
701
778
809
765
638
453
226
-13
-248
-442
-573
-650
-671
-626
-503
-320
-135
-7
48
59
16
-64
-185
-320
-459
-567
-616
-581
-467
-302
-93
104
277
409
503
559
531
457
330
206
90
16
-18
-34
-24
-7
36
84
120
143
141
142
123
110
111
146
194
242
303
355
395
411
405
360
276
172
59
-51
-164
-263
-349
-422
-488
-552
-611
-665
-711
-758
-811
-865
-921
-969
-1008
-1041
-1074
-1096
-1115
-1144
-1178
-1166
-1023
-744
-421
-137
49
247
504
778
935
847
688
507
371
232
76
0
-29
-4
-4
34
157
314
452
471
482
511
597
682
780
877
994
1111
1166
1196
1201
1166
1022
764
483
248
77
-86
-189
-215
-146
26
211
397
548
662
670
579
416
209
4
-227
-461
-654
-758
-770
-753
-724
-703
-667
-645
-645
-645
-634
-593
-530
-444
-321
-145
72
267
403
475
497
465
373
233
53
-129
-274
-386
-453
-463
-399
-302
-184
-62
68
203
320
392
414
409
401
369
309
239
168
87
-6
-95
-168
-227
-275
-320
-358
-381
-373
-367
-384
-394
-433
-501
-590
-676
-738
-683
-523
-365
-236
-212
-153
-87
-67
-122
-339
-554
-757
-863
-911
-875
-666
-451
-176
65
331
610
788
882
823
744
624
509
392
323
342
386
448
489
585
676
724
688
567
475
406
389
348
337
409
519
688
812
920
1009
1016
958
819
678
529
380
242
112
55
33
42
40
16
-10
-65
-127
-210
-287
-338
-375
-431
-500
-555
-595
-643
-736
-838
-926
-974
-987
-937
-828
-676
-493
-310
-129
29
153
216
221
176
100
10
-94
-202
-291
-366
-407
-453
-473
-468
-417
-355
-292
-220
-128
-16
84
168
198
199
209
206
153
59
-29
-86
-131
-179
-250
-231
-53
195
405
468
511
569
617
583
364
149
-54
-179
-320
-425
-381
-335
-296
-344
-389
-391
-421
-522
-648
-671
-597
-486
-346
-108
234
588
858
971
1064
1099
1060
851
548
285
60
-109
-283
-369
-310
-169
13
135
289
458
599
686
699
735
777
838
834
795
771
753
677
536
403
294
220
143
72
53
86
142
159
172
184
167
123
43
-39
-117
-178
-243
-313
-377
-428
-511
-633
-757
-878
-980
-1088
-1179
-1220
-1196
-1099
-962
-804
-599
-412
-238
-108
-16
37
33
-2
-116
-253
-385
-520
-642
-765
-839
-879
-853
-771
-678
-582
-536
-481
-389
-165
219
585
875
1080
1252
1367
1387
1201
892
553
250
15
-184
-198
-68
127
292
405
515
597
648
547
417
358
279
238
190
249
369
447
417
304
193
63
-131
-430
-696
-868
-915
-909
-824
-594
-250
142
418
622
786
869
868
730
545
365
190
29
-160
-287
-363
-394
-411
-400
-320
-190
-18
132
289
449
604
684
703
690
670
605
485
347
233
139
38
-68
-145
-168
-155
-123
-113
-71
-22
37
70
53
23
-20
-78
-158
-268
-365
-464
-561
-658
-760
-858
-951
-1053
-1191
-1319
-1432
-1457
-1423
-1306
-1095
-836
-544
-334
-171
-88
-83
-126
-179
-141
-57
101
184
217
163
29
-64
-196
-259
-322
-311
-188
16
351
639
914
1065
1072
1040
908
821
704
611
561
547
569
620
718
793
888
892
859
782
696
628
524
443
318
233
194
188
236
217
212
157
67
-7
-146
-234
-360
-490
-648
-771
-808
-801
-694
-542
-316
-81
149
349
453
466
393
231
12
-220
-418
-576
-644
-679
-657
-589
-476
-355
-257
-163
-96
-21
59
142
230
307
363
370
352
301
239
159
31
-81
-180
-243
-258
-243
-168
-103
-40
17
33
43
-2
-90
-196
-311
-385
-436
-478
-541
-645
-747
-851
-912
-888
-815
-676
-551
-489
-439
-481
-441
-398
-256
-81
38
193
327
467
536
493
374
115
-143
-384
-528
-515
-404
-229
-16
244
457
680
811
932
996
1016
1021
961
966
920
892
774
613
503
392
361
342
356
438
508
646
733
822
876
846
778
631
498
362
263
166
72
-14
-82
-148
-224
-311
-428
-558
-700
-842
-966
-1052
-1067
-1006
-901
-754
-562
-309
-98
44
100
59
-49
-210
-389
-569
-718
-820
-879
-867
-795
-718
-620
-540
-468
-412
-321
-204
-84
35
139
201
228
199
128
48
-52
-148
-256
-336
-383
-358
-280
-190
-92
38
216
441
711
866
926
814
571
386
187
121
36
-25
-73
-126
-115
-181
-242
-383
-595
-797
-971
-984
-818
-546
-212
138
454
678
834
859
861
749
608
381
155
-11
-157
-236
-325
-376
-351
-263
-103
67
258
460
609
754
837
921
945
911
821
710
594
479
404
307
244
178
166
183
237
305
352
372
359
330
299
267
227
184
140
90
26
-58
-160
-292
-455
-657
-872
-1053
-1190
-1276
-1329
-1350
-1294
-1180
-1013
-830
-596
-381
-206
-100
-76
-113
-206
-335
-526
-718
-888
-1012
-1071
-1078
-1036
-955
-842
-702
-563
-421
-270
-144
-12
176
423
764
1036
1149
1064
768
518
275
187
152
169
273
364
515
599
676
687
624
511
403
358
440
584
752
858
853
716
549
325
186
47
-61
-165
-311
-418
-558
-602
-627
-607
-505
-341
-62
217
477
642
678
617
446
225
-24
-218
-344
-377
-358
-332
-279
-228
-140
-69
-4
75
165
292
397
489
524
508
469
366
263
138
60
7
-5
7
24
39
44
24
-15
-45
-53
-30
15
55
83
98
84
36
-61
-190
-346
-479
-632
-765
-908
-1044
-1177
-1316
-1413
-1464
-1435
-1339
-1185
-957
-707
-470
-312
-229
-214
-270
-335
-393
-357
-201
-28
50
20
-150
-249
-322
-267
-159
26
249
448
616
691
747
746
707
626
502
419
410
493
620
731
801
750
728
648
713
774
911
1009
1024
1018
898
829
716
660
572
474
384
261
164
28
-116
-238
-416
-587
-780
-889
-904
-797
-617
-410
-163
22
203
264
290
237
137
24
-141
-293
-453
-559
-639
-694
-696
-700
-639
-541
-395
-232
-106
-8
28
65
80
107
110
76
42
4
-9
-62
-109
-137
-133
-103
-117
-127
-146
-106
-72
-55
-49
-77
-85
-96
-114
-130
-179
-243
-356
-515
-685
-856
-981
-1052
-1045
-991
-838
-678
-549
-449
-391
-227
-80
130
286
423
489
444
373
196
40
-128
-268
-362
-428
-430
-358
-215
-23
166
371
481
635
698
836
947
1081
1160
1118
1061
898
795
657
593
579
578
598
560
531
512
486
510
468
476
466
501
532
560
563
499
428
257
95
-85
-232
-332
-448
-567
-724
-888
-1016
-1087
-1016
-887
-633
-401
-214
-89
-57
-74
-185
-296
-435
-555
-647
-725
-781
-832
-843
-854
-837
-772
-671
-506
-357
-197
-48
86
186
178
108
-5
-46
-105
-125
-131
-124
-110
-121
-153
-217
-262
-305
-324
-319
-293
-193
-37
188
480
649
749
650
485
313
150
59
-35
-89
-209
-314
-464
-598
-653
-624
-507
-322
-170
-21
78
215
319
401
396
340
275
196
196
171
194
177
191
197
196
244
322
478
617
736
787
770
738
661
630
587
540
471
396
358
364
420
451
479
456
428
408
344
297
252
265
285
299
256
169
86
-24
-108
-225
-357
-461
-602
-728
-881
-1013
-1119
-1181
-1149
-1078
-882
-692
-515
-426
-396
-402
-434
-460
-504
-540
-567
-603
-665
-740
-809
-853
-829
-742
-629
-496
-364
-234
-117
-18
12
8
-28
-86
-140
-175
-129
-34
131
323
470
573
573
544
513
497
510
530
578
628
707
717
679
571
433
273
111
-39
-131
-181
-221
-287
-376
-468
-505
-472
-343
-88
186
414
496
546
533
538
515
476
434
382
311
191
27
-103
-184
-152
-93
-12
68
133
228
325
440
520
593
637
609
561
451
359
271
236
232
239
250
250
240
198
131
76
30
23
20
27
-4
-52
-125
-236
-367
-503
-607
-701
-796
-903
-1003
-1104
-1188
-1199
-1129
-995
-813
-692
-634
-629
-597
-537
-452
-365
-333
-354
-421
-560
-704
-847
-903
-898
-831
-750
-660
-534
-333
-90
185
404
596
706
709
687
621
607
597
618
630
669
731
736
727
654
597
538
465
409
367
397
441
475
446
336
249
137
94
43
-6
-39
-100
-120
-185
-150
-106
4
136
227
277
274
273
266
286
321
275
209
97
-6
-114
-199
-226
-209
-123
-53
1
16
35
106
200
347
421
482
470
446
384
317
253
191
142
123
116
102
46
-8
-39
-60
-79
-132
-199
-257
-288
-304
-340
-405
-489
-561
-649
-773
-945
-1060
-1140
-1132
-1095
-1020
-964
-889
-762
-674
-592
-555
-527
-519
-490
-464
-491
-560
-645
-686
-631
-500
-324
-167
-28
98
145
206
266
370
529
641
744
798
885
918
966
940
872
804
714
615
522
469
480
532
596
614
604
550
486
457
420
392
327
261
182
123
53
-39
-81
-129
-129
-155
-124
-93
-18
90
135
161
156
148
168
165
144
39
-38
-136
-226
-276
-323
-301
-269
-173
-95
-31
38
97
173
255
310
341
348
344
321
295
259
206
164
108
29
-52
-122
-146
-144
-124
-114
-118
-132
-167
-222
-308
-420
-524
-607
-693
-811
-943
-1049
-1093
-1096
-1075
-1045
-994
-910
-789
-656
-581
-573
-573
-560
-482
-361
-272
-216
-188
-159
-122
-96
-124
-128
-105
-31
75
184
311
478
669
842
1004
1098
1126
1122
1062
952
830
736
657
594
542
518
518
526
554
575
590
582
544
476
389
302
222
179
123
72
15
-41
-81
-132
-166
-186
-176
-161
-129
-68
-10
29
43
91
148
189
170
83
-41
-156
-246
-314
-368
-419
-439
-407
-347
-237
-127
-31
51
153
252
326
368
364
330
316
268
205
131
73
24
-11
-54
-112
-172
-197
-210
-223
-246
-301
-364
-449
-520
-599
-682
-764
-855
-897
-968
-1010
-1054
-1038
-969
-860
-731
-650
-613
-583
-519
-388
-259
-124
-35
-15
-8
-11
-22
-18
6
38
81
112
154
211
308
418
582
760
926
1038
1109
1108
1074
1033
1015
943
838
694
598
506
457
423
400
407
417
421
385
316
205
117
75
18
-67
-175
-240
-268
-261
-219
-161
-120
-58
29
104
132
143
135
125
130
134
149
94
39
-52
-110
-159
-188
-228
-280
-303
-302
-306
-281
-275
-216
-135
-1
124
211
276
312
328
315
288
248
180
110
25
-63
-150
-217
-244
-255
-247
-257
-289
-357
-422
-482
-543
-624
-704
-783
-856
-901
-899
-880
-821
-717
-603
-508
-421
-355
-321
-277
-229
-187
-161
-156
-170
-180
-163
-127
-75
-2
60
143
231
305
359
423
481
569
671
783
842
916
952
990
1009
1030
1019
1003
948
867
750
623
499
416
339
268
177
76
-23
-93
-145
-192
-256
-320
-379
-415
-427
-414
-378
-322
-230
-130
-21
69
129
208
297
374
405
403
357
265
184
89
9
-70
-121
-166
-180
-194
-193
-182
-146
-88
4
100
168
204
214
199
193
192
190
182
171
136
88
45
-11
-63
-108
-153
-217
-289
-366
-438
-512
-569
-621
-676
-743
-789
-796
-787
-762
-711
-636
-550
-466
-381
-301
-201
-115
-23
51
97
75
23
-38
-109
-178
-220
-242
-239
-225
-198
-154
-92
1
115
262
404
523
621
691
729
760
795
834
852
849
823
796
767
733
692
641
577
500
405
299
186
72
-36
-145
-264
-391
-491
-543
-554
-539
-519
-482
-413
-313
-212
-104
3
109
208
321
413
451
432
398
349
303
258
212
146
87
39
19
14
21
27
60
123
195
232
249
246
237
246
265
281
269
254
229
198
148
77
1
-74
-162
-242
-324
-411
-521
-617
-698
-776
-826
-846
-839
-813
-765
-709
-650
-562
-490
-402
-317
-216
-123
-18
84
150
176
184
175
163
147
133
103
60
5
-67
-127
-175
-212
-207
-165
-102
-35
30
92
150
237
334
429
507
571
621
641
636
600
547
497
442
384
318
240
145
53
-30
-123
-202
-263
-296
-304
-294
-263
-228
-189
-165
-133
-67
-1
65
139
218
266
290
324
339
337
342
355
367
354
340
310
285
252
204
180
169
167
164
187
219
232
252
285
305
315
328
348
349
334
292
232
159
72
-14
-86
-157
-251
-350
-432
-523
-608
-676
-718
-757
-769
-750
-701
-634
-577
-527
-457
-373
-294
-210
-109
-28
34
99
154
179
185
204
205
203
201
199
195
181
159
137
120
100
66
54
55
57
59
68
72
58
57
67
80
93
94
93
71
47
28
3
-14
-56
-107
-153
-202
-245
-284
-298
-307
-298
-281
-258
-217
-168
-111
-43
30
94
158
238
308
364
418
460
484
492
509
505
491
479
466
448
423
400
376
359
347
327
318
311
307
305
308
311
302
299
304
306
305
296
279
245
196
140
76
16
-61
-146
-237
-325
-406
-475
-526
-566
-585
-577
-553
-517
-480
-436
-394
-345
-285
-229
-169
-122
-70
-18
27
57
77
100
112
127
143
156
164
167
171
176
171
164
149
138
127
126
130
134
134
129
131
138
130
118
99
76
38
-5
-46
-94
-149
-219
-290
-367
-446
-499
-537
-568
-584
-591
-559
-518
-460
-400
-332
-258
-178
-102
-19
67
141
205
271
323
354
380
413
436
446
459
470
484
486
496
508
508
500
483
475
465
456
452
448
442
425
409
401
385
369
343
317
274
228
189
156
117
67
12
-47
-102
-155
-197
-233
-271
-297
-313
-314
-310
-308
-296
-282
-265
-246
-215
-178
-146
-110
-70
-32
3
29
58
75
94
108
121
134
143
150
156
160
155
136
126
112
98
85
80
81
75
77
77
80
81
76
66
46
25
1
-24
-48
-88
-128
-177
-227
-276
-320
-361
-402
-434
-453
-463
-460
-460
-454
-447
-428
-397
-362
-322
-284
-234
-190
-116
-48
27
96
162
223
279
325
371
400
433
454
473
478
475
474
464
456
440
416
393
385
382
385
386
386
387
390
389
380
358
337
310
276
234
181
128
75
33
-15
-67
-109
-140
-155
-157
-149
-135
-119
-86
-50
-23
5
28
53
66
88
107
120
127
132
141
143
141
138
130
126
116
104
92
80
69
53
47
39
33
27
23
21
12
11
13
12
11
4
-8
-31
-47
-66
-91
-119
-153
-185
-216
-241
-260
-282
-293
-306
-306
-307
-297
-292
-284
-269
-250
-239
-218
-204
-195
-189
-169
-156
-156
-154
-154
-145
-137
-106
-86
-66
-39
-12
31
76
125
173
205
248
281
309
336
354
374
385
401
401
392
391
389
377
355
332
305
279
259
233
205
170
148
127
108
93
74
67
61
63
62
60
65
67
77
85
94
98
106
128
146
161
176
194
213
230
252
262
261
261
260
251
235
214
195
172
153
129
97
67
37
10
-13
-31
-45
-57
-62
-66
-75
-89
-94
-101
-111
-130
-158
-187
-217
-239
-259
-283
-304
-324
-335
-340
-340
-330
-320
-296
-276
-252
-227
-199
-175
-148
-119
-103
-85
-66
-53
-47
-42
-40
-47
-60
-65
-82
-99
-120
-143
-162
-172
-162
-156
-139
-128
-102
-62
-15
53
104
157
214
264
307
333
359
368
369
364
337
310
277
252
229
203
175
153
142
145
161
168
174
183
195
210
218
220
212
202
202
191
185
182
188
197
204
222
232
252
280
311
337
345
350
358
357
347
322
291
250
209
176
142
110
81
68
58
49
43
32
14
-3
-24
-54
-94
-134
-184
-229
-267
-305
-338
-362
-375
-388
-393
-387
-373
-356
-335
-309
-286
-263
-240
-220
-191
-167
-139
-122
-107
-95
-85
-71
-61
-58
-60
-62
-58
-62
-65
-75
-92
-103
-125
-144
-175
-207
-228
-248
-256
-247
-242
-206
-163
-127
-59
-16
53
123
173
224
242
259
267
264
273
258
249
242
227
238
244
266
290
304
330
352
372
401
412
423
425
407
389
355
330
289
250
219
173
149
136
140
154
166
208
241
280
332
368
393
412
419
409
388
358
321
267
220
176
122
80
43
18
-4
-21
-34
-66
-84
-111
-143
-176
-224
-264
-316
-351
-387
-423
-446
-456
-450
-439
-420
-392
-366
-325
-287
-242
-206
-176
-143
-123
-108
-100
-100
-102
-105
-111
-117
-128
-137
-143
-145
-146
-153
-165
-181
-201
-219
-244
-283
-318
-350
-362
-347
-335
-326
-289
-255
-189
-115
-75
-15
14
54
97
116
139
140
161
184
193
224
251
305
371
427
486
528
567
615
644
652
643
599
558
505
450
386
310
253
187
147
116
94
93
99
132
153
165
188
210
246
264
280
278
272
280
282
281
267
250
234
221
200
176
150
112
75
24
-26
-83
-133
-172
-215
-243
-272
-292
-294
-295
-281
-275
-268
-259
-260
-256
-259
-261
-277
-288
-297
-306
-303
-298
-280
-262
-236
-205
-171
-141
-110
-95
-92
-97
-116
-147
-184
-227
-275
-310
-344
-367
-395
-413
-420
-437
-462
-469
-453
-434
-384
-383
-383
-343
-338
-255
-213
-200
-137
-126
-47
13
62
153
216
329
398
472
554
611
703
744
774
759
729
704
679
650
598
558
494
462
437
420
405
366
342
289
246
184
118
76
24
5
-35
-46
-26
16
98
156
204
246
278
312
309
269
208
138
60
-7
-67
-121
-134
-129
-102
-72
-42
-6
26
49
41
8
-39
-88
-131
-170
-204
-227
-240
-230
-206
-178
-154
-141
-136
-153
-174
-211
-246
-279
-307
-321
-326
-306
-280
-241
-192
-159
-150
-158
-176
-208
-265
-325
-400
-483
-545
-600
-636
-663
-688
-697
-704
-650
-602
-521
-460
-469
-384
-374
-282
-188
-178
-72
-36
71
180
264
408
503
647
729
769
801
799
838
832
811
744
684
635
627
641
624
641
610
586
541
472
418
323
249
135
38
-44
-110
-114
-115
-70
-59
-46
-24
-16
22
16
15
-17
-51
-62
-72
-56
-41
-6
22
55
85
97
131
136
145
140
116
112
92
104
117
123
121
105
98
63
36
2
-54
-110
-173
-209
-238
-256
-253
-251
-244
-246
-244
-255
-267
-277
-294
-306
-329
-342
-342
-341
-329
-348
-367
-405
-448
-497
-561
-616
-682
-738
-797
-846
-873
-883
-880
-840
-764
-653
-515
-383
-319
-210
-137
-21
81
85
151
184
268
372
441
546
630
736
816
829
833
795
816
799
777
726
682
669
661
685
648
623
568
500
419
309
224
126
54
-17
-102
-154
-219
-237
-271
-293
-329
-373
-393
-395
-361
-325
-267
-197
-115
-36
41
107
175
231
255
268
274
286
321
344
354
358
338
331
307
269
227
182
137
91
48
3
-31
-47
-71
-102
-154
-210
-251
-285
-302
-328
-343
-358
-358
-356
-363
-366
-387
-412
-441
-489
-521
-567
-586
-604
-642
-672
-704
-708
-714
-720
-710
-696
-678
-651
-640
-616
-612
-591
-547
-441
-309
-176
-82
-87
-46
-11
74
171
167
219
265
339
455
500
590
646
721
742
711
673
660
716
776
802
775
725
688
645
613
531
464
383
273
188
61
-18
-92
-153
-233
-349
-456
-532
-556
-531
-480
-428
-386
-318
-249
-148
-72
0
76
137
193
236
292
349
431
469
478
461
433
431
434
435
423
401
369
330
285
236
192
151
105
55
-8
-57
-89
-112
-146
-199
-268
-341
-405
-460
-502
-543
-582
-634
-685
-738
-768
-790
-796
-782
-762
-717
-662
-589
-516
-465
-426
-408
-380
-360
-331
-313
-305
-289
-290
-285
-296
-308
-340
-371
-366
-284
-168
-47
-35
-111
-145
-149
-67
58
92
169
228
271
361
368
441
510
600
614
586
551
545
625
666
638
531
381
263
203
181
160
163
142
64
0
-97
-99
-84
-49
-42
-78
-112
-144
-125
-99
-62
-63
-77
-80
-65
-1
68
133
188
206
204
189
209
241
316
357
360
359
322
338
337
349
354
332
306
253
225
189
166
118
40
-55
-170
-267
-354
-431
-503
-589
-660
-741
-795
-821
-808
-764
-730
-690
-664
-621
-560
-490
-429
-379
-345
-304
-272
-235
-204
-166
-149
-145
-153
-176
-181
-190
-194
-200
-238
-284
-336
-385
-418
-451
-457
-387
-242
-142
-66
-185
-311
-340
-272
-50
81
128
88
32
-29
-35
-6
73
189
242
174
96
21
106
246
383
430
401
391
360
466
511
615
642
599
496
388
349
370
404
379
299
191
83
21
-3
-5
7
-40
-81
-148
-141
-99
-29
15
11
7
-1
53
102
183
246
271
233
178
135
140
171
159
123
15
-92
-185
-242
-265
-274
-299
-323
-359
-383
-384
-347
-299
-263
-257
-266
-278
-287
-267
-247
-221
-217
-218
-233
-245
-248
-237
-215
-201
-211
-230
-244
-247
-248
-242
-239
-245
-255
-279
-273
-270
-265
-253
-277
-316
-369
-414
-423
-452
-484
-522
-461
-373
-351
-433
-669
-764
-766
-588
-387
-311
-276
-344
-327
-262
-117
130
330
510
524
456
446
480
660
788
893
872
814
732
681
722
727
804
742
656
533
436
421
357
317
237
190
146
73
34
-17
-38
-74
-132
-132
-128
-80
-74
-105
-183
-259
-280
-278
-238
-260
-275
-332
-362
-387
-372
-299
-208
-111
-73
-46
-13
24
76
121
177
232
239
228
182
158
138
135
128
119
98
49
-17
-97
-147
-168
-158
-158
-181
-229
-280
-317
-320
-295
-263
-248
-254
-268
-292
-318
-330
-331
-324
-349
-398
-453
-525
-596
-681
-749
-793
-832
-868
-898
-927
-946
-938
-826
-585
-388
-311
-422
-532
-437
-218
64
214
205
165
128
171
296
434
579
656
664
603
548
573
630
715
745
753
722
678
626
617
619
634
645
595
557
482
434
367
272
196
140
112
25
-116
-251
-361
-434
-516
-560
-561
-551
-535
-553
-540
-516
-438
-337
-237
-139
-73
-2
13
14
42
128
239
287
297
279
271
251
245
273
308
329
292
249
182
133
117
115
116
91
68
38
-28
-96
-139
-122
-102
-111
-139
-205
-274
-365
-407
-435
-461
-511
-583
-656
-749
-806
-834
-814
-789
-770
-732
-702
-664
-638
-607
-552
-507
-448
-401
-386
-381
-418
-424
-412
-310
-110
-5
-13
-184
-325
-213
-70
167
207
136
100
52
145
235
306
393
450
522
522
483
515
512
595
604
661
664
607
499
393
340
320
321
234
162
48
-29
-94
-159
-163
-128
-82
-74
-117
-125
-118
-102
-93
-83
-14
18
49
13
-32
-51
-45
20
58
97
86
92
62
46
42
75
145
154
171
147
136
130
111
137
173
216
236
193
154
96
87
61
35
15
-49
-113
-251
-366
-447
-487
-497
-519
-525
-571
-605
-617
-592
-519
-471
-403
-361
-344
-342
-345
-306
-267
-238
-220
-215
-219
-254
-269
-277
-262
-259
-280
-289
-320
-340
-378
-411
-437
-428
-313
-148
-106
-175
-391
-418
-234
-4
170
69
-39
-56
27
116
144
116
162
185
189
121
73
58
63
128
201
289
307
283
249
306
383
522
569
566
538
502
507
475
439
416
436
434
363
268
202
172
144
95
79
90
85
53
-52
-118
-119
-81
-42
-47
-52
-52
-45
-84
-101
-80
-7
42
22
-15
-55
-89
-140
-173
-174
-158
-168
-229
-295
-334
-340
-304
-259
-209
-169
-152
-135
-151
-144
-117
-55
-4
8
-6
-55
-86
-112
-105
-81
-66
-67
-94
-138
-185
-222
-214
-203
-196
-217
-250
-284
-332
-358
-375
-360
-340
-350
-365
-414
-444
-463
-478
-489
-529
-530
-419
-342
-372
-549
-772
-706
-536
-337
-313
-452
-487
-412
-275
-135
-56
45
185
279
357
363
431
473
552
644
732
791
763
673
627
657
738
811
767
696
627
583
544
478
420
409
414
362
252
145
104
78
42
-4
-7
19
-16
-85
-216
-254
-244
-239
-249
-305
-355
-395
-470
-519
-518
-463
-381
-368
-358
-339
-293
-245
-192
-106
-4
85
121
118
104
118
150
202
231
237
228
199
162
114
101
120
137
118
82
32
-17
-75
-109
-117
-108
-110
-144
-185
-236
-263
-280
-278
-271
-290
-308
-362
-421
-484
-539
-570
-596
-630
-667
-726
-791
-844
-866
-841
-818
-793
-769
-631
-466
-380
-417
-561
-471
-263
1
114
32
-4
24
128
248
313
400
476
516
559
518
551
572
636
701
742
773
748
674
611
602
656
736
715
653
554
489
455
396
345
316
304
240
103
-51
-133
-188
-244
-318
-356
-355
-394
-450
-539
-536
-485
-411
-341
-302
-273
-259
-240
-207
-142
-66
12
36
40
42
74
103
139
175
216
269
288
279
248
237
244
277
287
284
252
213
175
124
108
109
122
93
48
5
-39
-75
-123
-164
-194
-237
-292
-358
-428
-484
-546
-579
-601
-603
-609
-627
-646
-671
-650
-618
-569
-534
-506
-493
-489
-487
-469
-444
-408
-392
-399
-408
-416
-312
-153
-71
-92
-259
-298
-123
64
217
137
36
70
136
248
303
313
410
448
481
463
454
521
556
601
601
592
589
528
446
396
374
411
374
292
201
130
107
73
25
13
42
53
13
-69
-89
-65
-52
-58
-89
-68
-52
-67
-122
-158
-126
-82
-53
-46
-63
-37
-16
-16
-23
-23
45
85
99
81
80
98
119
133
155
202
232
221
195
175
170
178
182
167
121
73
21
-46
-117
-160
-176
-208
-254
-309
-349
-364
-373
-382
-368
-346
-329
-321
-321
-326
-340
-335
-313
-306
-306
-320
-349
-369
-377
-353
-349
-346
-358
-359
-366
-376
-392
-400
-397
-399
-407
-406
-418
-369
-221
-130
-104
-264
-351
-226
-62
153
147
67
20
-10
83
148
193
269
280
280
203
137
210
279
371
377
388
403
401
391
410
441
504
538
515
479
405
395
358
312
268
275
305
255
147
58
38
33
21
-6
6
-6
-47
-106
-159
-143
-124
-78
-55
-65
-76
-76
-70
-52
-29
31
73
72
50
15
23
22
30
26
33
30
10
-30
-50
-61
-41
-2
12
25
16
23
11
2
10
28
47
34
4
-36
-67
-86
-101
-104
-108
-127
-142
-166
-191
-219
-235
-228
-242
-258
-284
-308
-338
-368
-378
-381
-363
-370
-378
-387
-389
-397
-403
-407
-409
-409
-414
-434
-475
-466
-349
-242
-235
-353
-530
-464
-320
-105
-28
-85
-95
-96
-27
83
180
330
460
479
433
349
412
522
646
680
658
613
596
567
571
599
645
661
597
527
461
453
439
376
296
269
272
244
168
96
65
31
4
-39
-29
0
-17
-69
-160
-197
-202
-176
-151
-161
-199
-227
-265
-273
-246
-188
-140
-122
-120
-113
-74
-21
45
83
124
149
172
189
201
204
213
222
211
207
206
213
190
153
119
98
88
88
77
44
-5
-55
-80
-90
-100
-118
-131
-154
-186
-225
-249
-254
-259
-258
-283
-325
-358
-397
-413
-435
-456
-488
-525
-569
-579
-600
-598
-621
-645
-639
-636
-607
-596
-569
-481
-316
-202
-159
-287
-356
-269
-126
104
167
190
182
112
145
177
289
502
617
688
565
438
453
513
682
748
778
741
635
545
519
559
652
689
651
556
429
389
350
335
290
261
209
114
8
-67
-101
-150
-208
-283
-304
-320
-304
-305
-320
-350
-370
-341
-285
-229
-164
-117
-107
-119
-133
-81
-6
87
138
158
148
134
145
188
256
309
352
349
323
287
282
299
313
326
308
282
235
194
163
144
138
123
101
53
2
-39
-67
-100
-148
-198
-241
-287
-332
-375
-415
-451
-490
-522
-560
-578
-580
-572
-567
-583
-596
-596
-573
-538
-511
-489
-477
-466
-468
-467
-454
-423
-381
-364
-344
-249
-109
2
20
-87
-136
-100
12
200
289
370
367
303
283
246
343
534
694
788
688
569
504
493
590
669
748
744
630
497
377
338
381
410
408
307
196
100
28
10
4
29
2
-62
-135
-165
-157
-136
-126
-146
-171
-208
-199
-169
-119
-76
-51
-48
-71
-86
-51
24
115
177
189
172
144
164
200
271
329
371
385
359
332
327
347
388
410
402
371
308
269
229
202
167
116
65
-8
-69
-121
-152
-188
-235
-291
-342
-374
-385
-379
-365
-361
-374
-401
-431
-432
-408
-367
-338
-331
-343
-365
-385
-380
-354
-317
-295
-291
-295
-313
-316
-304
-273
-243
-246
-252
-265
-264
-253
-244
-190
-81
32
102
63
-32
-68
-37
84
185
238
266
257
233
179
127
161
274
380
416
347
286
260
286
326
362
396
413
400
370
349
364
419
436
416
339
282
253
248
266
280
275
230
142
65
24
29
73
91
94
53
8
-30
-41
-16
32
81
110
109
90
82
92
132
164
196
191
177
168
156
167
164
152
136
95
65
41
30
54
58
55
21
-24
-50
-61
-48
-25
-7
-6
-23
-52
-79
-90
-89
-76
-69
-81
-94
-114
-120
-118
-114
-110
-125
-141
-160
-169
-166
-159
-152
-159
-175
-200
-226
-243
-245
-237
-228
-234
-251
-286
-312
-328
-337
-349
-371
-400
-428
-464
-499
-510
-458
-367
-284
-268
-313
-344
-356
-302
-222
-125
-26
71
139
181
191
235
319
421
498
522
537
554
597
643
693
715
717
677
634
586
575
600
633
645
601
531
436
360
302
286
279
269
227
178
117
61
18
-15
-36
-75
-127
-184
-217
-239
-225
-223
-206
-218
-240
-268
-291
-273
-224
-160
-101
-70
-47
-23
3
49
87
140
176
205
224
237
260
295
328
343
331
304
284
265
256
260
263
257
240
202
170
133
110
94
70
42
6
-21
-43
-53
-58
-70
-93
-134
-184
-234
-281
-313
-346
-376
-414
-463
-509
-555
-593
-626
-643
-657
-672
-673
-668
-638
-624
-588
-569
-543
-529
-516
-488
-442
-338
-211
-97
-15
15
51
82
116
175
213
294
356
420
479
522
590
661
724
761
747
721
707
703
720
741
767
773
752
702
644
581
529
480
426
346
249
155
69
6
-45
-88
-140
-203
-272
-331
-376
-392
-390
-367
-338
-318
-304
-288
-247
-194
-139
-78
-21
15
47
78
128
187
250
308
342
360
372
379
393
406
428
441
440
442
426
424
432
440
442
414
379
332
284
246
214
186
149
107
50
-19
-91
-163
-222
-279
-341
-402
-460
-493
-514
-511
-498
-487
-483
-489
-481
-478
-472
-460
-442
-423
-414
-398
-382
-365
-349
-324
-305
-297
-292
-293
-279
-268
-255
-244
-240
-239
-247
-248
-219
-158
-73
16
81
122
155
186
220
252
278
318
330
344
347
358
396
437
485
498
483
437
383
330
292
264
252
233
218
197
192
214
245
276
288
281
246
194
146
114
84
77
68
61
47
37
39
47
65
73
67
43
5
-27
-45
-35
-4
32
83
122
159
199
239
282
313
326
327
294
257
224
197
188
175
159
131
96
62
30
-3
-21
-43
-75
-106
-145
-167
-178
-165
-137
-111
-88
-69
-50
-36
-23
-14
-8
-19
-41
-55
-76
-77
-63
-57
-34
-32
-43
-49
-76
-95
-110
-131
-154
-188
-228
-263
-280
-302
-315
-310
-315
-325
-324
-335
-355
-379
-414
-446
-486
-538
-593
-625
-633
-601
-555
-496
-440
-379
-310
-239
-152
-92
-18
66
127
188
244
307
391
485
588
665
726
772
807
836
853
851
829
799
739
674
610
574
544
518
506
480
441
390
344
299
248
202
146
81
16
-55
-107
-159
-200
-232
-259
-277
-312
-350
-370
-390
-391
-396
-383
-372
-371
-336
-292
-226
-161
-86
-12
49
119
184
229
273
313
343
357
374
377
381
403
429
448
451
447
434
412
405
386
356
320
291
249
193
141
103
74
53
41
13
-21
-50
-76
-111
-154
-206
-255
-307
-355
-430
-505
-575
-631
-685
-726
-751
-779
-798
-794
-785
-772
-761
-721
-671
-618
-553
-498
-451
-419
-374
-338
-301
-257
-203
-138
-51
23
90
142
224
299
380
461
522
561
584
606
608
609
624
662
686
713
725
721
707
702
695
678
640
577
500
415
318
204
103
18
-47
-113
-162
-218
-277
-318
-326
-322
-319
-316
-299
-290
-274
-254
-246
-226
-205
-163
-143
-105
-74
-44
-7
40
93
135
195
246
292
331
371
397
418
442
468
469
460
443
435
421
416
405
384
366
353
336
304
260
221
189
156
97
19
-72
-141
-199
-244
-290
-342
-392
-428
-442
-436
-429
-410
-387
-351
-328
-308
-291
-282
-269
-249
-213
-214
-224
-240
-247
-254
-256
-244
-259
-270
-282
-285
-303
-306
-286
-264
-242
-231
-231
-227
-209
-176
-155
-147
-150
-162
-154
-142
-130
-115
-82
-38
-12
-4
6
16
46
107
161
173
150
140
141
187
234
280
299
317
338
355
388
409
445
464
498
482
447
414
396
398
390
381
319
246
192
171
153
141
123
91
57
26
22
12
28
43
46
28
7
-18
-27
-25
-28
-41
-61
-71
-94
-123
-113
-116
-93
-78
-49
-48
-54
-48
-31
7
43
72
64
69
75
111
136
187
198
207
211
248
255
266
294
294
287
260
245
198
161
142
115
79
31
5
-43
-65
-79
-89
-108
-125
-146
-172
-201
-213
-240
-273
-314
-373
-424
-467
-499
-561
-626
-678
-726
-748
-759
-752
-765
-765
-739
-697
-629
-556
-486
-437
-390
-320
-259
-186
-118
-39
19
70
124
186
258
352
434
494
532
573
613
669
702
731
734
714
691
664
647
632
597
558
507
455
421
397
369
324
272
215
164
130
94
36
-56
-137
-208
-248
-276
-318
-380
-456
-480
-475
-447
-405
-373
-368
-337
-270
-188
-108
-41
18
54
98
160
222
255
298
328
333
352
371
397
402
422
428
420
429
435
430
406
410
399
383
368
349
305
261
236
193
131
73
5
-56
-105
-150
-223
-311
-360
-388
-404
-428
-461
-525
-568
-564
-542
-540
-542
-552
-564
-547
-490
-445
-444
-422
-418
-419
-403
-354
-330
-322
-305
-297
-305
-274
-218
-171
-171
-143
-129
-101
-69
-33
-28
-20
-4
26
43
70
94
116
156
187
203
218
243
264
297
311
283
239
212
221
227
199
170
101
63
61
87
74
58
45
41
47
84
111
115
123
147
145
150
168
184
182
166
162
134
123
145
134
109
82
78
84
109
115
101
85
95
137
161
176
178
169
182
206
202
192
161
142
137
127
111
43
-16
-43
-45
-42
-60
-102
-158
-166
-139
-96
-92
-112
-117
-126
-85
-51
-31
-56
-59
-61
-49
-37
-8
-10
-35
-20
-19
-21
-4
13
-17
-57
-56
-42
-54
-74
-98
-152
-161
-148
-146
-192
-242
-268
-292
-306
-327
-373
-425
-452
-457
-466
-480
-513
-548
-565
-556
-531
-524
-527
-542
-543
-507
-450
-405
-371
-333
-275
-200
-104
-18
33
106
190
283
336
391
437
482
519
577
581
579
598
604
589
585
581
580
539
515
481
453
448
432
384
335
295
285
264
221
161
90
41
21
-11
-67
-125
-208
-260
-292
-304
-312
-357
-401
-427
-431
-378
-333
-312
-328
-292
-227
-133
-68
-18
-15
16
105
198
227
214
221
250
310
361
362
313
319
361
388
405
391
371
351
371
367
330
300
278
245
196
165
123
75
42
2
-61
-121
-165
-197
-239
-287
-361
-422
-460
-474
-498
-535
-585
-628
-638
-614
-613
-627
-662
-661
-645
-614
-594
-587
-579
-553
-513
-465
-432
-401
-355
-292
-245
-191
-158
-105
-55
3
22
51
100
159
186
205
227
259
322
373
402
377
396
454
492
491
460
419
406
418
418
382
302
238
203
175
158
110
45
-20
-63
-68
-71
-86
-115
-165
-168
-131
-103
-101
-135
-160
-122
-92
-53
-74
-105
-104
-61
-19
6
1
-7
16
43
105
143
155
163
183
225
273
312
322
310
318
353
381
371
339
293
272
269
259
223
168
120
93
62
43
9
-39
-66
-97
-118
-156
-183
-203
-216
-236
-250
-268
-272
-272
-273
-282
-290
-294
-287
-285
-296
-300
-296
-279
-267
-262
-245
-258
-229
-200
-176
-177
-192
-210
-209
-196
-193
-218
-256
-274
-274
-268
-267
-293
-322
-317
-290
-268
-272
-284
-278
-254
-220
-214
-227
-235
-221
-189
-154
-140
-148
-129
-91
-30
12
25
64
103
147
199
216
239
256
285
319
326
320
323
327
338
345
330
319
299
317
322
291
277
266
260
267
240
211
182
159
162
122
74
47
1
-21
-41
-76
-115
-145
-150
-148
-166
-187
-197
-195
-164
-140
-123
-116
-113
-66
-21
9
35
35
63
92
117
123
121
107
122
135
139
129
117
127
145
156
160
161
159
176
174
177
149
138
132
108
82
50
22
-1
-30
-68
-115
-157
-193
-224
-267
-293
-327
-356
-369
-383
-394
-395
-417
-426
-434
-436
-447
-476
-499
-522
-528
-536
-552
-567
-567
-558
-533
-510
-485
-456
-420
-375
-318
-275
-238
-189
-146
-95
-59
-24
26
70
108
157
198
220
271
319
359
388
407
430
436
447
474
455
438
424
392
382
351
309
273
235
220
184
118
99
75
51
45
2
-16
-31
-45
-38
-87
-103
-92
-119
-126
-146
-166
-175
-181
-169
-167
-187
-163
-156
-138
-118
-85
-52
-12
17
67
113
159
210
239
274
306
328
354
346
327
319
305
290
267
216
178
159
139
119
90
69
64
56
42
27
7
5
-16
-34
-57
-105
-129
-154
-178
-211
-244
-270
-297
-325
-328
-345
-384
-374
-373
-386
-390
-388
-382
-378
-365
-363
-391
-389
-378
-383
-403
-418
-434
-442
-434
-433
-443
-440
-417
-397
-372
-329
-312
-289
-244
-206
-176
-155
-127
-108
-90
-45
-12
3
26
59
96
132
192
218
248
293
314
354
388
382
395
395
404
392
352
340
304
279
255
217
176
137
96
91
59
37
29
-9
-11
-21
-36
-32
-59
-67
-79
-100
-99
-134
-148
-149
-165
-168
-170
-179
-167
-160
-132
-105
-77
-31
14
54
110
168
219
271
296
326
352
381
382
359
344
324
294
268
223
178
151
128
110
85
64
46
44
41
24
18
2
-32
-58
-79
-106
-145
-191
-230
-262
-294
-312
-347
-368
-375
-381
-382
-390
-395
-379
-377
-369
-369
-365
-365
-366
-368
-373
-376
-381
-389
-410
-418
-419
-415
-413
-422
-410
-393
-357
-322
-301
-266
-225
-184
-153
-109
-79
-83
-55
-22
-8
12
33
43
64
108
151
180
214
244
295
322
361
371
372
403
397
389
371
327
304
281
249
211
146
122
83
55
48
11
-3
-10
-27
-19
-18
-18
-7
-36
-27
-14
-48
-43
-55
-75
-78
-82
-79
-102
-98
-73
-73
-46
-11
10
51
100
150
194
243
291
318
336
361
378
365
348
315
275
236
198
146
90
52
23
-13
-26
-38
-49
-50
-32
-22
-31
-11
-15
-22
-28
-34
-67
-100
-120
-148
-176
-196
-221
-252
-261
-263
-253
-250
-251
-258
-245
-236
-232
-240
-246
-260
-276
-285
-313
-347
-373
-406
-435
-458
-480
-507
-531
-527
-524
-508
-487
-461
-437
-403
-343
-296
-262
-223
-191
-159
-127
-82
-54
-33
-3
36
84
136
195
238
285
344
409
452
488
517
523
557
554
534
507
452
428
394
334
287
213
160
112
70
56
-8
-32
-43
-77
-75
-76
-105
-98
-109
-117
-128
-162
-156
-173
-185
-190
-206
-203
-197
-189
-154
-139
-106
-60
-13
59
112
174
236
295
353
393
416
428
438
431
408
365
310
260
219
165
116
73
42
19
11
12
16
29
35
56
60
64
57
51
35
4
-27
-70
-113
-153
-188
-224
-256
-292
-304
-319
-323
-328
-327
-325
-326
-326
-334
-338
-351
-364
-386
-404
-432
-461
-485
-507
-531
-547
-555
-558
-556
-541
-511
-480
-432
-389
-334
-281
-222
-160
-115
-70
-37
-7
27
57
93
118
134
168
218
272
330
370
409
460
511
534
560
554
554
547
508
465
397
338
285
220
146
73
-3
-40
-89
-121
-139
-173
-172
-170
-172
-146
-146
-136
-108
-116
-97
-107
-105
-97
-97
-84
-85
-82
-64
-39
-4
44
69
115
163
225
298
356
403
446
477
508
520
506
486
450
403
336
259
188
119
60
6
-47
-86
-107
-110
-98
-81
-61
-36
-14
13
26
39
44
38
13
-7
-42
-65
-102
-130
-152
-178
-199
-220
-219
-221
-218
-218
-222
-229
-235
-245
-254
-276
-303
-339
-373
-412
-453
-480
-513
-537
-569
-589
-597
-588
-568
-548
-511
-475
-427
-368
-308
-249
-193
-145
-102
-73
-40
4
53
95
123
144
191
263
328
398
445
483
544
582
610
631
616
609
590
532
465
394
324
273
197
118
39
-33
-69
-106
-125
-133
-167
-163
-157
-156
-118
-116
-105
-90
-100
-97
-98
-101
-87
-84
-81
-78
-77
-46
-7
38
86
109
158
217
276
349
393
426
453
466
471
454
425
381
329
262
178
100
39
-14
-58
-96
-129
-136
-123
-97
-54
-15
25
62
91
121
135
151
152
128
98
57
23
-6
-47
-80
-112
-147
-172
-186
-194
-200
-209
-224
-242
-264
-289
-312
-343
-383
-434
-482
-528
-575
-608
-642
-663
-684
-699
-698
-678
-645
-607
-558
-507
-449
-382
-311
-238
-176
-123
-76
-47
-8
38
98
153
188
210
259
338
418
497
549
586
632
673
689
700
674
646
606
535
435
351
273
204
133
35
-50
-114
-153
-176
-182
-192
-205
-204
-184
-170
-137
-119
-112
-102
-106
-107
-103
-96
-96
-79
-75
-67
-53
-17
37
90
140
177
223
290
354
412
456
463
479
481
468
431
388
332
270
195
104
33
-17
-57
-91
-117
-136
-126
-92
-47
-5
41
79
119
151
170
185
190
183
144
109
65
30
-2
-39
-82
-121
-156
-176
-186
-196
-215
-229
-246
-277
-299
-327
-354
-395
-440
-495
-540
-584
-622
-647
-670
-690
-703
-700
-686
-652
-611
-562
-513
-451
-389
-313
-239
-176
-117
-69
-28
-6
35
85
140
187
213
234
305
394
485
554
590
616
671
710
714
703
658
614
552
464
357
280
205
124
43
-51
-123
-152
-171
-180
-180
-184
-181
-165
-130
-109
-68
-59
-60
-57
-59
-48
-48
-50
-55
-44
-38
-28
-6
42
93
146
190
237
305
383
439
475
495
497
502
475
436
372
303
224
140
58
-21
-74
-107
-132
-147
-149
-125
-75
-19
40
82
125
162
198
224
229
220
192
163
121
75
34
-7
-43
-81
-126
-152
-167
-177
-190
-202
-226
-252
-273
-295
-322
-364
-411
-459
-507
-556
-598
-632
-669
-696
-715
-723
-714
-694
-660
-615
-562
-507
-446
-367
-290
-214
-151
-97
-52
-23
8
57
107
154
200
230
272
353
447
532
598
639
678
723
747
748
730
687
619
549
449
354
280
189
99
20
-64
-118
-144
-162
-176
-169
-162
-159
-132
-109
-79
-48
-48
-51
-44
-47
-40
-34
-48
-48
-40
-25
-3
23
71
114
162
215
257
329
387
431
458
461
464
453
425
383
311
240
161
89
23
-41
-89
-114
-133
-139
-118
-87
-36
24
75
119
159
203
234
256
257
233
207
173
133
94
48
6
-40
-78
-114
-133
-150
-170
-184
-203
-233
-251
-274
-303
-343
-385
-437
-489
-534
-578
-616
-654
-687
-710
-717
-711
-692
-662
-629
-580
-523
-460
-391
-317
-254
-189
-129
-80
-51
-21
-2
42
99
138
183
204
267
369
470
549
602
649
709
755
780
759
721
681
612
533
426
324
250
167
69
-1
-79
-104
-116
-142
-135
-132
-109
-86
-66
-35
-14
2
9
-13
-6
-16
-19
-25
-55
-55
-41
-29
-8
24
57
113
156
220
276
332
391
422
441
449
436
415
379
324
255
168
102
34
-20
-68
-111
-127
-126
-109
-68
-27
19
87
142
182
225
259
280
294
279
247
213
184
142
99
52
-1
-34
-70
-97
-112
-134
-154
-170
-191
-217
-239
-262
-305
-347
-394
-446
-492
-540
-585
-627
-660
-686
-702
-705
-693
-669
-637
-599
-544
-481
-409
-344
-274
-216
-154
-90
-52
-28
-13
5
46
97
138
177
208
268
359
455
536
605
655
701
737
756
747
713
674
594
512
419
316
246
161
73
16
-57
-94
-105
-115
-104
-94
-77
-58
-31
-2
18
28
39
19
16
8
-16
-17
-38
-49
-34
-38
-15
17
46
93
129
180
224
275
332
359
380
386
381
373
346
304
256
193
129
72
22
-16
-47
-68
-75
-68
-33
-1
46
100
147
200
239
268
283
292
297
273
233
195
149
108
56
9
-37
-81
-116
-137
-158
-178
-198
-216
-239
-256
-282
-311
-352
-394
-444
-485
-525
-571
-607
-638
-659
-671
-676
-659
-640
-607
-562
-512
-456
-397
-302
-98
-136
-237
-199
-79
-4
74
70
-67
-79
57
161
182
197
239
297
423
562
605
620
666
701
710
713
692
612
475
436
373
273
229
134
38
52
16
-48
-89
-55
-13
12
31
2
-8
58
88
91
67
16
-2
-3
10
-2
-48
-64
-45
-34
15
60
109
105
131
211
280
332
364
353
347
377
393
363
297
255
204
160
115
64
12
-27
-31
-25
-37
-18
19
70
114
171
219
247
272
300
315
322
311
270
211
181
150
111
47
-3
-47
-88
-109
-123
-159
-187
-197
-204
-236
-261
-290
-329
-376
-416
-453
-491
-540
-580
-612
-630
-650
-654
-639
-631
-612
-563
-507
-464
-421
-354
-283
-223
-160
-115
-97
-65
-38
-19
-12
-5
31
61
108
159
183
245
339
445
524
569
629
670
672
696
671
620
580
516
409
306
235
184
93
28
13
-66
-81
-55
-38
-22
-28
-1
22
42
101
85
47
62
44
16
4
-20
-49
-65
-63
-69
-68
-25
22
61
93
131
184
230
262
316
347
327
331
336
301
258
257
218
119
77
61
20
-12
-22
-36
-56
-6
61
76
97
156
207
257
310
317
290
302
331
286
214
183
136
77
41
-20
-86
-107
-137
-179
-211
-220
-225
-243
-291
-322
-303
-332
-389
-460
-483
-515
-531
-560
-617
-657
-639
-611
-631
-609
-572
-555
-515
-443
-370
-312
-253
-208
-200
-143
-37
4
-21
-61
-56
-22
36
52
71
109
126
214
320
380
448
541
594
629
649
652
621
603
590
524
394
282
226
216
158
66
-37
-95
-20
32
-57
-52
-16
-14
59
122
64
68
109
82
31
25
10
-27
-25
-61
-78
-45
-54
-52
-1
34
109
160
159
152
220
294
288
293
279
272
276
259
230
178
120
127
110
71
45
33
10
47
91
63
68
148
180
207
268
279
243
294
372
307
275
220
179
193
152
38
-5
-68
-113
-96
-126
-252
-245
-224
-279
-303
-278
-329
-375
-410
-425
-445
-446
-534
-600
-583
-576
-604
-620
-636
-609
-538
-480
-475
-506
-401
-279
-250
-198
-145
-129
-98
-31
4
-20
-7
25
-9
-47
29
85
89
133
185
204
341
490
481
462
558
628
586
602
568
514
505
417
249
169
210
198
103
-4
-73
-60
0
57
45
-31
-5
64
121
112
83
46
60
63
63
19
-56
-87
-55
-78
-85
-40
-22
-36
-12
47
113
171
175
159
248
322
305
302
270
244
303
329
217
120
132
134
60
75
73
-18
3
62
85
97
156
150
136
255
337
287
299
329
275
253
300
194
43
107
122
-40
-170
-120
-149
-228
-212
-252
-333
-281
-263
-351
-400
-353
-397
-439
-428
-486
-533
-510
-547
-630
-596
-497
-526
-595
-568
-498
-364
-340
-371
-358
-235
-127
-102
-81
-82
-43
37
77
44
-43
-18
44
22
-8
25
79
84
120
200
303
363
411
457
497
530
598
571
495
452
451
366
288
235
143
74
59
20
-44
-50
-43
-23
14
23
1
17
72
152
132
63
58
52
39
69
9
-128
-115
-42
-56
-74
-76
-109
-30
97
93
93
199
227
220
326
375
375
346
316
286
280
281
215
119
42
19
60
45
-18
-52
-46
57
141
164
169
213
230
269
345
360
308
258
217
196
172
87
-16
-87
-119
-156
-183
-236
-322
-339
-268
-277
-364
-387
-344
-377
-358
-369
-461
-501
-463
-461
-525
-557
-559
-586
-544
-508
-531
-516
-430
-407
-379
-258
-196
-205
-124
-56
-49
-5
88
67
-15
10
31
-4
-33
-39
-31
-4
74
65
57
195
321
339
392
460
462
484
602
571
436
413
418
343
230
188
157
54
-17
-68
-67
-6
17
-62
-73
11
45
63
118
80
55
101
105
41
11
12
-30
-66
-100
-110
-98
-77
-97
-82
-14
82
92
60
127
242
303
303
288
290
324
364
309
245
249
217
153
120
71
54
51
51
-4
14
81
129
183
167
159
232
322
313
275
277
246
206
169
129
37
-59
-91
-132
-201
-234
-275
-329
-356
-326
-318
-327
-321
-387
-417
-345
-334
-388
-432
-445
-481
-467
-451
-502
-535
-508
-491
-483
-434
-381
-402
-351
-260
-213
-176
-107
-75
-89
-2
55
31
65
47
-30
-26
0
-29
-12
16
-54
-37
88
132
149
266
349
342
372
453
461
508
507
425
356
375
309
183
190
179
23
-13
51
-10
-61
35
-24
-123
37
122
67
79
68
-4
61
137
52
-1
-19
-49
-70
-75
-79
-93
-115
-73
-29
-28
18
77
87
142
212
215
256
302
305
320
358
299
269
283
230
198
224
132
37
71
99
61
56
89
98
92
147
199
181
222
256
213
209
237
190
83
60
24
-48
-89
-146
-258
-314
-317
-302
-317
-375
-446
-421
-347
-354
-385
-416
-419
-389
-362
-401
-457
-440
-433
-451
-439
-427
-432
-421
-364
-387
-386
-272
-220
-241
-190
-130
-90
-32
0
-31
14
66
26
11
5
-65
-108
-77
-59
-58
-39
-44
-9
70
138
236
286
287
344
433
442
421
436
430
359
291
218
178
171
146
70
-53
-92
-45
-14
3
-44
-80
-21
59
72
33
58
70
62
47
45
-1
-23
-24
-74
-110
-87
-56
-96
-91
-54
-25
41
98
106
140
213
257
290
348
344
297
327
372
304
260
261
181
126
127
126
59
20
44
28
50
111
99
108
145
168
184
226
228
156
118
102
60
4
-33
-88
-220
-272
-243
-291
-352
-374
-393
-399
-354
-348
-392
-383
-345
-335
-360
-360
-357
-357
-346
-371
-416
-399
-368
-366
-396
-363
-330
-331
-287
-237
-237
-201
-124
-95
-102
-56
6
37
20
-21
-19
16
-6
-69
-120
-137
-120
-80
-72
-98
-61
8
89
192
259
255
290
371
409
409
394
369
321
299
250
189
130
57
39
22
-9
-50
-59
-27
-14
-6
1
24
71
99
84
58
85
100
77
26
-10
-24
-5
-23
-104
-105
-52
-27
-32
-24
-6
46
122
166
183
199
239
304
350
348
325
316
307
306
270
198
178
134
82
72
49
13
16
51
41
41
79
94
110
146
142
137
130
93
24
-15
-27
-68
-134
-226
-304
-312
-303
-326
-374
-412
-400
-369
-349
-335
-324
-342
-341
-313
-302
-306
-315
-340
-361
-345
-334
-349
-353
-364
-362
-325
-293
-278
-253
-227
-186
-153
-108
-68
-40
-31
-23
2
6
-17
-47
-85
-108
-125
-145
-176
-180
-162
-156
-123
-48
54
105
138
204
282
354
400
403
367
344
353
333
271
181
129
84
56
21
-42
-67
-61
-19
-10
-15
-4
12
82
128
125
103
90
94
94
90
53
-7
-58
-65
-72
-74
-88
-112
-87
-48
-6
24
49
88
142
215
267
277
292
328
344
331
315
281
240
203
175
115
67
29
-5
-2
-17
-34
-20
20
44
59
83
83
98
135
111
64
42
6
-59
-104
-155
-220
-273
-309
-347
-375
-371
-382
-382
-356
-344
-338
-315
-291
-276
-269
-266
-280
-286
-276
-284
-308
-335
-345
-336
-333
-339
-338
-321
-302
-272
-230
-211
-185
-139
-99
-66
-49
-36
-24
-22
-49
-64
-73
-127
-184
-207
-196
-192
-191
-190
-169
-98
-6
88
144
178
229
330
403
412
387
375
364
345
300
230
176
120
79
47
5
-20
-45
-17
7
3
29
47
82
101
137
148
131
127
99
78
56
29
-29
-58
-85
-109
-107
-96
-88
-79
-48
-7
22
90
144
192
234
266
306
327
358
364
343
308
281
259
228
184
123
67
41
41
23
3
8
29
51
68
82
103
110
111
110
95
56
3
-43
-85
-130
-176
-245
-301
-324
-344
-352
-362
-358
-361
-334
-297
-289
-284
-256
-239
-246
-250
-251
-265
-280
-293
-311
-332
-339
-344
-348
-346
-344
-322
-296
-265
-232
-205
-171
-143
-111
-79
-51
-41
-52
-58
-66
-86
-124
-159
-181
-187
-179
-167
-171
-153
-85
15
95
149
199
258
341
400
424
427
405
377
347
318
257
198
136
77
40
6
-13
-44
-54
-38
-15
14
14
35
57
74
96
86
63
29
14
1
-38
-82
-115
-139
-147
-138
-131
-127
-100
-54
-12
36
91
139
192
254
299
328
353
377
385
387
378
358
311
267
241
218
183
137
108
92
98
101
107
117
121
132
141
147
135
108
86
62
9
-79
-150
-185
-237
-302
-373
-432
-480
-479
-477
-503
-529
-519
-484
-451
-438
-444
-447
-416
-382
-372
-389
-404
-395
-377
-355
-355
-361
-347
-307
-260
-225
-199
-167
-109
-46
2
31
62
95
130
151
155
141
127
109
76
35
1
-15
-19
-24
-40
-42
1
60
127
173
202
248
298
335
335
339
328
285
233
156
80
22
-29
-101
-193
-268
-294
-295
-300
-303
-315
-293
-235
-177
-140
-125
-85
-45
1
6
-5
-15
2
7
18
-11
-36
-27
12
45
70
101
133
182
244
300
344
397
445
480
501
532
545
546
537
520
482
438
413
375
335
293
259
228
198
184
176
176
173
158
146
128
119
94
60
7
-61
-139
-195
-247
-334
-438
-498
-540
-595
-644
-666
-681
-690
-671
-654
-629
-596
-539
-503
-474
-442
-398
-365
-326
-308
-297
-285
-248
-224
-218
-201
-173
-136
-107
-73
-35
-6
41
91
132
156
171
191
195
200
184
161
126
75
32
6
-4
-22
-51
-67
-36
21
78
119
164
217
272
332
374
388
385
365
346
300
243
178
119
48
-32
-94
-148
-200
-249
-255
-262
-270
-266
-245
-225
-203
-171
-146
-129
-117
-116
-118
-115
-111
-120
-138
-139
-139
-129
-114
-70
-43
-5
39
95
161
230
295
347
393
447
501
536
537
543
545
539
502
459
422
383
341
302
265
229
203
193
189
186
190
187
186
185
190
177
141
103
66
24
-35
-113
-191
-266
-316
-376
-444
-515
-566
-572
-583
-610
-637
-634
-614
-594
-570
-569
-583
-559
-517
-495
-507
-496
-481
-466
-443
-412
-393
-369
-326
-275
-234
-172
-112
-53
-3
61
121
165
196
212
219
224
231
196
142
93
79
58
27
-14
-28
-21
7
40
68
108
164
217
270
309
353
381
392
388
374
358
329
294
238
192
143
107
66
26
2
-20
-31
-37
-36
-32
-44
-39
-38
-46
-74
-110
-134
-166
-202
-250
-298
-340
-364
-374
-391
-398
-386
-351
-302
-257
-196
-129
-42
49
141
227
294
367
429
495
535
559
552
538
532
515
479
424
376
340
308
274
238
212
199
196
193
182
166
159
160
154
129
90
52
15
-19
-65
-113
-170
-221
-263
-301
-328
-359
-381
-391
-401
-404
-401
-379
-370
-360
-357
-360
-362
-344
-342
-379
-436
-454
-458
-457
-487
-535
-567
-543
-477
-444
-432
-432
-372
-287
-187
-135
-108
-83
-15
55
100
89
66
62
80
88
67
34
10
26
47
65
69
89
129
177
221
265
292
319
341
371
382
382
368
350
326
309
283
248
212
187
167
157
149
137
137
145
171
188
195
195
196
197
198
182
149
95
49
5
-45
-116
-202
-266
-307
-344
-400
-451
-479
-468
-418
-392
-372
-343
-263
-165
-75
-15
30
94
182
254
277
279
288
307
327
320
293
253
239
243
239
220
191
176
179
195
204
189
179
178
190
191
162
119
74
37
-6
-73
-143
-209
-257
-295
-326
-355
-371
-360
-331
-294
-257
-224
-177
-130
-89
-72
-65
-51
-46
-49
-77
-113
-146
-173
-189
-229
-278
-336
-361
-367
-370
-386
-414
-429
-416
-378
-338
-349
-366
-360
-318
-291
-292
-308
-322
-315
-270
-235
-228
-232
-196
-127
-61
-4
33
80
141
226
282
315
339
376
401
433
439
423
393
388
383
366
322
291
273
261
266
258
245
240
255
283
291
289
285
281
288
288
268
227
185
159
133
91
37
-18
-63
-80
-96
-126
-159
-177
-160
-153
-145
-129
-121
-116
-107
-81
-56
-65
-66
-84
-80
-78
-71
-99
-121
-121
-117
-119
-126
-136
-143
-129
-95
-76
-64
-34
17
64
100
122
134
129
129
113
83
30
-16
-60
-100
-138
-169
-188
-204
-200
-190
-180
-166
-149
-126
-105
-86
-69
-51
-28
-9
2
14
30
41
37
28
18
6
-12
-30
-47
-68
-83
-94
-99
-103
-109
-114
-129
-144
-158
-166
-183
-222
-264
-299
-319
-335
-364
-394
-421
-426
-408
-387
-375
-365
-323
-269
-222
-171
-129
-86
-29
30
83
115
145
181
218
253
273
280
285
315
331
339
343
352
365
370
385
387
375
371
372
371
352
329
307
278
268
246
219
184
157
152
145
133
112
100
100
113
117
113
111
111
126
140
142
139
129
137
133
122
108
88
74
47
14
-19
-51
-76
-117
-162
-198
-211
-213
-226
-252
-274
-266
-245
-245
-270
-296
-300
-288
-287
-303
-344
-353
-329
-290
-286
-287
-270
-236
-183
-147
-136
-136
-107
-67
-40
-35
-27
-20
7
36
52
41
40
51
60
56
46
28
18
18
25
15
9
4
15
17
22
21
8
-3
-11
-17
-33
-53
-70
-82
-91
-94
-94
-95
-94
-82
-65
-41
-22
-10
6
17
35
43
59
59
55
40
31
34
29
4
-28
-46
-35
-32
-44
-61
-58
-21
19
34
44
49
92
131
160
155
151
164
192
194
179
164
151
148
147
138
122
102
102
111
112
118
122
128
138
162
185
191
200
207
229
247
247
242
232
237
238
219
194
168
149
129
110
91
76
73
79
83
77
75
79
73
62
35
3
-33
-65
-101
-145
-188
-224
-252
-268
-292
-317
-354
-362
-358
-373
-411
-438
-434
-426
-421
-426
-436
-417
-371
-330
-326
-329
-298
-264
-224
-218
-210
-208
-165
-131
-108
-107
-89
-71
-43
-27
-18
-26
-25
-20
-15
-16
-21
-22
-25
-14
5
20
34
47
74
110
147
174
197
226
258
291
307
321
327
336
344
341
329
318
310
299
285
271
254
240
234
226
220
211
203
195
189
187
174
156
130
103
76
48
14
-35
-81
-122
-154
-191
-227
-250
-256
-263
-270
-262
-231
-206
-163
-125
-97
-63
-11
50
74
88
121
150
170
172
174
153
141
135
120
95
80
88
99
109
125
142
160
184
198
200
191
188
170
149
121
93
70
45
27
10
-4
-11
-23
-34
-45
-45
-55
-68
-84
-88
-88
-97
-110
-118
-125
-127
-137
-155
-179
-200
-203
-218
-235
-262
-273
-279
-279
-282
-302
-316
-310
-311
-318
-341
-349
-360
-355
-351
-364
-371
-357
-316
-291
-261
-237
-189
-135
-68
-12
38
84
143
192
237
265
294
314
330
342
345
342
338
335
334
326
324
313
313
318
325
329
331
340
347
358
362
362
352
349
340
316
285
259
230
192
152
119
92
69
50
27
12
11
19
24
25
39
56
70
77
84
97
104
108
94
76
58
42
15
-36
-91
-119
-150
-177
-222
-236
-234
-200
-177
-174
-162
-131
-78
-61
-64
-78
-77
-70
-84
-108
-129
-134
-124
-124
-130
-137
-124
-108
-98
-102
-103
-98
-82
-81
-74
-80
-71
-71
-66
-69
-80
-87
-100
-108
-119
-123
-126
-128
-123
-113
-97
-84
-70
-55
-44
-30
-24
-25
-32
-40
-43
-54
-75
-92
-100
-92
-83
-73
-66
-48
-11
36
83
110
142
172
199
220
232
234
213
180
172
150
114
60
23
-1
-12
-8
-29
-46
-45
1
44
71
71
86
120
158
177
161
140
128
123
110
69
27
3
-8
-21
-26
-34
-17
5
42
73
108
153
189
223
248
283
301
312
307
307
301
295
278
249
222
200
180
165
139
128
130
136
148
155
170
178
185
186
168
144
110
68
18
-36
-84
-135
-183
-219
-231
-233
-226
-220
-215
-211
-206
-203
-206
-228
-265
-320
-350
-365
-400
-438
-485
-495
-509
-495
-502
-494
-483
-436
-402
-364
-331
-275
-234
-191
-161
-135
-115
-102
-101
-112
-120
-121
-128
-125
-126
-99
-63
-5
44
95
164
235
314
374
430
477
509
537
555
547
536
514
492
462
420
386
357
339
330
323
314
315
315
324
330
329
326
291
264
230
187
143
82
29
-26
-79
-116
-161
-182
-178
-175
-171
-173
-153
-115
-83
-63
-65
-55
-26
-11
-22
-38
-45
-38
-37
-40
-47
-48
-18
22
44
72
92
132
162
176
186
187
193
183
149
121
94
77
46
9
-26
-43
-44
-35
-38
-33
-18
10
38
45
50
56
62
56
38
13
-12
-43
-66
-92
-125
-151
-179
-200
-228
-251
-262
-284
-302
-318
-325
-334
-338
-340
-340
-332
-323
-325
-330
-328
-322
-318
-309
-313
-317
-316
-283
-231
-194
-163
-146
-98
-32
37
89
96
143
189
240
269
277
296
337
377
423
419
422
433
449
463
454
424
394
347
323
286
255
222
173
132
108
87
76
49
23
27
20
34
19
11
32
65
104
118
115
143
174
220
243
249
265
268
290
293
288
281
263
259
240
212
185
165
154
149
136
122
106
86
85
79
69
41
-18
-69
-108
-153
-204
-279
-336
-381
-405
-435
-469
-464
-432
-393
-365
-359
-336
-295
-248
-218
-221
-222
-211
-204
-205
-220
-235
-240
-246
-265
-283
-307
-311
-321
-332
-347
-364
-364
-372
-379
-387
-388
-374
-362
-337
-298
-247
-184
-111
-33
65
154
227
290
332
379
425
438
452
460
467
507
530
558
593
628
683
706
711
696
668
636
585
514
443
354
287
220
159
122
76
51
23
-35
-91
-153
-204
-258
-329
-408
-484
-521
-490
-449
-419
-368
-305
-178
-70
42
105
156
223
258
272
255
246
239
212
198
198
210
234
261
274
286
298
311
296
247
196
142
88
32
-20
-56
-70
-69
-60
-56
-38
-22
-15
-27
-58
-87
-125
-161
-194
-229
-240
-231
-207
-175
-147
-118
-99
-93
-105
-125
-168
-219
-271
-324
-364
-397
-411
-414
-417
-419
-431
-457
-486
-526
-567
-612
-643
-649
-651
-637
-589
-490
-365
-273
-171
-89
-1
81
139
203
254
313
409
462
509
574
646
739
792
797
776
737
711
681
616
569
505
480
445
413
406
370
371
341
282
206
122
45
-19
-84
-125
-161
-180
-153
-71
8
82
112
128
154
127
122
91
76
77
75
82
119
154
215
280
324
336
299
246
198
158
106
51
-4
-48
-80
-85
-99
-105
-120
-164
-218
-293
-375
-431
-480
-519
-533
-538
-525
-493
-442
-378
-324
-302
-284
-286
-300
-325
-337
-329
-311
-301
-292
-279
-255
-237
-211
-200
-209
-232
-281
-327
-366
-392
-399
-402
-395
-355
-305
-247
-171
-114
-39
40
47
63
59
59
121
150
212
295
347
445
531
594
645
666
676
673
639
586
560
561
564
585
582
559
549
518
473
413
329
229
140
26
-76
-148
-210
-244
-255
-269
-271
-288
-320
-316
-306
-301
-283
-261
-221
-162
-109
-50
17
69
114
149
157
154
146
144
151
159
166
185
196
208
212
205
194
172
145
108
69
38
20
10
-2
-16
-29
-51
-73
-107
-128
-145
-165
-181
-195
-199
-199
-195
-189
-185
-198
-215
-238
-257
-274
-287
-294
-300
-304
-310
-313
-328
-345
-380
-407
-450
-490
-540
-589
-627
-652
-640
-610
-563
-495
-440
-362
-326
-331
-302
-309
-225
-152
-74
48
141
249
355
418
489
522
550
567
562
559
559
600
645
680
696
670
624
592
527
500
453
406
391
346
312
272
238
204
176
160
134
128
104
103
138
147
169
173
176
187
179
169
180
197
207
215
203
182
170
158
150
140
105
76
43
1
-30
-59
-93
-131
-186
-249
-321
-381
-425
-441
-465
-503
-530
-571
-593
-606
-601
-574
-545
-515
-494
-465
-438
-399
-358
-320
-289
-272
-262
-241
-222
-199
-187
-173
-163
-159
-159
-166
-179
-187
-194
-205
-223
-247
-271
-282
-275
-233
-170
-97
-32
39
72
51
47
36
95
163
219
305
366
415
473
489
518
525
528
536
524
513
519
542
560
554
508
445
355
301
246
227
200
155
105
13
-89
-180
-246
-283
-298
-302
-293
-286
-280
-268
-232
-205
-178
-165
-123
-78
-19
43
122
200
232
244
226
224
231
256
297
327
339
333
310
276
236
209
182
156
120
88
59
31
7
-28
-78
-143
-199
-238
-259
-263
-254
-244
-256
-282
-316
-342
-353
-354
-347
-334
-332
-334
-343
-342
-349
-355
-380
-392
-393
-401
-398
-411
-423
-456
-514
-567
-615
-651
-666
-670
-629
-580
-490
-415
-351
-328
-367
-377
-377
-282
-161
-32
94
187
250
292
315
357
420
499
579
617
646
657
699
729
741
713
672
615
604
595
613
613
592
539
433
310
202
158
156
194
224
231
189
126
64
43
37
53
76
104
119
136
136
139
126
94
75
47
48
53
80
107
101
62
-1
-74
-133
-170
-176
-172
-185
-223
-276
-340
-406
-457
-500
-530
-559
-557
-549
-536
-532
-518
-510
-515
-524
-512
-476
-427
-374
-329
-302
-298
-297
-292
-284
-268
-244
-197
-156
-127
-124
-135
-158
-176
-191
-195
-200
-212
-220
-214
-183
-128
-47
18
72
41
-9
-51
-43
47
153
257
319
334
322
308
306
353
422
492
524
504
469
443
441
461
455
416
356
291
268
245
256
235
196
106
-15
-120
-186
-188
-159
-102
-57
-67
-122
-219
-245
-216
-151
-61
-9
51
67
73
79
93
109
135
164
192
214
233
264
295
281
250
188
144
130
135
172
172
155
98
30
-36
-92
-112
-119
-136
-162
-197
-230
-266
-287
-291
-295
-314
-338
-344
-340
-328
-325
-316
-320
-348
-376
-395
-390
-371
-362
-342
-363
-384
-430
-472
-496
-517
-508
-508
-537
-576
-612
-603
-541
-460
-351
-285
-250
-300
-341
-359
-274
-140
7
114
161
177
177
213
262
356
440
512
532
527
511
540
570
614
598
567
520
501
513
527
546
517
466
364
266
194
186
211
258
270
258
197
136
83
80
111
149
184
201
205
196
179
161
149
134
135
134
142
142
138
115
78
14
-43
-96
-130
-145
-158
-178
-216
-273
-328
-386
-426
-452
-476
-499
-534
-557
-579
-586
-588
-579
-566
-560
-555
-546
-523
-487
-453
-415
-399
-390
-378
-364
-328
-303
-270
-241
-217
-209
-222
-232
-227
-210
-189
-183
-197
-229
-257
-256
-201
-121
-11
78
130
105
15
-43
-37
79
215
326
374
378
346
332
322
371
430
499
529
507
458
417
407
411
404
352
304
244
238
230
233
197
144
56
-33
-111
-140
-114
-68
-38
-45
-82
-131
-156
-146
-92
-44
4
33
63
79
92
98
110
129
148
169
189
211
227
228
214
174
141
117
104
99
88
69
33
-14
-60
-98
-125
-150
-179
-220
-269
-310
-339
-351
-369
-380
-397
-410
-424
-441
-444
-442
-434
-424
-426
-437
-457
-466
-466
-456
-439
-418
-405
-407
-424
-448
-464
-475
-464
-448
-435
-446
-472
-495
-473
-414
-299
-165
-71
-30
-91
-154
-168
-82
64
208
300
344
340
332
335
372
451
534
593
593
559
524
528
531
554
515
469
414
387
393
388
375
326
249
151
59
9
8
23
21
-9
-27
-33
-15
2
1
-2
-25
-34
-20
26
94
131
139
104
60
26
41
86
139
154
129
86
36
8
1
-4
-6
-36
-74
-109
-142
-145
-155
-165
-210
-264
-309
-342
-350
-347
-341
-346
-364
-384
-394
-387
-375
-355
-347
-350
-356
-360
-350
-337
-334
-337
-346
-347
-347
-338
-323
-319
-328
-359
-380
-401
-397
-383
-377
-394
-431
-436
-394
-295
-159
-51
0
-45
-133
-165
-117
29
174
289
342
341
308
285
312
389
487
560
570
530
483
466
475
490
475
430
386
342
338
338
338
302
229
137
42
-13
-11
34
84
89
53
-23
-77
-80
-30
46
91
102
94
87
90
105
122
147
152
151
135
132
138
150
149
128
79
30
5
-5
-4
-16
-42
-90
-150
-192
-210
-215
-215
-244
-284
-342
-386
-400
-395
-378
-371
-372
-388
-412
-420
-413
-380
-358
-351
-361
-381
-387
-389
-371
-356
-343
-336
-332
-338
-350
-359
-367
-370
-378
-384
-377
-378
-383
-399
-415
-382
-339
-231
-124
-35
21
-22
-60
-78
-17
115
243
343
391
392
391
382
408
465
529
582
590
558
528
510
507
510
460
414
362
339
342
327
310
260
188
102
18
-27
-27
9
46
54
32
-17
-53
-49
-10
51
83
107
112
123
139
147
156
154
155
151
152
154
162
161
148
114
67
26
4
-7
-8
-27
-56
-102
-151
-183
-211
-215
-225
-243
-276
-320
-348
-362
-362
-357
-350
-346
-348
-354
-356
-350
-333
-321
-313
-309
-313
-310
-318
-314
-316
-314
-311
-312
-300
-305
-301
-318
-336
-356
-371
-370
-368
-355
-357
-372
-376
-353
-284
-154
-24
76
81
6
-48
-22
101
258
367
439
466
457
450
431
473
549
625
658
611
548
511
502
517
494
433
368
309
289
282
269
247
184
100
-1
-83
-107
-83
-40
-9
-6
-20
-49
-83
-67
-13
72
124
146
142
151
164
182
193
198
197
191
190
186
191
181
170
133
88
44
13
-1
3
-4
-30
-80
-133
-174
-195
-198
-201
-205
-227
-259
-295
-311
-313
-302
-287
-278
-273
-280
-281
-271
-260
-245
-252
-256
-268
-270
-276
-280
-287
-301
-301
-314
-315
-332
-339
-353
-371
-389
-408
-411
-415
-409
-416
-431
-448
-451
-406
-326
-180
-38
64
85
-6
-44
-30
103
269
387
478
508
519
501
485
502
564
639
661
637
571
544
530
517
477
385
322
255
246
246
237
223
153
65
-48
-131
-156
-127
-76
-48
-30
-37
-34
-46
-33
20
71
135
147
164
193
233
273
270
242
192
169
161
178
201
195
177
117
53
-7
-48
-52
-52
-40
-69
-114
-165
-209
-216
-229
-233
-245
-256
-261
-268
-264
-264
-251
-250
-247
-244
-241
-217
-193
-168
-157
-166
-181
-200
-210
-213
-210
-207
-217
-235
-268
-295
-314
-310
-312
-320
-343
-374
-391
-416
-420
-419
-406
-397
-410
-430
-421
-367
-254
-92
43
145
123
48
18
57
214
376
496
570
577
568
536
542
667
707
615
603
648
578
493
501
501
371
269
240
163
164
195
195
154
67
-28
-117
-167
-160
-128
-80
-34
-31
-115
-97
15
97
210
304
313
266
231
293
363
387
414
457
378
223
234
254
248
270
213
71
19
134
9
-76
37
3
-114
-193
-200
-170
-141
-138
-110
-172
-300
-239
-167
-216
-229
-58
-73
-243
-121
-187
-163
-20
-28
-122
-69
-68
-196
-111
-65
-206
-167
-116
-318
-328
-259
-314
-312
-269
-332
-429
-434
-398
-375
-309
-395
-394
-276
-287
-408
-336
-318
-278
-157
37
144
291
279
154
106
132
245
448
568
618
636
637
638
571
572
587
561
624
576
429
429
469
377
386
226
19
-15
34
114
134
97
52
-84
-188
-215
-250
-157
-74
11
21
-146
-145
110
189
233
382
290
118
233
323
356
432
410
338
256
134
151
210
183
181
103
18
-50
-122
-54
-84
-138
-94
-238
-260
-147
-220
-231
-146
-206
-288
-221
-210
-175
-139
-149
-163
-146
-142
-131
-70
-58
-149
-173
-26
-88
-159
-79
-112
-261
-303
-246
-273
-290
-259
-264
-429
-483
-409
-474
-426
-329
-461
-610
-486
-429
-523
-400
-327
-390
-492
-421
-391
-377
-150
-40
0
123
219
230
211
294
244
344
498
497
567
598
616
591
582
520
373
397
459
385
317
288
282
158
117
69
-35
-96
-50
-3
-82
-50
-41
-76
-42
-101
-185
-160
-66
-16
55
141
145
151
176
236
309
332
329
353
440
346
311
298
305
249
192
184
112
38
29
43
-22
-66
-37
-122
-179
-175
-148
-141
-74
-30
-146
-146
-92
-78
-78
-28
-42
-42
-57
-77
-28
7
3
10
-22
-108
-100
-114
-111
5
4
-117
-187
-243
-278
-248
-235
-235
-270
-336
-412
-405
-417
-436
-363
-412
-435
-463
-486
-433
-365
-320
-355
-369
-351
-361
-314
-256
-176
-102
-67
-30
97
186
256
401
381
326
300
386
518
565
564
545
503
514
542
484
393
359
296
273
256
170
184
150
97
5
-47
-25
-60
-13
28
53
-44
-44
63
27
7
50
77
36
89
172
169
224
256
280
326
331
271
319
341
320
290
257
171
114
136
135
77
22
4
-27
-67
-90
-73
-43
-51
-82
-69
-49
-32
44
89
19
-25
17
9
49
87
77
37
-5
14
-14
-5
41
9
-68
-125
-131
-93
-89
-102
-137
-214
-272
-268
-288
-310
-311
-324
-366
-396
-437
-445
-405
-397
-420
-451
-482
-429
-366
-317
-328
-324
-302
-341
-337
-291
-251
-257
-177
-99
-39
65
158
161
168
194
265
367
402
389
423
471
496
502
456
429
406
408
390
352
303
281
267
250
206
106
63
91
101
45
10
62
58
16
65
72
-11
-6
55
73
78
87
87
111
125
118
116
122
122
149
225
270
250
208
207
176
121
114
120
103
101
111
91
46
15
-6
3
34
8
-14
22
53
54
74
119
108
90
84
90
85
79
97
102
104
67
34
1
2
-26
-38
-36
-68
-90
-95
-120
-151
-208
-223
-230
-237
-258
-270
-318
-367
-360
-369
-389
-382
-399
-429
-432
-424
-394
-359
-360
-380
-378
-329
-294
-268
-231
-220
-234
-221
-189
-162
-138
-90
0
86
197
265
278
243
252
252
279
318
365
423
442
466
438
420
385
370
346
289
257
240
226
252
248
231
168
104
73
77
75
46
66
68
88
104
92
47
6
2
9
36
47
61
88
90
110
94
83
81
77
81
86
129
175
209
210
179
131
82
63
63
106
137
115
124
123
108
106
109
91
74
109
139
158
167
138
133
161
165
135
110
97
80
84
94
83
55
25
19
-29
-73
-87
-86
-73
-98
-134
-188
-219
-236
-247
-269
-298
-308
-332
-329
-340
-369
-378
-376
-380
-394
-389
-376
-386
-359
-347
-339
-323
-290
-258
-222
-189
-180
-178
-170
-153
-136
-118
-118
-115
-96
-15
89
212
316
333
319
283
241
210
231
261
319
382
425
438
416
373
332
295
259
231
193
169
164
173
169
172
135
94
67
43
29
14
12
31
75
92
69
49
9
-8
5
14
24
43
79
116
127
127
120
107
101
105
96
71
73
79
93
97
88
113
147
176
185
146
113
87
95
111
149
179
191
215
204
187
164
146
142
162
173
163
154
137
131
133
133
117
72
31
15
-10
-30
-43
-50
-89
-111
-133
-171
-203
-242
-262
-279
-283
-286
-297
-310
-314
-314
-326
-333
-339
-345
-321
-301
-298
-297
-289
-270
-254
-233
-230
-221
-212
-191
-167
-139
-114
-91
-91
-91
-95
-111
-110
-111
-116
-133
-136
-136
-87
-11
87
164
201
214
182
143
102
88
96
131
215
301
360
366
323
269
214
186
173
164
138
121
138
159
168
162
119
83
51
45
37
19
8
21
49
73
81
65
37
30
24
20
29
40
65
111
150
156
139
128
117
109
98
92
84
83
104
102
86
73
77
87
104
103
99
108
121
135
141
137
136
140
153
164
171
148
132
127
121
130
133
122
98
83
73
55
39
14
-7
-18
-29
-32
-63
-91
-115
-134
-158
-178
-195
-205
-203
-204
-203
-211
-222
-229
-232
-229
-224
-212
-213
-205
-190
-169
-146
-139
-148
-153
-152
-143
-131
-133
-122
-113
-101
-98
-105
-120
-137
-138
-134
-136
-119
-126
-135
-138
-160
-167
-207
-229
-258
-273
-264
-233
-154
-66
37
116
146
140
87
34
-6
-15
26
105
202
275
325
325
298
241
170
122
98
91
95
130
152
164
169
153
130
98
75
65
41
30
24
28
38
67
83
86
84
79
71
72
78
80
109
152
203
243
272
283
275
257
244
232
220
221
225
227
228
226
216
187
156
118
84
55
34
41
43
50
52
50
41
5
-39
-90
-125
-148
-154
-146
-154
-157
-162
-170
-169
-175
-177
-197
-193
-172
-140
-115
-111
-101
-90
-63
-44
-25
-22
-19
-14
-1
10
9
14
34
52
72
85
88
77
65
58
61
51
51
48
53
53
54
36
4
-21
-44
-55
-59
-69
-76
-87
-94
-101
-124
-153
-181
-213
-241
-254
-260
-267
-275
-291
-308
-342
-378
-424
-468
-520
-541
-519
-518
-516
-489
-395
-292
-192
-123
-97
-100
-99
-80
-94
-97
-46
57
176
291
366
391
389
380
335
277
240
240
261
295
341
360
363
358
339
288
247
223
209
194
183
184
181
205
214
220
211
209
215
205
189
165
155
165
189
216
217
217
206
186
146
83
20
-33
-65
-78
-85
-107
-138
-149
-169
-223
-295
-355
-375
-381
-386
-389
-388
-360
-306
-252
-214
-200
-165
-139
-103
-91
-74
-46
-1
71
137
214
265
291
299
289
272
258
261
274
293
323
360
383
375
337
301
249
218
183
165
144
128
115
97
74
36
7
-28
-50
-66
-82
-107
-131
-149
-152
-152
-150
-152
-162
-163
-168
-184
-224
-259
-285
-305
-320
-336
-344
-337
-347
-387
-444
-483
-495
-508
-543
-572
-572
-538
-495
-474
-482
-502
-483
-441
-419
-417
-423
-389
-345
-281
-237
-204
-159
-78
41
144
245
321
380
426
448
452
437
432
458
513
578
627
659
681
665
612
527
442
367
301
267
236
220
219
209
169
108
53
10
-31
-65
-99
-122
-130
-126
-129
-148
-149
-141
-118
-101
-103
-125
-133
-107
-90
-94
-112
-103
-55
-14
-1
-24
-52
-63
-56
-51
-75
-94
-69
-24
20
24
16
-5
-9
-7
-9
-19
-15
12
44
74
96
112
123
139
159
183
203
228
246
267
280
293
300
304
310
311
316
318
306
282
233
191
150
121
91
65
54
37
27
2
-40
-94
-141
-168
-188
-205
-219
-226
-217
-216
-218
-243
-281
-314
-315
-292
-291
-317
-323
-302
-267
-264
-264
-282
-275
-246
-205
-204
-232
-231
-204
-188
-182
-186
-184
-174
-154
-136
-150
-166
-168
-164
-157
-150
-132
-126
-112
-106
-108
-113
-113
-116
-121
-119
-112
-103
-95
-100
-118
-141
-141
-133
-127
-116
-86
-33
33
104
141
154
154
155
145
131
113
114
142
196
238
265
278
281
257
214
175
116
64
28
29
32
20
2
-3
-10
-15
-43
-75
-114
-136
-128
-127
-129
-135
-109
-69
-38
-8
5
26
45
70
71
73
90
120
149
178
203
221
229
237
217
183
161
153
148
132
125
126
139
141
112
77
44
30
13
-7
-31
-48
-38
-23
-24
-35
-41
-32
-14
9
15
11
29
54
76
79
78
80
92
108
108
94
67
45
32
22
-5
-63
-104
-107
-108
-129
-155
-180
-208
-211
-206
-223
-249
-252
-228
-219
-205
-195
-192
-183
-165
-148
-142
-118
-92
-71
-47
-14
12
31
43
52
57
74
95
93
92
84
78
68
66
45
5
-21
-32
-42
-59
-89
-125
-155
-166
-179
-207
-233
-247
-240
-230
-230
-245
-258
-265
-259
-262
-269
-274
-268
-247
-225
-215
-219
-228
-240
-238
-232
-233
-236
-192
-136
-77
-44
-20
-7
-16
-21
-29
-36
-25
5
62
114
163
197
211
213
200
184
183
179
196
204
240
266
285
284
282
281
274
267
264
261
246
221
223
232
222
201
190
191
190
189
175
130
97
92
98
82
63
60
68
81
71
36
-11
-37
-48
-66
-73
-77
-78
-68
-55
-58
-93
-123
-151
-177
-187
-182
-184
-208
-218
-193
-181
-187
-200
-198
-193
-164
-127
-117
-126
-107
-64
-29
-13
14
34
61
96
127
127
117
128
148
165
180
185
187
188
199
193
173
155
141
136
121
120
105
88
65
49
26
5
-11
-25
-49
-55
-56
-60
-74
-83
-82
-77
-64
-65
-72
-78
-74
-70
-80
-91
-106
-108
-109
-119
-145
-167
-184
-212
-253
-272
-289
-313
-342
-367
-381
-395
-413
-432
-445
-442
-418
-384
-373
-364
-350
-318
-302
-287
-269
-243
-204
-156
-107
-76
-47
-14
13
30
50
78
113
152
195
229
270
299
306
286
270
276
283
272
264
267
281
292
300
273
233
211
208
200
168
140
125
128
145
145
126
106
106
117
106
87
57
34
20
21
15
-15
-37
-45
-47
-39
-66
-113
-155
-151
-145
-161
-172
-186
-178
-156
-130
-140
-164
-168
-144
-127
-104
-101
-82
-61
-17
11
24
38
50
67
83
113
127
144
160
183
202
226
243
246
218
213
220
232
217
196
176
175
193
194
162
125
99
97
91
67
32
10
11
16
19
-2
-28
-41
-45
-53
-70
-95
-119
-134
-126
-122
-146
-182
-205
-206
-208
-214
-245
-278
-288
-259
-250
-254
-273
-269
-251
-216
-202
-204
-211
-179
-148
-121
-110
-93
-81
-63
-34
-22
-18
-11
6
17
25
38
44
44
47
53
64
72
63
48
36
41
39
21
-8
-18
-14
-8
-5
-27
-57
-71
-52
-43
-59
-78
-78
-68
-48
-44
-59
-97
-104
-95
-72
-63
-62
-56
-44
-20
-3
-34
-80
-120
-118
-100
-73
-70
-71
-55
-34
-33
-46
-78
-91
-91
-48
-13
12
28
53
76
85
95
103
107
122
152
182
205
220
229
231
237
248
258
257
251
246
258
261
245
213
205
198
213
197
172
127
104
101
91
62
27
9
14
20
8
-19
-39
-52
-49
-38
-43
-58
-59
-44
-34
-43
-46
-49
-49
-51
-44
-46
-61
-78
-93
-94
-101
-126
-149
-161
-148
-146
-157
-169
-173
-173
-158
-142
-139
-149
-136
-105
-74
-69
-63
-51
-29
-3
20
29
32
42
66
93
117
119
120
120
132
141
148
141
124
120
132
143
131
96
68
56
57
53
25
-8
-29
-24
-21
-40
-73
-108
-115
-110
-109
-118
-138
-148
-149
-144
-154
-172
-185
-199
-198
-202
-215
-240
-255
-255
-264
-283
-305
-304
-306
-307
-309
-300
-296
-279
-257
-234
-227
-207
-183
-158
-134
-125
-100
-63
-16
17
48
73
91
117
138
148
169
201
252
289
312
315
318
324
304
279
271
285
300
308
308
287
262
258
238
195
153
151
153
152
148
121
104
105
112
89
61
48
37
37
39
25
-2
-17
-15
-35
-73
-108
-133
-146
-159
-179
-216
-225
-222
-215
-232
-255
-275
-270
-236
-206
-208
-204
-179
-138
-98
-78
-68
-68
-29
26
70
89
105
131
165
199
214
219
228
243
253
256
253
257
255
255
246
237
217
204
182
147
115
98
88
78
61
50
35
28
14
-4
-30
-46
-36
-29
-26
-37
-48
-50
-48
-57
-81
-102
-117
-130
-140
-163
-185
-192
-205
-235
-266
-277
-282
-291
-299
-310
-309
-289
-254
-236
-240
-244
-222
-180
-152
-132
-119
-98
-67
-26
10
13
14
30
65
92
106
119
129
142
148
151
151
140
130
121
112
106
92
90
77
56
33
20
16
7
1
-12
-17
-18
-14
-6
-6
-15
-17
-13
-12
-15
4
28
53
72
60
34
-7
-44
-79
-102
-103
-107
-97
-85
-94
-121
-161
-178
-184
-175
-153
-143
-125
-99
-59
-32
-13
-7
2
31
72
108
140
171
193
216
246
268
267
270
263
266
267
287
291
293
281
258
226
196
168
140
114
103
90
81
67
43
14
-13
-25
-33
-36
-33
-25
-16
-12
-13
-22
-31
-27
-20
-13
-16
-29
-49
-57
-68
-93
-115
-136
-158
-189
-218
-240
-245
-230
-223
-239
-249
-251
-231
-210
-189
-184
-176
-133
-77
-30
-6
9
25
46
90
133
166
171
195
210
228
245
257
252
246
238
229
214
214
207
189
165
138
113
88
69
45
16
5
-4
-11
-27
-38
-54
-70
-77
-89
-94
-91
-84
-85
-97
-114
-131
-135
-131
-139
-152
-180
-202
-229
-253
-278
-296
-301
-316
-345
-359
-357
-350
-341
-324
-310
-306
-280
-254
-228
-203
-170
-124
-80
-37
-10
16
39
74
110
149
181
221
262
298
321
337
339
348
361
364
357
346
335
319
311
310
297
286
263
229
194
168
160
146
153
150
142
113
96
78
70
73
79
72
64
54
42
17
-4
-33
-57
-80
-113
-147
-178
-196
-203
-213
-242
-286
-302
-290
-284
-274
-268
-252
-237
-192
-151
-131
-119
-93
-49
-3
44
86
118
154
177
202
213
235
259
284
301
308
298
288
286
288
272
250
230
207
186
169
157
134
117
101
83
61
44
34
27
20
23
15
12
3
-2
-12
-11
-9
-11
-16
-23
-36
-52
-71
-93
-119
-147
-187
-216
-246
-266
-277
-288
-305
-341
-354
-344
-328
-311
-291
-270
-237
-204
-160
-129
-93
-64
-13
35
68
90
126
157
182
196
218
220
234
240
247
246
231
218
194
185
161
144
129
111
88
65
45
29
8
5
-1
-5
-17
-28
-33
-34
-21
-18
-17
-20
-32
-36
-40
-44
-55
-71
-86
-115
-136
-171
-203
-206
-186
-157
-145
-165
-218
-290
-337
-350
-311
-249
-183
-138
-115
-107
-118
-112
-79
-21
50
120
167
190
208
235
265
285
295
300
313
332
358
383
390
380
346
298
250
210
191
204
222
229
216
173
110
49
40
51
72
91
98
87
65
51
36
30
33
39
48
49
42
36
35
33
15
-11
-42
-78
-104
-117
-113
-139
-181
-231
-259
-285
-316
-334
-334
-311
-289
-264
-256
-260
-252
-211
-157
-108
-69
-15
33
77
114
135
152
168
208
246
272
287
292
293
292
283
262
236
221
207
200
185
166
136
108
81
55
30
14
7
6
5
4
-3
-18
-23
-28
-21
-11
6
15
18
20
14
4
-13
-26
-38
-46
-53
-71
-97
-135
-175
-211
-250
-290
-330
-325
-317
-325
-352
-358
-363
-361
-333
-281
-247
-225
-182
-140
-105
-71
-13
43
78
115
142
166
177
209
229
249
254
239
219
197
187
176
183
200
218
234
227
201
138
85
61
73
106
132
153
142
124
109
102
98
94
115
147
158
161
144
127
112
108
97
68
45
42
47
48
17
-40
-111
-179
-224
-246
-243
-239
-250
-266
-272
-293
-305
-289
-258
-217
-162
-108
-73
-63
-22
27
80
116
144
170
204
243
273
297
302
308
306
304
288
277
284
292
292
272
228
182
150
139
134
127
119
101
75
54
30
18
17
33
44
42
39
29
27
32
42
44
38
30
12
0
-6
-4
-8
-34
-71
-118
-153
-188
-218
-249
-266
-265
-288
-327
-362
-374
-364
-336
-292
-273
-261
-216
-218
-173
-137
-83
-45
16
82
99
113
151
181
221
248
275
276
282
277
278
271
254
233
227
214
181
146
121
99
66
49
34
13
-12
-25
-38
-56
-57
-48
-37
-35
-39
-40
-42
-38
-34
-26
-18
-15
-15
-20
-36
-59
-70
-78
-97
-117
-146
-190
-253
-294
-314
-307
-301
-315
-324
-317
-303
-288
-281
-265
-256
-210
-135
-73
-34
3
51
96
146
204
238
267
304
338
367
367
377
385
403
398
384
350
328
316
315
305
273
227
175
126
99
83
75
62
52
34
-6
-37
-50
-43
-22
8
19
12
-6
-13
-12
2
14
25
24
22
5
-21
-48
-74
-87
-104
-132
-178
-211
-233
-253
-270
-279
-301
-316
-312
-294
-284
-270
-241
-212
-181
-152
-117
-74
-14
70
142
212
238
247
247
269
312
360
402
426
417
400
366
350
330
318
313
298
267
205
154
111
85
63
38
6
-32
-47
-47
-58
-68
-86
-99
-108
-103
-88
-78
-67
-56
-48
-49
-56
-53
-45
-35
-27
-35
-53
-85
-119
-155
-184
-209
-232
-251
-279
-304
-327
-347
-361
-364
-355
-340
-317
-283
-260
-237
-211
-169
-126
-78
-26
25
69
101
130
155
179
213
249
280
290
299
299
287
272
259
240
226
218
194
152
110
69
36
17
8
-1
-19
-31
-54
-73
-75
-62
-37
-24
-17
-18
-20
-6
19
50
71
83
85
78
69
57
54
51
34
12
-10
-32
-69
-93
-108
-123
-138
-149
-163
-178
-172
-166
-166
-166
-161
-148
-120
-83
-60
-45
-14
11
38
69
105
137
177
208
220
222
238
257
283
293
296
286
271
253
232
220
205
193
176
151
119
84
64
49
29
21
7
-3
-26
-37
-46
-52
-51
-50
-49
-51
-51
-45
-19
16
29
14
-38
-69
-77
-50
-24
-24
-51
-105
-144
-163
-160
-153
-144
-148
-163
-185
-192
-200
-183
-153
-118
-117
-117
-110
-75
-38
9
29
31
32
61
107
140
167
172
181
185
200
204
213
225
233
220
196
162
150
139
140
128
94
50
20
8
-9
-22
-38
-55
-70
-80
-97
-111
-110
-93
-90
-94
-108
-111
-112
-105
-105
-122
-137
-146
-155
-170
-182
-192
-204
-218
-226
-245
-264
-262
-247
-245
-254
-258
-256
-249
-229
-204
-194
-185
-165
-143
-105
-51
24
72
76
66
74
111
171
243
291
301
298
293
299
320
352
369
374
365
336
303
276
268
268
250
217
178
153
137
128
118
85
50
27
19
11
4
-6
-30
-47
-61
-78
-84
-83
-73
-81
-98
-122
-137
-143
-141
-131
-133
-152
-164
-176
-177
-173
-170
-168
-171
-164
-168
-159
-147
-136
-118
-101
-83
-69
-46
-20
4
31
47
67
90
118
146
158
173
187
202
219
236
246
247
243
235
229
231
225
218
204
185
163
148
142
124
99
70
53
41
27
17
-4
-23
-38
-53
-60
-68
-69
-73
-81
-90
-101
-97
-100
-98
-102
-109
-117
-121
-124
-129
-129
-136
-139
-137
-142
-144
-145
-144
-147
-143
-135
-130
-117
-106
-98
-91
-87
-67
-40
-20
2
15
22
36
65
85
103
127
130
131
135
140
144
148
150
138
122
111
101
99
88
70
43
20
1
-10
-24
-39
-42
-58
-75
-88
-91
-92
-90
-86
-94
-89
-106
-104
-91
-110
-115
-98
-100
-104
-94
-98
-113
-123
-112
-103
-101
-106
-89
-90
-106
-86
-79
-80
-70
-46
-24
-42
-37
-19
-10
7
27
44
50
59
80
92
90
107
131
131
145
167
161
159
166
167
154
157
164
159
146
122
123
104
85
76
76
57
20
37
25
-19
-2
-22
-39
-29
-50
-49
-62
-64
-75
-91
-73
-66
-72
-70
-49
-89
-94
-48
-53
-43
-32
-33
-37
-36
-29
-38
-22
-1
-31
-31
-4
-43
-40
-8
-20
-38
-24
-15
-27
-25
-15
-11
-19
-19
11
3
-5
22
23
-3
15
33
11
27
54
24
6
37
16
-12
15
7
-19
-12
-19
-50
-49
-51
-89
-68
-67
-124
-88
-87
-143
-142
-115
-156
-145
-86
-147
-132
-105
-179
-118
-93
-123
-90
-43
-103
-107
-35
-57
-59
-5
-19
-33
-21
1
-1
9
-17
-1
20
-24
-10
30
-14
-47
16
-9
-60
-11
5
-35
-30
-26
-30
-52
-53
-32
-15
-26
-1
70
38
-21
23
21
3
71
112
65
26
52
41
20
47
91
78
16
25
30
-13
-30
29
22
-39
-30
2
-56
-66
16
2
-57
0
1
-37
-31
37
15
-42
11
49
-34
-11
83
20
-30
69
62
-7
21
88
29
-7
60
30
-26
24
33
-30
-8
26
-32
-33
1
-35
-44
-3
-26
-57
-21
-18
-79
-29
7
-83
-30
-1
-47
-69
4
-22
-84
-15
2
-94
-30
19
-40
-44
-12
-17
-71
1
40
-53
-49
19
-41
-56
55
1
-29
25
12
-35
10
53
-7
-4
83
-27
-33
82
11
-43
92
36
-56
58
45
-46
0
48
-37
-12
49
-52
-52
25
-63
-78
25
-39
-106
12
-51
-136
-25
-39
-119
-56
-56
-108
-91
-100
-93
-97
-105
-97
-113
-108
-123
-100
-116
-115
-91
-135
-108
-98
-94
-138
-72
-73
-114
-63
-92
-94
-49
-72
-91
-34
-26
-138
-32
5
-113
-19
17
-72
-52
1
-56
1
-9
-15
-1
-33
-18
-17
-22
-3
12
-36
28
-23
-68
22
-28
-49
18
-39
-46
-17
-24
-44
-17
-32
-46
-10
-12
-16
-31
-25
-18
-38
-17
-20
28
-24
-68
31
-4
-85
32
29
-72
15
12
-83
11
-4
-43
-11
19
-36
-29
12
-24
-28
26
18
-16
6
34
2
25
28
-12
54
27
11
46
34
54
17
21
56
4
9
67
2
32
13
-8
13
8
-42
18
47
-57
-27
40
-108
-11
17
-81
10
-28
-46
-62
-17
-48
-100
20
-21
-144
2
-42
-117
-44
-25
-92
-42
-63
-68
-49
-95
-102
-16
-90
-96
-50
-43
-107
-98
-29
-102
-75
-34
-87
-40
-63
-125
8
-71
-113
-10
-32
-80
-59
-20
-62
-14
-67
-81
23
-56
-118
25
-36
-106
-29
-13
-50
-90
2
-84
-47
4
-109
-29
20
-137
-51
64
-116
-62
30
-132
-44
-51
-59
-55
-9
-87
-114
-21
-104
-93
2
-83
-130
4
-81
-45
-4
-9
-40
-3
-25
-38
73
-6
-23
78
0
-21
101
-5
50
106
-23
-5
147
-9
-18
135
62
-57
65
108
-88
93
84
-64
73
53
-74
56
92
-83
-3
94
-97
17
82
-94
4
77
-103
-21
93
-36
-93
55
-17
-109
28
-41
-30
-43
-74
-38
-34
-89
-53
-17
-60
-97
-43
-37
-114
-40
-49
-79
-51
-49
-84
-44
-10
-113
-21
-13
-102
-10
-13
-80
27
-60
-43
29
-49
-49
58
-22
-89
20
20
-83
7
34
-67
-23
5
-31
-16
20
-28
-21
23
-39
-23
50
-67
-10
55
-88
-16
63
-95
-23
89
-122
-55
117
-99
-90
111
-100
-49
45
-90
-42
7
-59
-94
56
-69
-146
103
-98
-175
99
-70
-199
62
-40
-209
57
-72
-131
12
-95
-103
19
-84
-130
32
-78
-140
27
-65
-120
-8
-55
-107
21
-105
-78
39
-69
-141
14
-74
-83
-5
-95
-54
-4
-113
-56
7
-124
-57
-10
-60
-52
-23
-99
-6
-26
-141
5
40
-132
-68
78
-117
-84
34
-64
-55
33
-72
-61
-6
-60
-75
37
-56
-33
2
-124
5
-8
-109
-21
48
-119
-30
-2
-27
-97
-19
36
-89
21
-52
-52
12
-56
-79
28
-14
-129
39
-40
-115
34
-21
-93
19
-52
-45
2
-61
-23
-6
-55
-23
3
-63
3
-41
-11
30
-64
1
26
-66
32
-16
-43
48
7
-72
33
58
-76
20
7
-7
13
1
-21
43
-65
-9
30
-15
-74
50
-15
-59
38
-27
-78
45
-7
-105
63
-25
-88
-7
-5
-91
11
-7
-136
-11
15
-154
-53
66
-128
-88
77
-170
-58
50
-203
-1
47
-192
-61
74
-206
-51
39
-172
-5
-24
-171
21
-37
-164
10
-30
-113
-45
-15
-79
-69
18
-132
-54
59
-103
-115
105
-88
-135
55
-19
-102
12
-56
4
-60
-75
18
-15
-56
4
-41
-20
-47
-50
20
-44
-61
16
-52
-28
-47
-32
-37
-37
-19
-57
-33
-41
-40
-11
-65
16
-37
-83
44
-34
-53
39
-29
-8
5
-23
-10
5
11
15
-12
10
11
-17
16
28
-16
26
33
-57
70
-17
-44
134
-40
-5
79
-72
42
66
-51
35
74
-91
29
66
-73
4
45
-3
3
-40
13
-4
-33
0
28
-17
-38
-15
21
-62
-65
6
12
-77
-18
-5
-88
-62
-21
-36
-68
7
-78
-61
-24
-49
-80
-1
-40
-51
-20
-58
-62
27
-85
-40
48
-49
-82
15
24
-118
-9
79
-99
-19
47
-86
-4
16
-52
23
-9
-71
12
-28
-8
-21
-28
16
-30
-88
29
-7
-73
-20
-4
-34
-104
-13
-32
-114
-3
-73
-78
-16
-134
-47
-49
-72
-137
2
-108
-135
-21
-97
-138
-34
-97
-94
-78
-97
-93
-61
-100
-66
-68
-92
-82
-59
-75
-113
-27
-45
-143
-28
-25
-159
-21
-53
-83
-5
-42
-115
17
-73
-88
19
-18
-52
-36
-56
-58
-54
-44
-6
-32
-23
26
-73
-24
0
-37
33
23
-30
47
-68
-27
102
-46
-32
142
-59
-56
73
-7
-42
95
-24
52
-28
-18
30
11
-30
73
32
-71
21
44
-50
26
-39
106
-97
6
87
-109
55
42
-58
47
29
-86
50
14
-61
30
13
-70
19
-34
-39
-34
10
-30
-77
-28
16
-107
-49
64
-116
-29
-18
-45
-44
-76
5
-34
-69
-64
11
-76
-68
-11
-29
-95
-24
-46
-58
-52
-58
-14
-55
-56
26
-65
-106
49
-72
-90
36
9
-116
10
-42
-45
-39
5
-79
6
14
-130
29
41
-121
-27
91
-76
-73
69
-49
-79
42
-81
8
-21
-83
33
-33
-82
-7
-8
-84
-1
-3
-87
-33
-13
-30
-83
0
6
-61
-50
-17
-32
-77
-3
8
7
-160
-14
51
-152
-59
97
-61
-153
11
25
-108
-87
70
8
-98
-79
79
-134
-36
-29
78
-112
-77
61
-119
-142
93
3
-108
-14
20
-150
-42
-12
-20
-9
-52
-57
-22
-50
-203
86
18
-111
-46
50
-194
-89
75
-109
-76
30
-96
-63
-107
-32
-87
-18
-58
-42
-63
-93
-93
-61
-27
-70
-122
71
-119
-136
-45
8
-80
-102
-53
21
-96
-97
34
-128
-129
73
-48
-57
-45
-89
-35
-14
-107
-52
41
-2
-85
-61
-12
-131
24
119
-118
-87
63
-106
-66
64
-22
-102
91
-63
-78
-52
40
14
-45
-13
-55
-27
3
-39
1
-36
-70
21
8
-38
-104
42
29
-74
-79
56
-48
-119
38
39
-144
-71
80
-97
-92
10
-6
-123
-21
-13
-86
-139
81
-116
-30
33
-137
-32
-11
-98
-4
-4
-99
-30
14
-75
-52
-68
-40
-17
2
-93
-3
-116
-3
1
-157
53
26
-82
-63
-59
7
-138
6
72
-77
-103
27
-67
-111
-53
3
-13
-16
-135
-31
-106
-120
85
-5
-150
-42
7
-122
-104
83
-54
-64
-13
-30
-36
-126
48
42
-86
-47
-64
6
-76
3
8
-117
-37
-25
92
-120
-115
64
-60
-54
14
-37
-24
-15
26
-47
-137
-9
95
25
-21
-54
-71
-57
-12
119
-13
-39
16
-32
-132
6
124
-22
9
-12
-116
-59
38
95
-46
-1
-48
-162
36
-36
41
93
-78
-143
-31
5
10
60
13
-151
-82
-62
60
144
-60
-151
-63
29
-63
-17
149
-67
-114
-34
-86
-72
56
100
-75
-68
-95
-115
17
26
-8
-82
-32
17
-75
-85
28
-49
-40
26
-35
-51
-96
-17
-5
-52
-75
2
-7
-160
-87
-9
8
-54
-123
-17
-92
-145
15
80
-133
-154
-9
-51
-163
-5
36
-126
-57
8
-161
-118
58
-21
-91
-1
-80
-96
-97
-93
19
-17
-65
-60
-98
-84
-95
72
-2
-79
-84
-95
-14
31
-36
-59
25
-45
-74
-61
8
28
-49
-34
-50
-48
-56
38
75
-42
-131
-67
42
-43
27
62
-53
-111
-59
4
23
-26
54
7
-97
-117
30
53
3
31
-43
-100
-113
61
90
-10
3
-72
-125
-39
52
37
42
-8
-42
-91
-43
71
69
-3
-3
-61
-113
7
77
-30
-92
-51
9
-46
-44
15
-33
-132
-19
44
-22
27
-4
-78
-171
-13
80
45
43
-70
-149
-113
-24
108
25
-52
-97
-80
-79
-35
85
-24
-113
-74
-62
-47
13
-19
-93
-162
-96
-36
-26
-48
-33
-110
-186
-50
-4
-57
-22
-39
-96
-117
-77
5
-18
-34
-72
-76
-97
-43
11
-28
-102
-48
-53
-63
-12
-2
-38
-39
-86
-95
-11
25
-20
-28
-36
-85
-103
-7
47
13
-27
-68
-84
-56
20
37
35
29
-95
-81
-3
57
21
-1
18
-61
-66
33
63
-20
-36
10
-57
-18
18
54
-12
-86
-7
-25
-25
36
-49
-63
-39
-59
-4
67
-44
-60
-5
-47
-25
47
24
-9
-7
-28
-53
11
112
-17
-93
35
1
-100
61
90
-65
-90
27
-17
-45
-10
27
-81
-51
40
-28
-39
-8
-38
-24
13
20
-36
-43
-20
9
8
-11
-7
-51
-32
-6
-3
10
-30
-76
-52
-21
-64
7
29
-56
-98
-38
-30
-5
-6
-49
-91
-23
-43
-39
-30
-44
-69
-26
2
-26
-73
-49
-31
-60
-39
32
15
-58
-84
-83
-42
-9
22
-3
-90
-107
-34
-21
-3
-32
-68
-28
-55
-71
3
-8
-61
-23
-25
-69
-64
6
36
-63
-57
-7
-36
-5
53
-33
-61
30
34
-16
-21
-3
4
4
-18
37
-18
-35
37
24
-12
-15
-6
38
18
-23
-23
3
3
13
28
-12
-40
-26
20
-13
-3
-19
-10
-3
-40
-25
23
6
-50
-27
-7
-39
24
33
-51
-51
-11
-11
-10
29
-6
-48
-39
8
20
-9
-31
-39
-38
-4
8
11
-16
-65
-47
-10
36
7
-13
-38
-77
-31
56
76
-7
-84
-67
-45
45
64
13
-64
-63
-40
-25
29
15
-67
-61
-57
-24
-15
-1
-19
-75
-85
-48
27
8
-60
-74
-74
-36
8
23
-53
-82
-39
-5
-15
-48
-54
-25
-18
-32
-48
-75
-24
15
-35
-87
-80
-39
10
-18
-57
-52
-69
-53
4
4
-46
-74
-15
-28
-41
-20
-14
-3
-19
-60
-51
22
35
-20
-28
-38
-15
27
50
7
-58
-48
3
43
36
-4
-66
-31
39
9
5
11
-23
-44
-16
13
-7
11
12
-31
-47
-20
20
17
-14
-24
-43
-15
24
-17
-32
3
1
-25
-28
-4
-25
1
33
-16
-52
-13
35
-14
-16
-14
-37
-22
44
6
-69
-26
7
-13
10
34
-16
-58
17
30
-10
24
17
-48
-18
11
24
20
-2
-17
-30
-2
20
38
-1
-39
-25
15
68
11
-44
-34
6
19
23
13
-27
-40
-17
8
-5
-14
1
-20
-42
-28
-8
10
-10
-47
-50
-37
-6
12
-30
-73
-56
-25
3
-16
-61
-37
-24
-26
-35
-34
-34
-5
7
-33
-50
-21
-5
1
-9
-54
-27
19
11
-44
-39
-22
-20
10
30
-21
-26
-18
14
-2
-13
10
33
6
-1
14
33
3
-3
8
3
7
4
15
11
-9
-21
-11
15
-3
-23
-10
-3
-3
-14
-11
-13
-12
-14
1
10
-11
-39
-21
-9
-4
18
-9
-38
-33
-19
11
34
14
-25
-41
-18
20
32
4
-16
-21
8
6
26
16
-31
-42
-1
27
2
-17
-11
-16
-32
-19
23
1
-45
-28
-16
-24
-5
17
-10
-46
-51
-25
13
31
-17
-49
-30
-19
-14
9
16
-24
-40
-8
4
-5
-10
14
-13
-21
-9
3
3
5
-8
-30
-6
3
-9
1
6
-21
-33
-7
-13
-41
-29
-19
-9
-42
-44
-40
-42
-27
-12
-32
-47
-39
-39
-32
1
-10
-18
-14
-17
-11
3
-6
-3
3
20
3
-7
16
19
19
15
19
9
4
7
16
17
-8
-14
4
7
-5
-12
-2
-5
-30
-40
-22
-13
-24
-14
-11
-28
-34
-20
-5
-7
-1
-2
-21
-18
2
13
12
9
5
-2
7
26
35
11
-9
3
25
38
28
2
-4
19
16
12
24
16
1
-7
5
9
-4
4
11
-5
-26
5
31
2
-18
-13
-11
9
27
24
-11
-25
1
24
33
14
-14
-2
17
18
11
16
15
4
12
17
11
5
10
14
8
15
17
14
11
3
-4
10
22
26
2
-9
7
12
12
27
14
-5
2
19
17
16
18
18
35
33
16
5
15
38
41
27
2
-9
21
34
39
29
-3
-12
5
33
34
20
10
1
4
18
28
24
9
8
6
19
34
24
11
8
11
13
34
42
15
-9
5
25
23
24
19
-3
-6
13
24
14
-1
-8
-10
10
25
12
-13
-19
-3
3
15
10
-14
-21
-5
8
4
-3
-5
-13
-3
3
5
-6
-6
0
1
4
9
11
3
5
15
15
13
14
18
21
21
24
24
31
29
21
26
31
40
42
42
37
27
30
39
50
47
43
39
32
34
42
45
43
33
24
20
33
31
14
3
2
3
3
-1
-16
-38
-36
-27
-26
-42
-53
-63
-70
-55
-44
-51
-65
-74
-68
-65
-44
-45
-56
-52
-45
-39
-30
-14
-13
-15
-2
6
8
17
34
40
34
39
48
57
65
66
61
64
77
85
83
74
71
78
90
99
91
78
79
87
90
92
87
70
66
75
81
71
58
54
48
38
35
22
7
-8
-7
-20
-46
-68
-84
-87
-96
-121
-148
-169
-170
-180
-184
-196
-215
-218
-210
-200
-196
-193
-179
-166
-145
-125
-98
-81
-63
-30
-1
23
46
74
97
117
141
163
181
195
207
217
218
228
233
237
232
223
221
216
211
201
187
178
166
158
143
134
123
106
101
90
77
60
49
33
14
6
3
-8
-35
-71
-88
-100
-118
-140
-159
-184
-209
-224
-234
-252
-263
-264
-257
-259
-257
-255
-236
-208
-179
-165
-147
-120
-85
-52
-15
6
20
48
92
126
137
150
164
190
209
229
225
222
224
238
244
240
221
211
207
210
193
178
167
160
150
141
133
115
103
104
103
93
79
75
75
71
70
62
56
47
46
42
32
19
-1
-10
-15
-37
-68
-92
-105
-137
-163
-177
-222
-231
-218
-222
-279
-307
-282
-265
-249
-233
-236
-251
-211
-160
-115
-113
-78
-59
-15
23
65
81
111
145
167
189
213
229
233
256
264
260
247
256
254
250
231
213
184
186
178
167
132
103
87
88
89
70
41
32
32
39
37
24
13
9
29
31
24
9
14
20
21
12
-9
-28
-34
-39
-52
-93
-138
-169
-180
-176
-197
-239
-286
-291
-273
-265
-272
-282
-282
-262
-221
-189
-179
-156
-114
-67
-34
-3
26
61
105
149
166
182
203
240
260
277
272
268
272
288
284
263
240
223
208
199
184
152
120
100
84
61
50
36
19
3
-3
-15
-20
-11
-10
-16
-18
-13
-6
-1
13
16
9
9
12
16
6
3
-13
-32
-52
-69
-96
-134
-168
-201
-219
-203
-221
-263
-306
-305
-294
-273
-240
-227
-248
-229
-187
-124
-93
-48
-21
8
41
90
130
171
196
221
233
264
272
288
300
310
293
268
263
252
235
218
193
155
123
98
78
52
34
8
-12
-33
-43
-55
-53
-49
-51
-49
-47
-44
-31
-11
9
10
13
23
33
47
56
61
47
39
33
28
20
3
-23
-60
-94
-131
-176
-212
-204
-171
-210
-284
-328
-307
-279
-225
-198
-205
-245
-202
-140
-69
-30
6
26
49
95
131
173
219
252
250
254
270
274
282
312
312
270
228
218
210
194
183
145
92
58
52
43
14
-13
-32
-40
-41
-46
-56
-56
-40
-27
-20
-16
-13
3
32
59
57
49
59
73
85
88
82
68
55
53
42
14
-18
-45
-65
-101
-153
-213
-249
-212
-174
-219
-307
-344
-316
-271
-200
-166
-190
-231
-166
-89
-21
6
51
77
104
138
171
196
242
278
286
274
261
246
261
299
289
232
179
163
153
136
123
83
38
16
2
-15
-46
-50
-46
-44
-46
-64
-66
-42
-10
12
19
20
22
45
82
101
97
92
106
109
115
109
95
81
69
60
29
-10
-36
-71
-100
-149
-209
-269
-263
-211
-234
-309
-361
-345
-328
-267
-204
-189
-230
-195
-123
-62
-29
30
78
108
142
163
184
213
266
288
294
281
257
240
263
278
251
202
178
149
113
94
79
48
24
22
-8
-53
-71
-53
-31
-25
-25
-43
-47
-17
21
44
48
56
66
82
99
104
105
117
129
118
97
82
68
60
52
32
-15
-54
-71
-97
-145
-193
-242
-289
-299
-249
-260
-311
-365
-342
-327
-278
-219
-174
-183
-161
-100
-59
-17
36
112
139
172
179
190
207
256
282
284
277
253
225
219
225
208
170
156
126
84
48
33
16
9
-2
-21
-56
-65
-58
-39
-25
-13
-15
-6
18
31
48
71
99
112
118
124
113
116
136
146
137
113
92
71
54
40
14
-19
-46
-79
-118
-170
-218
-274
-307
-288
-253
-279
-347
-370
-352
-330
-268
-208
-167
-186
-141
-93
-42
-5
63
131
163
178
184
191
218
256
284
291
275
236
213
214
210
187
162
151
118
69
43
24
6
6
14
6
-35
-53
-44
-21
1
19
33
45
53
67
78
100
121
147
159
157
137
129
136
139
131
117
96
73
41
20
-13
-40
-63
-82
-117
-174
-238
-292
-321
-303
-262
-282
-329
-366
-346
-335
-276
-226
-168
-157
-106
-69
-41
-12
61
136
189
207
215
209
228
258
282
291
298
274
255
225
207
174
164
166
154
107
66
32
6
8
17
19
-5
-19
-16
-16
-10
6
32
58
77
84
85
91
103
123
147
158
152
140
138
125
107
97
93
86
61
32
-4
-41
-59
-75
-94
-133
-170
-220
-267
-310
-319
-285
-279
-281
-309
-307
-313
-283
-220
-157
-118
-84
-27
-5
19
54
117
173
211
244
243
238
233
252
259
272
264
251
230
196
159
127
125
120
97
74
45
8
-21
-18
-9
-13
-15
-3
2
-7
-2
16
38
61
91
105
104
99
111
123
137
140
140
133
122
101
81
66
58
44
32
7
-26
-59
-85
-110
-140
